#3282916
#RoundToken_contract
#368
#Driver.COVERAGE
#0.5
#0.1
call_count, calls_rejected, percent_rejected, lines_covered, percent_covered, unique_paths, unique_transitions 
0, 0, 0.00, 0, 0.00, 0, 0
1, 0, 0.00, 40, 10.87, 1, 1
2, 1, 50.00, 40, 10.87, 1, 1
3, 2, 66.67, 40, 10.87, 1, 1
4, 3, 75.00, 40, 10.87, 1, 1
5, 4, 80.00, 40, 10.87, 1, 1
6, 5, 83.33, 40, 10.87, 1, 1
7, 5, 71.43, 99, 26.90, 2, 2
8, 5, 62.50, 99, 26.90, 2, 3
9, 6, 66.67, 99, 26.90, 2, 3
10, 7, 70.00, 99, 26.90, 2, 3
11, 8, 72.73, 99, 26.90, 2, 3
12, 9, 75.00, 99, 26.90, 2, 3
13, 9, 69.23, 99, 26.90, 2, 4
14, 10, 71.43, 99, 26.90, 2, 4
15, 11, 73.33, 99, 26.90, 2, 4
16, 11, 68.75, 99, 26.90, 2, 5
17, 11, 64.71, 99, 26.90, 2, 6
18, 12, 66.67, 99, 26.90, 2, 6
19, 12, 63.16, 99, 26.90, 2, 7
20, 13, 65.00, 99, 26.90, 2, 7
21, 14, 66.67, 99, 26.90, 2, 7
22, 15, 68.18, 99, 26.90, 2, 7
23, 16, 69.57, 99, 26.90, 2, 7
24, 17, 70.83, 99, 26.90, 2, 7
25, 17, 68.00, 99, 26.90, 2, 8
26, 18, 69.23, 99, 26.90, 2, 8
27, 19, 70.37, 99, 26.90, 2, 8
28, 20, 71.43, 99, 26.90, 2, 8
29, 21, 72.41, 99, 26.90, 2, 8
30, 22, 73.33, 99, 26.90, 2, 8
31, 23, 74.19, 99, 26.90, 2, 8
32, 24, 75.00, 99, 26.90, 2, 8
33, 25, 75.76, 99, 26.90, 2, 8
34, 26, 76.47, 99, 26.90, 2, 8
35, 27, 77.14, 99, 26.90, 2, 8
36, 27, 75.00, 99, 26.90, 2, 9
37, 27, 72.97, 99, 26.90, 2, 10
38, 28, 73.68, 99, 26.90, 2, 10
39, 28, 71.79, 99, 26.90, 2, 11
40, 28, 70.00, 193, 52.45, 3, 12
41, 29, 70.73, 193, 52.45, 3, 12
42, 29, 69.05, 193, 52.45, 3, 13
43, 29, 67.44, 193, 52.45, 3, 14
44, 29, 65.91, 193, 52.45, 3, 15
45, 30, 66.67, 193, 52.45, 3, 15
46, 31, 67.39, 193, 52.45, 3, 15
47, 31, 65.96, 193, 52.45, 3, 16
48, 32, 66.67, 193, 52.45, 3, 16
49, 33, 67.35, 193, 52.45, 3, 16
50, 34, 68.00, 193, 52.45, 3, 16
51, 34, 66.67, 193, 52.45, 3, 17
52, 34, 65.38, 193, 52.45, 3, 18
53, 35, 66.04, 193, 52.45, 3, 18
54, 35, 64.81, 193, 52.45, 3, 19
55, 36, 65.45, 193, 52.45, 3, 19
56, 37, 66.07, 193, 52.45, 3, 19
57, 37, 64.91, 193, 52.45, 3, 20
58, 37, 63.79, 193, 52.45, 3, 21
59, 37, 62.71, 193, 52.45, 3, 22
60, 38, 63.33, 193, 52.45, 3, 22
61, 39, 63.93, 193, 52.45, 3, 22
62, 40, 64.52, 193, 52.45, 3, 22
63, 41, 65.08, 193, 52.45, 3, 22
64, 41, 64.06, 193, 52.45, 3, 23
65, 41, 63.08, 193, 52.45, 3, 24
66, 42, 63.64, 193, 52.45, 3, 24
67, 42, 62.69, 193, 52.45, 3, 25
68, 43, 63.24, 193, 52.45, 3, 25
69, 44, 63.77, 193, 52.45, 3, 25
70, 45, 64.29, 193, 52.45, 3, 25
71, 45, 63.38, 193, 52.45, 3, 26
72, 45, 62.50, 193, 52.45, 3, 27
73, 46, 63.01, 193, 52.45, 3, 27
74, 47, 63.51, 193, 52.45, 3, 27
75, 48, 64.00, 193, 52.45, 3, 27
76, 49, 64.47, 193, 52.45, 3, 27
77, 49, 63.64, 193, 52.45, 3, 28
78, 50, 64.10, 193, 52.45, 3, 28
79, 51, 64.56, 193, 52.45, 3, 28
80, 52, 65.00, 193, 52.45, 3, 28
81, 53, 65.43, 193, 52.45, 3, 28
82, 53, 64.63, 193, 52.45, 3, 28
83, 54, 65.06, 193, 52.45, 3, 28
84, 55, 65.48, 193, 52.45, 3, 28
85, 55, 64.71, 193, 52.45, 3, 29
86, 56, 65.12, 193, 52.45, 3, 29
87, 56, 64.37, 193, 52.45, 3, 30
88, 57, 64.77, 193, 52.45, 3, 30
89, 58, 65.17, 193, 52.45, 3, 30
90, 58, 64.44, 193, 52.45, 3, 31
91, 58, 63.74, 193, 52.45, 3, 32
92, 59, 64.13, 193, 52.45, 3, 32
93, 60, 64.52, 193, 52.45, 3, 32
94, 61, 64.89, 193, 52.45, 3, 32
95, 62, 65.26, 193, 52.45, 3, 32
96, 63, 65.62, 193, 52.45, 3, 32
97, 64, 65.98, 193, 52.45, 3, 32
98, 65, 66.33, 193, 52.45, 3, 32
99, 66, 66.67, 193, 52.45, 3, 32
100, 67, 67.00, 193, 52.45, 3, 32
101, 68, 67.33, 193, 52.45, 3, 32
102, 69, 67.65, 193, 52.45, 3, 32
103, 70, 67.96, 193, 52.45, 3, 32
104, 71, 68.27, 193, 52.45, 3, 32
105, 72, 68.57, 193, 52.45, 3, 32
106, 73, 68.87, 193, 52.45, 3, 32
107, 74, 69.16, 193, 52.45, 3, 32
108, 75, 69.44, 193, 52.45, 3, 32
109, 76, 69.72, 193, 52.45, 3, 32
110, 77, 70.00, 193, 52.45, 3, 32
111, 77, 69.37, 193, 52.45, 3, 33
112, 78, 69.64, 193, 52.45, 3, 33
113, 78, 69.03, 193, 52.45, 3, 34
114, 79, 69.30, 193, 52.45, 3, 34
115, 80, 69.57, 193, 52.45, 3, 34
116, 81, 69.83, 193, 52.45, 3, 34
117, 81, 69.23, 193, 52.45, 3, 35
118, 81, 68.64, 193, 52.45, 3, 36
119, 81, 68.07, 193, 52.45, 3, 37
120, 81, 67.50, 193, 52.45, 3, 38
121, 81, 66.94, 193, 52.45, 3, 39
122, 82, 67.21, 193, 52.45, 3, 39
123, 82, 66.67, 193, 52.45, 3, 40
124, 82, 66.13, 193, 52.45, 3, 41
125, 83, 66.40, 193, 52.45, 3, 41
126, 84, 66.67, 193, 52.45, 3, 41
127, 84, 66.14, 193, 52.45, 3, 42
128, 85, 66.41, 193, 52.45, 3, 42
129, 85, 65.89, 193, 52.45, 3, 43
130, 85, 65.38, 193, 52.45, 3, 44
131, 86, 65.65, 193, 52.45, 3, 44
132, 86, 65.15, 193, 52.45, 3, 45
133, 87, 65.41, 193, 52.45, 3, 45
134, 88, 65.67, 193, 52.45, 3, 45
135, 89, 65.93, 193, 52.45, 3, 45
136, 90, 66.18, 193, 52.45, 3, 45
137, 90, 65.69, 193, 52.45, 3, 46
138, 91, 65.94, 193, 52.45, 3, 46
139, 92, 66.19, 193, 52.45, 3, 46
140, 93, 66.43, 193, 52.45, 3, 46
141, 94, 66.67, 193, 52.45, 3, 46
142, 95, 66.90, 193, 52.45, 3, 46
143, 96, 67.13, 193, 52.45, 3, 46
144, 96, 66.67, 193, 52.45, 3, 47
145, 96, 66.21, 193, 52.45, 3, 48
146, 97, 66.44, 193, 52.45, 3, 48
147, 98, 66.67, 193, 52.45, 3, 48
148, 99, 66.89, 193, 52.45, 3, 48
149, 99, 66.44, 193, 52.45, 3, 49
150, 99, 66.00, 193, 52.45, 3, 50
151, 100, 66.23, 193, 52.45, 3, 50
152, 100, 65.79, 193, 52.45, 3, 51
153, 101, 66.01, 193, 52.45, 3, 51
154, 102, 66.23, 193, 52.45, 3, 51
155, 102, 65.81, 193, 52.45, 3, 52
156, 102, 65.38, 193, 52.45, 3, 53
157, 102, 64.97, 193, 52.45, 3, 53
158, 102, 64.56, 193, 52.45, 3, 54
159, 103, 64.78, 193, 52.45, 3, 54
160, 104, 65.00, 193, 52.45, 3, 54
161, 104, 64.60, 193, 52.45, 3, 55
162, 104, 64.20, 193, 52.45, 3, 56
163, 105, 64.42, 193, 52.45, 3, 56
164, 106, 64.63, 193, 52.45, 3, 56
165, 107, 64.85, 193, 52.45, 3, 56
166, 108, 65.06, 193, 52.45, 3, 56
167, 108, 64.67, 193, 52.45, 3, 57
168, 108, 64.29, 193, 52.45, 3, 58
169, 109, 64.50, 193, 52.45, 3, 58
170, 110, 64.71, 193, 52.45, 3, 58
171, 110, 64.33, 193, 52.45, 3, 59
172, 111, 64.53, 193, 52.45, 3, 59
173, 111, 64.16, 193, 52.45, 3, 60
174, 112, 64.37, 193, 52.45, 3, 60
175, 113, 64.57, 193, 52.45, 3, 60
176, 113, 64.20, 193, 52.45, 3, 61
177, 114, 64.41, 193, 52.45, 3, 61
178, 114, 64.04, 193, 52.45, 3, 62
179, 115, 64.25, 193, 52.45, 3, 62
180, 115, 63.89, 193, 52.45, 3, 63
181, 115, 63.54, 193, 52.45, 3, 64
182, 116, 63.74, 193, 52.45, 3, 64
183, 116, 63.39, 193, 52.45, 3, 65
184, 117, 63.59, 193, 52.45, 3, 65
185, 118, 63.78, 193, 52.45, 3, 65
186, 119, 63.98, 193, 52.45, 3, 65
187, 120, 64.17, 193, 52.45, 3, 65
188, 121, 64.36, 193, 52.45, 3, 65
189, 122, 64.55, 193, 52.45, 3, 65
190, 123, 64.74, 193, 52.45, 3, 65
191, 124, 64.92, 193, 52.45, 3, 65
192, 125, 65.10, 193, 52.45, 3, 65
193, 126, 65.28, 193, 52.45, 3, 65
194, 127, 65.46, 193, 52.45, 3, 65
195, 127, 65.13, 193, 52.45, 3, 66
196, 128, 65.31, 193, 52.45, 3, 66
197, 129, 65.48, 193, 52.45, 3, 66
198, 130, 65.66, 193, 52.45, 3, 66
199, 130, 65.33, 193, 52.45, 3, 67
200, 131, 65.50, 193, 52.45, 3, 67
201, 132, 65.67, 193, 52.45, 3, 67
202, 133, 65.84, 193, 52.45, 3, 67
203, 133, 65.52, 193, 52.45, 3, 68
204, 134, 65.69, 193, 52.45, 3, 68
205, 135, 65.85, 193, 52.45, 3, 68
206, 135, 65.53, 193, 52.45, 3, 69
207, 136, 65.70, 193, 52.45, 3, 69
208, 137, 65.87, 193, 52.45, 3, 69
209, 137, 65.55, 193, 52.45, 3, 70
210, 138, 65.71, 193, 52.45, 3, 70
211, 139, 65.88, 193, 52.45, 3, 70
212, 139, 65.57, 193, 52.45, 3, 71
213, 140, 65.73, 193, 52.45, 3, 71
214, 140, 65.42, 193, 52.45, 3, 72
215, 140, 65.12, 193, 52.45, 3, 73
216, 141, 65.28, 193, 52.45, 3, 73
217, 141, 64.98, 193, 52.45, 3, 73
218, 141, 64.68, 193, 52.45, 3, 74
219, 141, 64.38, 193, 52.45, 3, 75
220, 142, 64.55, 193, 52.45, 3, 75
221, 143, 64.71, 193, 52.45, 3, 75
222, 144, 64.86, 193, 52.45, 3, 75
223, 145, 65.02, 193, 52.45, 3, 75
224, 146, 65.18, 193, 52.45, 3, 75
225, 147, 65.33, 193, 52.45, 3, 75
226, 147, 65.04, 193, 52.45, 3, 76
227, 147, 64.76, 193, 52.45, 3, 77
228, 147, 64.47, 193, 52.45, 3, 78
229, 147, 64.19, 193, 52.45, 3, 79
230, 148, 64.35, 193, 52.45, 3, 79
231, 148, 64.07, 193, 52.45, 3, 80
232, 149, 64.22, 193, 52.45, 3, 80
233, 150, 64.38, 193, 52.45, 3, 80
234, 151, 64.53, 193, 52.45, 3, 80
235, 152, 64.68, 193, 52.45, 3, 80
236, 152, 64.41, 193, 52.45, 3, 81
237, 153, 64.56, 193, 52.45, 3, 81
238, 154, 64.71, 193, 52.45, 3, 81
239, 155, 64.85, 193, 52.45, 3, 81
240, 155, 64.58, 193, 52.45, 3, 82
241, 155, 64.32, 252, 68.48, 4, 83
242, 155, 64.05, 252, 68.48, 4, 84
243, 156, 64.20, 252, 68.48, 4, 84
244, 157, 64.34, 252, 68.48, 4, 84
245, 157, 64.08, 252, 68.48, 4, 85
246, 158, 64.23, 252, 68.48, 4, 85
247, 159, 64.37, 252, 68.48, 4, 85
248, 160, 64.52, 252, 68.48, 4, 85
249, 160, 64.26, 252, 68.48, 4, 86
250, 160, 64.00, 252, 68.48, 4, 87
251, 161, 64.14, 252, 68.48, 4, 87
252, 162, 64.29, 252, 68.48, 4, 87
253, 162, 64.03, 252, 68.48, 4, 88
254, 162, 63.78, 252, 68.48, 4, 89
255, 162, 63.53, 252, 68.48, 4, 90
256, 162, 63.28, 252, 68.48, 4, 91
257, 163, 63.42, 252, 68.48, 4, 91
258, 163, 63.18, 252, 68.48, 4, 92
259, 164, 63.32, 252, 68.48, 4, 92
260, 165, 63.46, 252, 68.48, 4, 92
261, 165, 63.22, 252, 68.48, 4, 93
262, 166, 63.36, 252, 68.48, 4, 93
263, 166, 63.12, 252, 68.48, 4, 94
264, 166, 62.88, 252, 68.48, 4, 95
265, 167, 63.02, 252, 68.48, 4, 95
266, 167, 62.78, 252, 68.48, 4, 96
267, 168, 62.92, 252, 68.48, 4, 96
268, 169, 63.06, 252, 68.48, 4, 96
269, 170, 63.20, 252, 68.48, 4, 96
270, 170, 62.96, 252, 68.48, 4, 97
271, 171, 63.10, 252, 68.48, 4, 97
272, 171, 62.87, 252, 68.48, 4, 98
273, 171, 62.64, 252, 68.48, 4, 99
274, 171, 62.41, 252, 68.48, 4, 100
275, 171, 62.18, 252, 68.48, 4, 101
276, 171, 61.96, 252, 68.48, 4, 102
277, 171, 61.73, 252, 68.48, 4, 103
278, 172, 61.87, 252, 68.48, 4, 103
279, 172, 61.65, 252, 68.48, 4, 104
280, 173, 61.79, 252, 68.48, 4, 104
281, 174, 61.92, 252, 68.48, 4, 104
282, 175, 62.06, 252, 68.48, 4, 104
283, 176, 62.19, 252, 68.48, 4, 104
284, 176, 61.97, 252, 68.48, 4, 105
285, 176, 61.75, 252, 68.48, 4, 106
286, 176, 61.54, 252, 68.48, 4, 107
287, 177, 61.67, 252, 68.48, 4, 107
288, 178, 61.81, 252, 68.48, 4, 107
289, 178, 61.59, 252, 68.48, 4, 108
290, 178, 61.38, 252, 68.48, 4, 109
291, 179, 61.51, 252, 68.48, 4, 109
292, 180, 61.64, 252, 68.48, 4, 109
293, 181, 61.77, 252, 68.48, 4, 109
294, 182, 61.90, 252, 68.48, 4, 109
295, 183, 62.03, 252, 68.48, 4, 109
296, 184, 62.16, 252, 68.48, 4, 109
297, 185, 62.29, 252, 68.48, 4, 109
298, 185, 62.08, 252, 68.48, 4, 110
299, 185, 61.87, 252, 68.48, 4, 111
300, 186, 62.00, 252, 68.48, 4, 111
301, 187, 62.13, 252, 68.48, 4, 111
302, 188, 62.25, 252, 68.48, 4, 111
303, 189, 62.38, 252, 68.48, 4, 111
304, 189, 62.17, 252, 68.48, 4, 112
305, 190, 62.30, 252, 68.48, 4, 112
306, 191, 62.42, 252, 68.48, 4, 112
307, 191, 62.21, 252, 68.48, 4, 113
308, 192, 62.34, 252, 68.48, 4, 113
309, 193, 62.46, 252, 68.48, 4, 113
310, 193, 62.26, 252, 68.48, 4, 114
311, 194, 62.38, 252, 68.48, 4, 114
312, 195, 62.50, 252, 68.48, 4, 114
313, 195, 62.30, 252, 68.48, 4, 115
314, 196, 62.42, 252, 68.48, 4, 115
315, 196, 62.22, 252, 68.48, 4, 116
316, 197, 62.34, 252, 68.48, 4, 116
317, 198, 62.46, 252, 68.48, 4, 116
318, 199, 62.58, 252, 68.48, 4, 116
319, 199, 62.38, 252, 68.48, 4, 117
320, 200, 62.50, 252, 68.48, 4, 117
321, 201, 62.62, 252, 68.48, 4, 117
322, 201, 62.42, 252, 68.48, 4, 118
323, 202, 62.54, 252, 68.48, 4, 118
324, 203, 62.65, 252, 68.48, 4, 118
325, 203, 62.46, 252, 68.48, 4, 119
326, 204, 62.58, 252, 68.48, 4, 119
327, 204, 62.39, 252, 68.48, 4, 120
328, 205, 62.50, 252, 68.48, 4, 120
329, 206, 62.61, 252, 68.48, 4, 120
330, 206, 62.42, 252, 68.48, 4, 121
331, 206, 62.24, 252, 68.48, 4, 122
332, 207, 62.35, 252, 68.48, 4, 122
333, 207, 62.16, 252, 68.48, 4, 123
334, 207, 61.98, 252, 68.48, 4, 124
335, 207, 61.79, 252, 68.48, 4, 125
336, 207, 61.61, 252, 68.48, 4, 126
337, 208, 61.72, 252, 68.48, 4, 126
338, 208, 61.54, 252, 68.48, 4, 127
339, 208, 61.36, 252, 68.48, 4, 128
340, 209, 61.47, 252, 68.48, 4, 128
341, 209, 61.29, 252, 68.48, 4, 129
342, 210, 61.40, 252, 68.48, 4, 129
343, 210, 61.22, 252, 68.48, 4, 130
344, 211, 61.34, 252, 68.48, 4, 130
345, 212, 61.45, 252, 68.48, 4, 130
346, 213, 61.56, 252, 68.48, 4, 130
347, 213, 61.38, 252, 68.48, 4, 131
348, 214, 61.49, 252, 68.48, 4, 131
349, 215, 61.60, 252, 68.48, 4, 131
350, 216, 61.71, 252, 68.48, 4, 131
351, 217, 61.82, 252, 68.48, 4, 131
352, 217, 61.65, 252, 68.48, 4, 132
353, 218, 61.76, 252, 68.48, 4, 132
354, 218, 61.58, 252, 68.48, 4, 133
355, 219, 61.69, 252, 68.48, 4, 133
356, 219, 61.52, 252, 68.48, 4, 134
357, 219, 61.34, 252, 68.48, 4, 135
358, 220, 61.45, 252, 68.48, 4, 135
359, 220, 61.28, 252, 68.48, 4, 136
360, 221, 61.39, 252, 68.48, 4, 136
361, 222, 61.50, 252, 68.48, 4, 136
362, 222, 61.33, 252, 68.48, 4, 137
363, 222, 61.16, 252, 68.48, 4, 138
364, 223, 61.26, 252, 68.48, 4, 138
365, 223, 61.10, 252, 68.48, 4, 139
366, 224, 61.20, 252, 68.48, 4, 139
367, 225, 61.31, 252, 68.48, 4, 139
368, 225, 61.14, 252, 68.48, 4, 140
369, 226, 61.25, 252, 68.48, 4, 140
370, 227, 61.35, 252, 68.48, 4, 140
371, 228, 61.46, 252, 68.48, 4, 140
372, 228, 61.29, 252, 68.48, 4, 141
373, 229, 61.39, 252, 68.48, 4, 141
374, 230, 61.50, 252, 68.48, 4, 141
375, 230, 61.33, 252, 68.48, 4, 142
376, 230, 61.17, 252, 68.48, 4, 143
377, 230, 61.01, 252, 68.48, 4, 144
378, 230, 60.85, 252, 68.48, 4, 145
379, 230, 60.69, 252, 68.48, 4, 146
380, 231, 60.79, 252, 68.48, 4, 146
381, 232, 60.89, 252, 68.48, 4, 146
382, 232, 60.73, 252, 68.48, 4, 147
383, 233, 60.84, 252, 68.48, 4, 147
384, 234, 60.94, 252, 68.48, 4, 147
385, 235, 61.04, 252, 68.48, 4, 147
386, 235, 60.88, 252, 68.48, 4, 148
387, 235, 60.72, 252, 68.48, 4, 149
388, 235, 60.57, 252, 68.48, 4, 149
389, 236, 60.67, 252, 68.48, 4, 149
390, 237, 60.77, 252, 68.48, 4, 149
391, 237, 60.61, 252, 68.48, 4, 150
392, 238, 60.71, 252, 68.48, 4, 150
393, 239, 60.81, 252, 68.48, 4, 150
394, 240, 60.91, 252, 68.48, 4, 150
395, 240, 60.76, 252, 68.48, 4, 151
396, 240, 60.61, 252, 68.48, 4, 152
397, 240, 60.45, 252, 68.48, 4, 153
398, 241, 60.55, 252, 68.48, 4, 153
399, 242, 60.65, 252, 68.48, 4, 153
400, 243, 60.75, 252, 68.48, 4, 153
401, 244, 60.85, 252, 68.48, 4, 153
402, 245, 60.95, 252, 68.48, 4, 153
403, 246, 61.04, 252, 68.48, 4, 153
404, 247, 61.14, 252, 68.48, 4, 153
405, 248, 61.23, 252, 68.48, 4, 153
406, 249, 61.33, 252, 68.48, 4, 153
407, 249, 61.18, 252, 68.48, 4, 154
408, 249, 61.03, 252, 68.48, 4, 155
409, 250, 61.12, 252, 68.48, 4, 155
410, 251, 61.22, 252, 68.48, 4, 155
411, 252, 61.31, 252, 68.48, 4, 155
412, 253, 61.41, 252, 68.48, 4, 155
413, 254, 61.50, 252, 68.48, 4, 155
414, 254, 61.35, 252, 68.48, 4, 156
415, 255, 61.45, 252, 68.48, 4, 156
416, 255, 61.30, 252, 68.48, 4, 157
417, 256, 61.39, 252, 68.48, 4, 157
418, 257, 61.48, 252, 68.48, 4, 157
419, 257, 61.34, 252, 68.48, 4, 158
420, 257, 61.19, 252, 68.48, 4, 159
421, 258, 61.28, 252, 68.48, 4, 159
422, 258, 61.14, 252, 68.48, 4, 160
423, 259, 61.23, 252, 68.48, 4, 160
424, 260, 61.32, 252, 68.48, 4, 160
425, 260, 61.18, 252, 68.48, 4, 161
426, 260, 61.03, 252, 68.48, 4, 162
427, 260, 60.89, 252, 68.48, 4, 162
428, 260, 60.75, 252, 68.48, 4, 163
429, 261, 60.84, 252, 68.48, 4, 163
430, 262, 60.93, 252, 68.48, 4, 163
431, 262, 60.79, 252, 68.48, 4, 164
432, 262, 60.65, 252, 68.48, 4, 165
433, 262, 60.51, 252, 68.48, 4, 166
434, 263, 60.60, 252, 68.48, 4, 166
435, 264, 60.69, 252, 68.48, 4, 166
436, 265, 60.78, 252, 68.48, 4, 166
437, 266, 60.87, 252, 68.48, 4, 166
438, 266, 60.73, 252, 68.48, 4, 167
439, 267, 60.82, 252, 68.48, 4, 167
440, 267, 60.68, 252, 68.48, 4, 168
441, 268, 60.77, 252, 68.48, 4, 168
442, 269, 60.86, 252, 68.48, 4, 168
443, 269, 60.72, 252, 68.48, 4, 169
444, 270, 60.81, 252, 68.48, 4, 169
445, 270, 60.67, 252, 68.48, 4, 170
446, 270, 60.54, 252, 68.48, 4, 171
447, 270, 60.40, 252, 68.48, 4, 172
448, 270, 60.27, 252, 68.48, 4, 173
449, 270, 60.13, 252, 68.48, 4, 174
450, 271, 60.22, 252, 68.48, 4, 174
451, 272, 60.31, 252, 68.48, 4, 174
452, 273, 60.40, 252, 68.48, 4, 174
453, 273, 60.26, 252, 68.48, 4, 175
454, 273, 60.13, 252, 68.48, 4, 176
455, 274, 60.22, 252, 68.48, 4, 176
456, 275, 60.31, 252, 68.48, 4, 176
457, 276, 60.39, 252, 68.48, 4, 176
458, 276, 60.26, 252, 68.48, 4, 177
459, 277, 60.35, 252, 68.48, 4, 177
460, 278, 60.43, 252, 68.48, 4, 177
461, 279, 60.52, 252, 68.48, 4, 177
462, 280, 60.61, 252, 68.48, 4, 177
463, 281, 60.69, 252, 68.48, 4, 177
464, 281, 60.56, 252, 68.48, 4, 178
465, 281, 60.43, 252, 68.48, 4, 179
466, 281, 60.30, 252, 68.48, 4, 180
467, 281, 60.17, 252, 68.48, 4, 181
468, 282, 60.26, 252, 68.48, 4, 181
469, 283, 60.34, 252, 68.48, 4, 181
470, 283, 60.21, 252, 68.48, 4, 182
471, 284, 60.30, 252, 68.48, 4, 182
472, 284, 60.17, 252, 68.48, 4, 183
473, 285, 60.25, 252, 68.48, 4, 183
474, 285, 60.13, 252, 68.48, 4, 184
475, 286, 60.21, 252, 68.48, 4, 184
476, 286, 60.08, 252, 68.48, 4, 185
477, 286, 59.96, 252, 68.48, 4, 186
478, 286, 59.83, 252, 68.48, 4, 187
479, 286, 59.71, 252, 68.48, 4, 188
480, 287, 59.79, 252, 68.48, 4, 188
481, 288, 59.88, 252, 68.48, 4, 188
482, 289, 59.96, 252, 68.48, 4, 188
483, 289, 59.83, 252, 68.48, 4, 189
484, 290, 59.92, 252, 68.48, 4, 189
485, 290, 59.79, 252, 68.48, 4, 190
486, 291, 59.88, 252, 68.48, 4, 190
487, 292, 59.96, 252, 68.48, 4, 190
488, 293, 60.04, 252, 68.48, 4, 190
489, 294, 60.12, 252, 68.48, 4, 190
490, 295, 60.20, 252, 68.48, 4, 190
491, 296, 60.29, 252, 68.48, 4, 190
492, 297, 60.37, 252, 68.48, 4, 190
493, 298, 60.45, 252, 68.48, 4, 190
494, 298, 60.32, 252, 68.48, 4, 191
495, 299, 60.40, 252, 68.48, 4, 191
496, 300, 60.48, 252, 68.48, 4, 191
497, 301, 60.56, 252, 68.48, 4, 191
498, 302, 60.64, 252, 68.48, 4, 191
499, 303, 60.72, 252, 68.48, 4, 191
500, 304, 60.80, 252, 68.48, 4, 191
501, 304, 60.68, 252, 68.48, 4, 192
502, 305, 60.76, 252, 68.48, 4, 192
503, 306, 60.83, 252, 68.48, 4, 192
504, 307, 60.91, 252, 68.48, 4, 192
505, 307, 60.79, 252, 68.48, 4, 193
506, 308, 60.87, 252, 68.48, 4, 193
507, 309, 60.95, 252, 68.48, 4, 193
508, 310, 61.02, 252, 68.48, 4, 193
509, 311, 61.10, 252, 68.48, 4, 193
510, 311, 60.98, 252, 68.48, 4, 194
511, 312, 61.06, 252, 68.48, 4, 194
512, 313, 61.13, 252, 68.48, 4, 194
513, 314, 61.21, 252, 68.48, 4, 194
514, 315, 61.28, 252, 68.48, 4, 194
515, 315, 61.17, 252, 68.48, 4, 195
516, 315, 61.05, 252, 68.48, 4, 196
517, 316, 61.12, 252, 68.48, 4, 196
518, 317, 61.20, 252, 68.48, 4, 196
519, 317, 61.08, 252, 68.48, 4, 197
520, 318, 61.15, 252, 68.48, 4, 197
521, 318, 61.04, 252, 68.48, 4, 198
522, 319, 61.11, 252, 68.48, 4, 198
523, 319, 60.99, 252, 68.48, 4, 199
524, 320, 61.07, 252, 68.48, 4, 199
525, 321, 61.14, 252, 68.48, 4, 199
526, 321, 61.03, 252, 68.48, 4, 200
527, 321, 60.91, 252, 68.48, 4, 201
528, 321, 60.80, 252, 68.48, 4, 202
529, 321, 60.68, 252, 68.48, 4, 203
530, 322, 60.75, 252, 68.48, 4, 203
531, 323, 60.83, 252, 68.48, 4, 203
532, 323, 60.71, 252, 68.48, 4, 204
533, 323, 60.60, 252, 68.48, 4, 205
534, 323, 60.49, 252, 68.48, 4, 206
535, 324, 60.56, 252, 68.48, 4, 206
536, 325, 60.63, 252, 68.48, 4, 206
537, 326, 60.71, 252, 68.48, 4, 206
538, 327, 60.78, 252, 68.48, 4, 206
539, 327, 60.67, 252, 68.48, 4, 207
540, 328, 60.74, 252, 68.48, 4, 207
541, 329, 60.81, 252, 68.48, 4, 207
542, 330, 60.89, 252, 68.48, 4, 207
543, 331, 60.96, 252, 68.48, 4, 207
544, 331, 60.85, 252, 68.48, 4, 208
545, 331, 60.73, 252, 68.48, 4, 209
546, 332, 60.81, 252, 68.48, 4, 209
547, 332, 60.69, 252, 68.48, 4, 210
548, 333, 60.77, 252, 68.48, 4, 210
549, 334, 60.84, 252, 68.48, 4, 210
550, 334, 60.73, 252, 68.48, 4, 211
551, 335, 60.80, 252, 68.48, 4, 211
552, 335, 60.69, 252, 68.48, 4, 212
553, 335, 60.58, 252, 68.48, 4, 213
554, 335, 60.47, 252, 68.48, 4, 214
555, 335, 60.36, 252, 68.48, 4, 215
556, 335, 60.25, 252, 68.48, 4, 216
557, 335, 60.14, 252, 68.48, 4, 217
558, 335, 60.04, 252, 68.48, 4, 218
559, 336, 60.11, 252, 68.48, 4, 218
560, 336, 60.00, 252, 68.48, 4, 219
561, 337, 60.07, 252, 68.48, 4, 219
562, 338, 60.14, 252, 68.48, 4, 219
563, 339, 60.21, 252, 68.48, 4, 219
564, 340, 60.28, 252, 68.48, 4, 219
565, 341, 60.35, 252, 68.48, 4, 219
566, 342, 60.42, 252, 68.48, 4, 219
567, 343, 60.49, 252, 68.48, 4, 219
568, 344, 60.56, 252, 68.48, 4, 219
569, 345, 60.63, 252, 68.48, 4, 219
570, 346, 60.70, 252, 68.48, 4, 219
571, 347, 60.77, 252, 68.48, 4, 219
572, 348, 60.84, 252, 68.48, 4, 219
573, 349, 60.91, 252, 68.48, 4, 219
574, 350, 60.98, 252, 68.48, 4, 219
575, 351, 61.04, 252, 68.48, 4, 219
576, 352, 61.11, 252, 68.48, 4, 219
577, 352, 61.01, 252, 68.48, 4, 220
578, 352, 60.90, 252, 68.48, 4, 221
579, 353, 60.97, 252, 68.48, 4, 221
580, 353, 60.86, 252, 68.48, 4, 222
581, 354, 60.93, 252, 68.48, 4, 222
582, 355, 61.00, 252, 68.48, 4, 222
583, 355, 60.89, 252, 68.48, 4, 223
584, 356, 60.96, 252, 68.48, 4, 223
585, 356, 60.85, 252, 68.48, 4, 224
586, 357, 60.92, 252, 68.48, 4, 224
587, 357, 60.82, 252, 68.48, 4, 225
588, 358, 60.88, 252, 68.48, 4, 225
589, 358, 60.78, 252, 68.48, 4, 226
590, 359, 60.85, 252, 68.48, 4, 226
591, 360, 60.91, 252, 68.48, 4, 226
592, 360, 60.81, 252, 68.48, 4, 227
593, 360, 60.71, 252, 68.48, 4, 228
594, 361, 60.77, 252, 68.48, 4, 228
595, 361, 60.67, 252, 68.48, 4, 229
596, 362, 60.74, 252, 68.48, 4, 229
597, 363, 60.80, 252, 68.48, 4, 229
598, 364, 60.87, 252, 68.48, 4, 229
599, 365, 60.93, 252, 68.48, 4, 229
600, 365, 60.83, 252, 68.48, 4, 230
601, 366, 60.90, 252, 68.48, 4, 230
602, 367, 60.96, 252, 68.48, 4, 230
603, 368, 61.03, 252, 68.48, 4, 230
604, 368, 60.93, 252, 68.48, 4, 231
605, 368, 60.83, 252, 68.48, 4, 232
606, 368, 60.73, 252, 68.48, 4, 233
607, 369, 60.79, 252, 68.48, 4, 233
608, 370, 60.86, 252, 68.48, 4, 233
609, 371, 60.92, 252, 68.48, 4, 233
610, 371, 60.82, 252, 68.48, 4, 234
611, 372, 60.88, 252, 68.48, 4, 234
612, 373, 60.95, 252, 68.48, 4, 234
613, 373, 60.85, 252, 68.48, 4, 235
614, 374, 60.91, 252, 68.48, 4, 235
615, 374, 60.81, 252, 68.48, 4, 236
616, 374, 60.71, 252, 68.48, 4, 237
617, 374, 60.62, 252, 68.48, 4, 238
618, 375, 60.68, 252, 68.48, 4, 238
619, 376, 60.74, 252, 68.48, 4, 238
620, 376, 60.65, 252, 68.48, 4, 239
621, 376, 60.55, 252, 68.48, 4, 240
622, 376, 60.45, 252, 68.48, 4, 241
623, 377, 60.51, 252, 68.48, 4, 241
624, 378, 60.58, 252, 68.48, 4, 241
625, 379, 60.64, 252, 68.48, 4, 241
626, 380, 60.70, 252, 68.48, 4, 241
627, 381, 60.77, 252, 68.48, 4, 241
628, 382, 60.83, 252, 68.48, 4, 241
629, 382, 60.73, 252, 68.48, 4, 242
630, 383, 60.79, 252, 68.48, 4, 242
631, 383, 60.70, 252, 68.48, 4, 243
632, 384, 60.76, 252, 68.48, 4, 243
633, 385, 60.82, 252, 68.48, 4, 243
634, 385, 60.73, 252, 68.48, 4, 244
635, 385, 60.63, 252, 68.48, 4, 245
636, 386, 60.69, 252, 68.48, 4, 245
637, 387, 60.75, 252, 68.48, 4, 245
638, 388, 60.82, 252, 68.48, 4, 245
639, 389, 60.88, 252, 68.48, 4, 245
640, 389, 60.78, 252, 68.48, 4, 246
641, 390, 60.84, 252, 68.48, 4, 246
642, 390, 60.75, 252, 68.48, 4, 247
643, 390, 60.65, 252, 68.48, 4, 248
644, 391, 60.71, 252, 68.48, 4, 248
645, 391, 60.62, 252, 68.48, 4, 249
646, 391, 60.53, 252, 68.48, 4, 250
647, 392, 60.59, 252, 68.48, 4, 250
648, 393, 60.65, 252, 68.48, 4, 250
649, 393, 60.55, 252, 68.48, 4, 251
650, 394, 60.62, 252, 68.48, 4, 251
651, 394, 60.52, 252, 68.48, 4, 252
652, 395, 60.58, 252, 68.48, 4, 252
653, 395, 60.49, 252, 68.48, 4, 253
654, 396, 60.55, 252, 68.48, 4, 253
655, 396, 60.46, 252, 68.48, 4, 254
656, 397, 60.52, 252, 68.48, 4, 254
657, 398, 60.58, 252, 68.48, 4, 254
658, 398, 60.49, 252, 68.48, 4, 255
659, 399, 60.55, 252, 68.48, 4, 255
660, 400, 60.61, 252, 68.48, 4, 255
661, 401, 60.67, 252, 68.48, 4, 255
662, 402, 60.73, 252, 68.48, 4, 255
663, 402, 60.63, 252, 68.48, 4, 256
664, 403, 60.69, 252, 68.48, 4, 256
665, 404, 60.75, 252, 68.48, 4, 256
666, 404, 60.66, 252, 68.48, 4, 257
667, 404, 60.57, 252, 68.48, 4, 258
668, 404, 60.48, 252, 68.48, 4, 259
669, 404, 60.39, 252, 68.48, 4, 260
670, 405, 60.45, 252, 68.48, 4, 260
671, 405, 60.36, 252, 68.48, 4, 261
672, 405, 60.27, 252, 68.48, 4, 262
673, 406, 60.33, 252, 68.48, 4, 262
674, 406, 60.24, 252, 68.48, 4, 263
675, 407, 60.30, 252, 68.48, 4, 263
676, 408, 60.36, 252, 68.48, 4, 263
677, 409, 60.41, 252, 68.48, 4, 263
678, 410, 60.47, 252, 68.48, 4, 263
679, 411, 60.53, 252, 68.48, 4, 263
680, 412, 60.59, 252, 68.48, 4, 263
681, 412, 60.50, 252, 68.48, 4, 264
682, 413, 60.56, 252, 68.48, 4, 264
683, 413, 60.47, 252, 68.48, 4, 265
684, 414, 60.53, 252, 68.48, 4, 265
685, 414, 60.44, 252, 68.48, 4, 266
686, 414, 60.35, 252, 68.48, 4, 267
687, 415, 60.41, 252, 68.48, 4, 267
688, 416, 60.47, 252, 68.48, 4, 267
689, 416, 60.38, 252, 68.48, 4, 268
690, 416, 60.29, 252, 68.48, 4, 269
691, 416, 60.20, 252, 68.48, 4, 270
692, 417, 60.26, 252, 68.48, 4, 270
693, 418, 60.32, 252, 68.48, 4, 270
694, 418, 60.23, 252, 68.48, 4, 271
695, 419, 60.29, 252, 68.48, 4, 271
696, 419, 60.20, 252, 68.48, 4, 272
697, 419, 60.11, 252, 68.48, 4, 273
698, 420, 60.17, 252, 68.48, 4, 273
699, 421, 60.23, 252, 68.48, 4, 273
700, 422, 60.29, 252, 68.48, 4, 273
701, 422, 60.20, 252, 68.48, 4, 274
702, 423, 60.26, 252, 68.48, 4, 274
703, 423, 60.17, 252, 68.48, 4, 275
704, 424, 60.23, 252, 68.48, 4, 275
705, 425, 60.28, 252, 68.48, 4, 275
706, 426, 60.34, 252, 68.48, 4, 275
707, 427, 60.40, 252, 68.48, 4, 275
708, 428, 60.45, 252, 68.48, 4, 275
709, 429, 60.51, 252, 68.48, 4, 275
710, 430, 60.56, 252, 68.48, 4, 275
711, 431, 60.62, 252, 68.48, 4, 275
712, 432, 60.67, 252, 68.48, 4, 275
713, 432, 60.59, 252, 68.48, 4, 276
714, 432, 60.50, 252, 68.48, 4, 277
715, 433, 60.56, 252, 68.48, 4, 277
716, 433, 60.47, 252, 68.48, 4, 278
717, 434, 60.53, 252, 68.48, 4, 278
718, 434, 60.45, 252, 68.48, 4, 279
719, 435, 60.50, 252, 68.48, 4, 279
720, 436, 60.56, 252, 68.48, 4, 279
721, 436, 60.47, 252, 68.48, 4, 280
722, 437, 60.53, 252, 68.48, 4, 280
723, 438, 60.58, 252, 68.48, 4, 280
724, 438, 60.50, 252, 68.48, 4, 281
725, 438, 60.41, 252, 68.48, 4, 282
726, 439, 60.47, 252, 68.48, 4, 282
727, 440, 60.52, 252, 68.48, 4, 282
728, 441, 60.58, 252, 68.48, 4, 282
729, 441, 60.49, 252, 68.48, 4, 283
730, 441, 60.41, 252, 68.48, 4, 284
731, 441, 60.33, 252, 68.48, 4, 285
732, 442, 60.38, 252, 68.48, 4, 285
733, 443, 60.44, 252, 68.48, 4, 285
734, 444, 60.49, 252, 68.48, 4, 285
735, 445, 60.54, 252, 68.48, 4, 285
736, 445, 60.46, 252, 68.48, 4, 286
737, 446, 60.52, 252, 68.48, 4, 286
738, 447, 60.57, 252, 68.48, 4, 286
739, 448, 60.62, 252, 68.48, 4, 286
740, 448, 60.54, 252, 68.48, 4, 287
741, 448, 60.46, 252, 68.48, 4, 288
742, 449, 60.51, 252, 68.48, 4, 288
743, 449, 60.43, 252, 68.48, 4, 289
744, 450, 60.48, 252, 68.48, 4, 289
745, 450, 60.40, 252, 68.48, 4, 290
746, 451, 60.46, 252, 68.48, 4, 290
747, 452, 60.51, 252, 68.48, 4, 290
748, 452, 60.43, 252, 68.48, 4, 291
749, 453, 60.48, 252, 68.48, 4, 291
750, 454, 60.53, 252, 68.48, 4, 291
751, 454, 60.45, 252, 68.48, 4, 292
752, 454, 60.37, 252, 68.48, 4, 293
753, 454, 60.29, 252, 68.48, 4, 294
754, 455, 60.34, 252, 68.48, 4, 294
755, 455, 60.26, 252, 68.48, 4, 295
756, 456, 60.32, 252, 68.48, 4, 295
757, 456, 60.24, 252, 68.48, 4, 296
758, 457, 60.29, 252, 68.48, 4, 296
759, 458, 60.34, 252, 68.48, 4, 296
760, 459, 60.39, 252, 68.48, 4, 296
761, 460, 60.45, 252, 68.48, 4, 296
762, 461, 60.50, 252, 68.48, 4, 296
763, 462, 60.55, 252, 68.48, 4, 296
764, 463, 60.60, 252, 68.48, 4, 296
765, 463, 60.52, 252, 68.48, 4, 297
766, 463, 60.44, 252, 68.48, 4, 298
767, 463, 60.37, 252, 68.48, 4, 299
768, 463, 60.29, 252, 68.48, 4, 300
769, 464, 60.34, 252, 68.48, 4, 300
770, 465, 60.39, 252, 68.48, 4, 300
771, 465, 60.31, 252, 68.48, 4, 301
772, 465, 60.23, 252, 68.48, 4, 302
773, 466, 60.28, 252, 68.48, 4, 302
774, 466, 60.21, 252, 68.48, 4, 303
775, 467, 60.26, 252, 68.48, 4, 303
776, 468, 60.31, 252, 68.48, 4, 303
777, 468, 60.23, 252, 68.48, 4, 304
778, 468, 60.15, 252, 68.48, 4, 305
779, 469, 60.21, 252, 68.48, 4, 305
780, 469, 60.13, 252, 68.48, 4, 306
781, 470, 60.18, 252, 68.48, 4, 306
782, 470, 60.10, 252, 68.48, 4, 307
783, 470, 60.03, 252, 68.48, 4, 308
784, 471, 60.08, 252, 68.48, 4, 308
785, 472, 60.13, 252, 68.48, 4, 308
786, 473, 60.18, 252, 68.48, 4, 308
787, 473, 60.10, 252, 68.48, 4, 309
788, 474, 60.15, 252, 68.48, 4, 309
789, 475, 60.20, 252, 68.48, 4, 309
790, 475, 60.13, 252, 68.48, 4, 310
791, 475, 60.05, 252, 68.48, 4, 311
792, 475, 59.97, 252, 68.48, 4, 312
793, 475, 59.90, 252, 68.48, 4, 313
794, 476, 59.95, 252, 68.48, 4, 313
795, 477, 60.00, 252, 68.48, 4, 313
796, 477, 59.92, 252, 68.48, 4, 314
797, 478, 59.97, 252, 68.48, 4, 314
798, 478, 59.90, 252, 68.48, 4, 315
799, 478, 59.82, 252, 68.48, 4, 316
800, 479, 59.88, 252, 68.48, 4, 316
801, 480, 59.93, 252, 68.48, 4, 316
802, 480, 59.85, 252, 68.48, 4, 317
803, 481, 59.90, 252, 68.48, 4, 317
804, 482, 59.95, 252, 68.48, 4, 317
805, 483, 60.00, 252, 68.48, 4, 317
806, 483, 59.93, 252, 68.48, 4, 318
807, 484, 59.98, 252, 68.48, 4, 318
808, 485, 60.02, 252, 68.48, 4, 318
809, 485, 59.95, 252, 68.48, 4, 319
810, 486, 60.00, 252, 68.48, 4, 319
811, 486, 59.93, 252, 68.48, 4, 320
812, 487, 59.98, 252, 68.48, 4, 320
813, 487, 59.90, 252, 68.48, 4, 321
814, 487, 59.83, 252, 68.48, 4, 322
815, 488, 59.88, 252, 68.48, 4, 322
816, 489, 59.93, 252, 68.48, 4, 322
817, 490, 59.98, 252, 68.48, 4, 322
818, 491, 60.02, 252, 68.48, 4, 322
819, 491, 59.95, 252, 68.48, 4, 323
820, 492, 60.00, 252, 68.48, 4, 323
821, 493, 60.05, 252, 68.48, 4, 323
822, 493, 59.98, 252, 68.48, 4, 324
823, 494, 60.02, 252, 68.48, 4, 324
824, 495, 60.07, 252, 68.48, 4, 324
825, 495, 60.00, 252, 68.48, 4, 325
826, 495, 59.93, 252, 68.48, 4, 326
827, 496, 59.98, 252, 68.48, 4, 326
828, 496, 59.90, 252, 68.48, 4, 327
829, 497, 59.95, 252, 68.48, 4, 327
830, 498, 60.00, 252, 68.48, 4, 327
831, 498, 59.93, 252, 68.48, 4, 328
832, 498, 59.86, 252, 68.48, 4, 329
833, 498, 59.78, 252, 68.48, 4, 330
834, 499, 59.83, 252, 68.48, 4, 330
835, 500, 59.88, 252, 68.48, 4, 330
836, 500, 59.81, 252, 68.48, 4, 331
837, 501, 59.86, 252, 68.48, 4, 331
838, 501, 59.79, 252, 68.48, 4, 332
839, 502, 59.83, 252, 68.48, 4, 332
840, 502, 59.76, 252, 68.48, 4, 333
841, 503, 59.81, 252, 68.48, 4, 333
842, 504, 59.86, 252, 68.48, 4, 333
843, 504, 59.79, 252, 68.48, 4, 334
844, 504, 59.72, 252, 68.48, 4, 335
845, 504, 59.64, 252, 68.48, 4, 336
846, 504, 59.57, 252, 68.48, 4, 336
847, 505, 59.62, 252, 68.48, 4, 336
848, 505, 59.55, 252, 68.48, 4, 337
849, 506, 59.60, 252, 68.48, 4, 337
850, 507, 59.65, 252, 68.48, 4, 337
851, 508, 59.69, 252, 68.48, 4, 337
852, 509, 59.74, 252, 68.48, 4, 337
853, 509, 59.67, 252, 68.48, 4, 338
854, 509, 59.60, 252, 68.48, 4, 339
855, 509, 59.53, 252, 68.48, 4, 340
856, 509, 59.46, 252, 68.48, 4, 341
857, 510, 59.51, 252, 68.48, 4, 341
858, 511, 59.56, 252, 68.48, 4, 341
859, 511, 59.49, 252, 68.48, 4, 342
860, 511, 59.42, 252, 68.48, 4, 343
861, 512, 59.47, 252, 68.48, 4, 343
862, 513, 59.51, 252, 68.48, 4, 343
863, 514, 59.56, 252, 68.48, 4, 343
864, 514, 59.49, 252, 68.48, 4, 344
865, 514, 59.42, 252, 68.48, 4, 345
866, 515, 59.47, 252, 68.48, 4, 345
867, 516, 59.52, 252, 68.48, 4, 345
868, 517, 59.56, 252, 68.48, 4, 345
869, 517, 59.49, 252, 68.48, 4, 346
870, 517, 59.43, 252, 68.48, 4, 347
871, 518, 59.47, 252, 68.48, 4, 347
872, 519, 59.52, 252, 68.48, 4, 347
873, 519, 59.45, 252, 68.48, 4, 348
874, 520, 59.50, 252, 68.48, 4, 348
875, 521, 59.54, 252, 68.48, 4, 348
876, 522, 59.59, 252, 68.48, 4, 348
877, 523, 59.64, 252, 68.48, 4, 348
878, 524, 59.68, 252, 68.48, 4, 348
879, 524, 59.61, 252, 68.48, 4, 349
880, 525, 59.66, 252, 68.48, 4, 349
881, 526, 59.70, 252, 68.48, 4, 349
882, 527, 59.75, 252, 68.48, 4, 349
883, 527, 59.68, 252, 68.48, 4, 350
884, 528, 59.73, 252, 68.48, 4, 350
885, 529, 59.77, 252, 68.48, 4, 350
886, 529, 59.71, 252, 68.48, 4, 351
887, 529, 59.64, 252, 68.48, 4, 352
888, 530, 59.68, 252, 68.48, 4, 352
889, 531, 59.73, 252, 68.48, 4, 352
890, 531, 59.66, 252, 68.48, 4, 353
891, 531, 59.60, 252, 68.48, 4, 354
892, 532, 59.64, 252, 68.48, 4, 354
893, 532, 59.57, 252, 68.48, 4, 355
894, 532, 59.51, 252, 68.48, 4, 356
895, 532, 59.44, 252, 68.48, 4, 357
896, 532, 59.38, 252, 68.48, 4, 358
897, 533, 59.42, 252, 68.48, 4, 358
898, 534, 59.47, 252, 68.48, 4, 358
899, 535, 59.51, 252, 68.48, 4, 358
900, 536, 59.56, 252, 68.48, 4, 358
901, 536, 59.49, 252, 68.48, 4, 359
902, 536, 59.42, 252, 68.48, 4, 360
903, 536, 59.36, 252, 68.48, 4, 361
904, 537, 59.40, 252, 68.48, 4, 361
905, 537, 59.34, 252, 68.48, 4, 362
906, 538, 59.38, 252, 68.48, 4, 362
907, 538, 59.32, 252, 68.48, 4, 363
908, 539, 59.36, 252, 68.48, 4, 363
909, 539, 59.30, 252, 68.48, 4, 364
910, 540, 59.34, 252, 68.48, 4, 364
911, 540, 59.28, 252, 68.48, 4, 365
912, 540, 59.21, 252, 68.48, 4, 366
913, 541, 59.26, 252, 68.48, 4, 366
914, 542, 59.30, 252, 68.48, 4, 366
915, 542, 59.23, 252, 68.48, 4, 367
916, 542, 59.17, 252, 68.48, 4, 368
917, 543, 59.21, 252, 68.48, 4, 368
918, 543, 59.15, 252, 68.48, 4, 368
919, 544, 59.19, 252, 68.48, 4, 368
920, 545, 59.24, 252, 68.48, 4, 368
921, 546, 59.28, 252, 68.48, 4, 368
922, 546, 59.22, 252, 68.48, 4, 368
923, 547, 59.26, 252, 68.48, 4, 368
924, 547, 59.20, 252, 68.48, 4, 368
925, 547, 59.14, 252, 68.48, 4, 368
926, 548, 59.18, 252, 68.48, 4, 368
927, 548, 59.12, 252, 68.48, 4, 369
928, 548, 59.05, 252, 68.48, 4, 370
929, 548, 58.99, 252, 68.48, 4, 371
930, 549, 59.03, 252, 68.48, 4, 371
931, 550, 59.08, 252, 68.48, 4, 371
932, 551, 59.12, 252, 68.48, 4, 371
933, 551, 59.06, 252, 68.48, 4, 372
934, 552, 59.10, 252, 68.48, 4, 372
935, 553, 59.14, 252, 68.48, 4, 372
936, 554, 59.19, 252, 68.48, 4, 372
937, 554, 59.12, 252, 68.48, 4, 373
938, 555, 59.17, 252, 68.48, 4, 373
939, 555, 59.11, 252, 68.48, 4, 374
940, 555, 59.04, 252, 68.48, 4, 375
941, 555, 58.98, 252, 68.48, 4, 376
942, 555, 58.92, 252, 68.48, 4, 377
943, 556, 58.96, 252, 68.48, 4, 377
944, 557, 59.00, 252, 68.48, 4, 377
945, 558, 59.05, 252, 68.48, 4, 377
946, 558, 58.99, 252, 68.48, 4, 377
947, 559, 59.03, 252, 68.48, 4, 377
948, 560, 59.07, 252, 68.48, 4, 377
949, 560, 59.01, 252, 68.48, 4, 378
950, 560, 58.95, 252, 68.48, 4, 379
951, 560, 58.89, 252, 68.48, 4, 380
952, 561, 58.93, 252, 68.48, 4, 380
953, 562, 58.97, 252, 68.48, 4, 380
954, 563, 59.01, 252, 68.48, 4, 380
955, 563, 58.95, 252, 68.48, 4, 381
956, 563, 58.89, 252, 68.48, 4, 382
957, 564, 58.93, 252, 68.48, 4, 382
958, 565, 58.98, 252, 68.48, 4, 382
959, 566, 59.02, 252, 68.48, 4, 382
960, 567, 59.06, 252, 68.48, 4, 382
961, 568, 59.11, 252, 68.48, 4, 382
962, 568, 59.04, 252, 68.48, 4, 383
963, 569, 59.09, 252, 68.48, 4, 383
964, 569, 59.02, 252, 68.48, 4, 384
965, 569, 58.96, 252, 68.48, 4, 385
966, 570, 59.01, 252, 68.48, 4, 385
967, 571, 59.05, 252, 68.48, 4, 385
968, 572, 59.09, 252, 68.48, 4, 385
969, 572, 59.03, 252, 68.48, 4, 386
970, 572, 58.97, 252, 68.48, 4, 387
971, 572, 58.91, 252, 68.48, 4, 388
972, 573, 58.95, 252, 68.48, 4, 388
973, 573, 58.89, 252, 68.48, 4, 389
974, 573, 58.83, 252, 68.48, 4, 390
975, 573, 58.77, 252, 68.48, 4, 391
976, 574, 58.81, 252, 68.48, 4, 391
977, 575, 58.85, 252, 68.48, 4, 391
978, 576, 58.90, 252, 68.48, 4, 391
979, 576, 58.84, 252, 68.48, 4, 392
980, 577, 58.88, 252, 68.48, 4, 392
981, 578, 58.92, 252, 68.48, 4, 392
982, 579, 58.96, 252, 68.48, 4, 392
983, 579, 58.90, 252, 68.48, 4, 393
984, 580, 58.94, 252, 68.48, 4, 393
985, 580, 58.88, 252, 68.48, 4, 394
986, 580, 58.82, 252, 68.48, 4, 395
987, 580, 58.76, 252, 68.48, 4, 396
988, 580, 58.70, 252, 68.48, 4, 397
989, 580, 58.65, 252, 68.48, 4, 398
990, 581, 58.69, 252, 68.48, 4, 398
991, 582, 58.73, 252, 68.48, 4, 398
992, 583, 58.77, 252, 68.48, 4, 398
993, 584, 58.81, 252, 68.48, 4, 398
994, 585, 58.85, 252, 68.48, 4, 398
995, 585, 58.79, 252, 68.48, 4, 399
996, 586, 58.84, 252, 68.48, 4, 399
997, 586, 58.78, 252, 68.48, 4, 400
998, 587, 58.82, 252, 68.48, 4, 400
999, 587, 58.76, 252, 68.48, 4, 401
1000, 587, 58.70, 252, 68.48, 4, 402
1001, 588, 58.74, 252, 68.48, 4, 402
1002, 589, 58.78, 252, 68.48, 4, 402
1003, 590, 58.82, 252, 68.48, 4, 402
1004, 590, 58.76, 252, 68.48, 4, 403
1005, 590, 58.71, 252, 68.48, 4, 404
1006, 590, 58.65, 252, 68.48, 4, 405
1007, 590, 58.59, 252, 68.48, 4, 406
1008, 590, 58.53, 252, 68.48, 4, 407
1009, 591, 58.57, 252, 68.48, 4, 407
1010, 591, 58.51, 252, 68.48, 4, 408
1011, 591, 58.46, 252, 68.48, 4, 409
1012, 592, 58.50, 252, 68.48, 4, 409
1013, 592, 58.44, 252, 68.48, 4, 410
1014, 592, 58.38, 252, 68.48, 4, 411
1015, 592, 58.33, 252, 68.48, 4, 412
1016, 593, 58.37, 252, 68.48, 4, 412
1017, 593, 58.31, 252, 68.48, 4, 413
1018, 594, 58.35, 252, 68.48, 4, 413
1019, 594, 58.29, 252, 68.48, 4, 414
1020, 595, 58.33, 252, 68.48, 4, 414
1021, 596, 58.37, 252, 68.48, 4, 414
1022, 596, 58.32, 252, 68.48, 4, 415
1023, 597, 58.36, 252, 68.48, 4, 415
1024, 598, 58.40, 252, 68.48, 4, 415
1025, 599, 58.44, 252, 68.48, 4, 415
1026, 599, 58.38, 252, 68.48, 4, 416
1027, 600, 58.42, 252, 68.48, 4, 416
1028, 600, 58.37, 252, 68.48, 4, 417
1029, 601, 58.41, 252, 68.48, 4, 417
1030, 602, 58.45, 252, 68.48, 4, 417
1031, 603, 58.49, 252, 68.48, 4, 417
1032, 604, 58.53, 252, 68.48, 4, 417
1033, 604, 58.47, 252, 68.48, 4, 418
1034, 605, 58.51, 252, 68.48, 4, 418
1035, 606, 58.55, 252, 68.48, 4, 418
1036, 607, 58.59, 252, 68.48, 4, 418
1037, 607, 58.53, 252, 68.48, 4, 419
1038, 608, 58.57, 252, 68.48, 4, 419
1039, 609, 58.61, 252, 68.48, 4, 419
1040, 609, 58.56, 252, 68.48, 4, 420
1041, 609, 58.50, 252, 68.48, 4, 421
1042, 609, 58.45, 252, 68.48, 4, 422
1043, 609, 58.39, 252, 68.48, 4, 423
1044, 610, 58.43, 252, 68.48, 4, 423
1045, 610, 58.37, 252, 68.48, 4, 424
1046, 610, 58.32, 252, 68.48, 4, 425
1047, 611, 58.36, 252, 68.48, 4, 425
1048, 612, 58.40, 252, 68.48, 4, 425
1049, 613, 58.44, 252, 68.48, 4, 425
1050, 613, 58.38, 252, 68.48, 4, 426
1051, 613, 58.33, 252, 68.48, 4, 427
1052, 614, 58.37, 252, 68.48, 4, 427
1053, 615, 58.40, 252, 68.48, 4, 427
1054, 616, 58.44, 252, 68.48, 4, 427
1055, 616, 58.39, 252, 68.48, 4, 428
1056, 617, 58.43, 252, 68.48, 4, 428
1057, 618, 58.47, 252, 68.48, 4, 428
1058, 618, 58.41, 252, 68.48, 4, 429
1059, 619, 58.45, 252, 68.48, 4, 429
1060, 620, 58.49, 252, 68.48, 4, 429
1061, 620, 58.44, 252, 68.48, 4, 430
1062, 620, 58.38, 252, 68.48, 4, 430
1063, 621, 58.42, 252, 68.48, 4, 430
1064, 622, 58.46, 252, 68.48, 4, 430
1065, 622, 58.40, 252, 68.48, 4, 431
1066, 622, 58.35, 252, 68.48, 4, 432
1067, 623, 58.39, 252, 68.48, 4, 432
1068, 623, 58.33, 252, 68.48, 4, 433
1069, 623, 58.28, 252, 68.48, 4, 434
1070, 624, 58.32, 252, 68.48, 4, 434
1071, 625, 58.36, 252, 68.48, 4, 434
1072, 626, 58.40, 252, 68.48, 4, 434
1073, 626, 58.34, 252, 68.48, 4, 435
1074, 627, 58.38, 252, 68.48, 4, 435
1075, 627, 58.33, 252, 68.48, 4, 436
1076, 628, 58.36, 252, 68.48, 4, 436
1077, 628, 58.31, 252, 68.48, 4, 437
1078, 629, 58.35, 252, 68.48, 4, 437
1079, 629, 58.29, 252, 68.48, 4, 438
1080, 630, 58.33, 252, 68.48, 4, 438
1081, 631, 58.37, 252, 68.48, 4, 438
1082, 632, 58.41, 252, 68.48, 4, 438
1083, 633, 58.45, 252, 68.48, 4, 438
1084, 634, 58.49, 252, 68.48, 4, 438
1085, 635, 58.53, 252, 68.48, 4, 438
1086, 635, 58.47, 252, 68.48, 4, 439
1087, 636, 58.51, 252, 68.48, 4, 439
1088, 636, 58.46, 252, 68.48, 4, 440
1089, 637, 58.49, 252, 68.48, 4, 440
1090, 638, 58.53, 252, 68.48, 4, 440
1091, 639, 58.57, 252, 68.48, 4, 440
1092, 639, 58.52, 252, 68.48, 4, 441
1093, 640, 58.55, 252, 68.48, 4, 441
1094, 640, 58.50, 252, 68.48, 4, 442
1095, 641, 58.54, 252, 68.48, 4, 442
1096, 642, 58.58, 252, 68.48, 4, 442
1097, 642, 58.52, 252, 68.48, 4, 443
1098, 643, 58.56, 252, 68.48, 4, 443
1099, 644, 58.60, 252, 68.48, 4, 443
1100, 644, 58.55, 252, 68.48, 4, 444
1101, 645, 58.58, 252, 68.48, 4, 444
1102, 645, 58.53, 252, 68.48, 4, 445
1103, 646, 58.57, 252, 68.48, 4, 445
1104, 647, 58.61, 252, 68.48, 4, 445
1105, 648, 58.64, 252, 68.48, 4, 445
1106, 648, 58.59, 252, 68.48, 4, 446
1107, 648, 58.54, 252, 68.48, 4, 447
1108, 649, 58.57, 252, 68.48, 4, 447
1109, 650, 58.61, 252, 68.48, 4, 447
1110, 651, 58.65, 252, 68.48, 4, 447
1111, 652, 58.69, 252, 68.48, 4, 447
1112, 653, 58.72, 252, 68.48, 4, 447
1113, 653, 58.67, 252, 68.48, 4, 448
1114, 654, 58.71, 252, 68.48, 4, 448
1115, 654, 58.65, 252, 68.48, 4, 449
1116, 654, 58.60, 252, 68.48, 4, 450
1117, 655, 58.64, 252, 68.48, 4, 450
1118, 655, 58.59, 252, 68.48, 4, 451
1119, 656, 58.62, 252, 68.48, 4, 451
1120, 657, 58.66, 252, 68.48, 4, 451
1121, 657, 58.61, 252, 68.48, 4, 452
1122, 657, 58.56, 252, 68.48, 4, 453
1123, 657, 58.50, 252, 68.48, 4, 454
1124, 658, 58.54, 252, 68.48, 4, 454
1125, 659, 58.58, 252, 68.48, 4, 454
1126, 660, 58.61, 252, 68.48, 4, 454
1127, 661, 58.65, 252, 68.48, 4, 454
1128, 661, 58.60, 252, 68.48, 4, 455
1129, 661, 58.55, 252, 68.48, 4, 456
1130, 662, 58.58, 252, 68.48, 4, 456
1131, 663, 58.62, 252, 68.48, 4, 456
1132, 664, 58.66, 252, 68.48, 4, 456
1133, 664, 58.61, 252, 68.48, 4, 457
1134, 664, 58.55, 252, 68.48, 4, 458
1135, 664, 58.50, 252, 68.48, 4, 459
1136, 665, 58.54, 252, 68.48, 4, 459
1137, 666, 58.58, 252, 68.48, 4, 459
1138, 666, 58.52, 252, 68.48, 4, 460
1139, 667, 58.56, 252, 68.48, 4, 460
1140, 668, 58.60, 252, 68.48, 4, 460
1141, 669, 58.63, 252, 68.48, 4, 460
1142, 669, 58.58, 252, 68.48, 4, 461
1143, 670, 58.62, 252, 68.48, 4, 461
1144, 671, 58.65, 252, 68.48, 4, 461
1145, 672, 58.69, 252, 68.48, 4, 461
1146, 672, 58.64, 252, 68.48, 4, 462
1147, 672, 58.59, 252, 68.48, 4, 463
1148, 673, 58.62, 252, 68.48, 4, 463
1149, 673, 58.57, 252, 68.48, 4, 464
1150, 674, 58.61, 252, 68.48, 4, 464
1151, 675, 58.64, 252, 68.48, 4, 464
1152, 675, 58.59, 252, 68.48, 4, 465
1153, 676, 58.63, 252, 68.48, 4, 465
1154, 676, 58.58, 252, 68.48, 4, 466
1155, 677, 58.61, 252, 68.48, 4, 466
1156, 678, 58.65, 252, 68.48, 4, 466
1157, 679, 58.69, 252, 68.48, 4, 466
1158, 680, 58.72, 252, 68.48, 4, 466
1159, 680, 58.67, 252, 68.48, 4, 467
1160, 681, 58.71, 252, 68.48, 4, 467
1161, 682, 58.74, 252, 68.48, 4, 467
1162, 682, 58.69, 252, 68.48, 4, 468
1163, 683, 58.73, 252, 68.48, 4, 468
1164, 683, 58.68, 252, 68.48, 4, 469
1165, 683, 58.63, 252, 68.48, 4, 470
1166, 684, 58.66, 252, 68.48, 4, 470
1167, 685, 58.70, 252, 68.48, 4, 470
1168, 685, 58.65, 252, 68.48, 4, 471
1169, 685, 58.60, 252, 68.48, 4, 472
1170, 685, 58.55, 252, 68.48, 4, 473
1171, 685, 58.50, 252, 68.48, 4, 474
1172, 686, 58.53, 252, 68.48, 4, 474
1173, 687, 58.57, 252, 68.48, 4, 474
1174, 688, 58.60, 252, 68.48, 4, 474
1175, 689, 58.64, 252, 68.48, 4, 474
1176, 689, 58.59, 252, 68.48, 4, 475
1177, 690, 58.62, 252, 68.48, 4, 475
1178, 690, 58.57, 252, 68.48, 4, 476
1179, 690, 58.52, 252, 68.48, 4, 477
1180, 691, 58.56, 252, 68.48, 4, 477
1181, 692, 58.59, 252, 68.48, 4, 477
1182, 693, 58.63, 252, 68.48, 4, 477
1183, 694, 58.66, 252, 68.48, 4, 477
1184, 695, 58.70, 252, 68.48, 4, 477
1185, 696, 58.73, 252, 68.48, 4, 477
1186, 697, 58.77, 252, 68.48, 4, 477
1187, 698, 58.80, 252, 68.48, 4, 477
1188, 698, 58.75, 252, 68.48, 4, 478
1189, 699, 58.79, 252, 68.48, 4, 478
1190, 700, 58.82, 252, 68.48, 4, 478
1191, 701, 58.86, 252, 68.48, 4, 478
1192, 701, 58.81, 252, 68.48, 4, 479
1193, 702, 58.84, 252, 68.48, 4, 479
1194, 702, 58.79, 252, 68.48, 4, 480
1195, 703, 58.83, 252, 68.48, 4, 480
1196, 704, 58.86, 252, 68.48, 4, 480
1197, 704, 58.81, 252, 68.48, 4, 481
1198, 705, 58.85, 252, 68.48, 4, 481
1199, 706, 58.88, 252, 68.48, 4, 481
1200, 707, 58.92, 252, 68.48, 4, 481
1201, 708, 58.95, 252, 68.48, 4, 481
1202, 709, 58.99, 252, 68.48, 4, 481
1203, 710, 59.02, 252, 68.48, 4, 481
1204, 711, 59.05, 252, 68.48, 4, 481
1205, 712, 59.09, 252, 68.48, 4, 481
1206, 712, 59.04, 252, 68.48, 4, 482
1207, 713, 59.07, 252, 68.48, 4, 482
1208, 713, 59.02, 252, 68.48, 4, 483
1209, 713, 58.97, 252, 68.48, 4, 484
1210, 714, 59.01, 252, 68.48, 4, 484
1211, 715, 59.04, 252, 68.48, 4, 484
1212, 716, 59.08, 252, 68.48, 4, 484
1213, 717, 59.11, 252, 68.48, 4, 484
1214, 717, 59.06, 252, 68.48, 4, 484
1215, 717, 59.01, 252, 68.48, 4, 485
1216, 718, 59.05, 252, 68.48, 4, 485
1217, 719, 59.08, 252, 68.48, 4, 485
1218, 720, 59.11, 252, 68.48, 4, 485
1219, 721, 59.15, 252, 68.48, 4, 485
1220, 721, 59.10, 252, 68.48, 4, 486
1221, 722, 59.13, 252, 68.48, 4, 486
1222, 723, 59.17, 252, 68.48, 4, 486
1223, 724, 59.20, 252, 68.48, 4, 486
1224, 724, 59.15, 252, 68.48, 4, 487
1225, 724, 59.10, 252, 68.48, 4, 488
1226, 724, 59.05, 252, 68.48, 4, 489
1227, 725, 59.09, 252, 68.48, 4, 489
1228, 726, 59.12, 252, 68.48, 4, 489
1229, 727, 59.15, 252, 68.48, 4, 489
1230, 727, 59.11, 252, 68.48, 4, 490
1231, 728, 59.14, 252, 68.48, 4, 490
1232, 728, 59.09, 252, 68.48, 4, 491
1233, 728, 59.04, 252, 68.48, 4, 492
1234, 728, 59.00, 252, 68.48, 4, 493
1235, 729, 59.03, 252, 68.48, 4, 493
1236, 729, 58.98, 252, 68.48, 4, 494
1237, 730, 59.01, 252, 68.48, 4, 494
1238, 731, 59.05, 252, 68.48, 4, 494
1239, 732, 59.08, 252, 68.48, 4, 494
1240, 732, 59.03, 252, 68.48, 4, 495
1241, 732, 58.98, 252, 68.48, 4, 496
1242, 733, 59.02, 252, 68.48, 4, 496
1243, 734, 59.05, 252, 68.48, 4, 496
1244, 735, 59.08, 252, 68.48, 4, 496
1245, 735, 59.04, 252, 68.48, 4, 497
1246, 735, 58.99, 252, 68.48, 4, 498
1247, 735, 58.94, 252, 68.48, 4, 499
1248, 735, 58.89, 252, 68.48, 4, 500
1249, 736, 58.93, 252, 68.48, 4, 500
1250, 736, 58.88, 252, 68.48, 4, 501
1251, 736, 58.83, 252, 68.48, 4, 502
1252, 737, 58.87, 252, 68.48, 4, 502
1253, 737, 58.82, 252, 68.48, 4, 503
1254, 737, 58.77, 252, 68.48, 4, 504
1255, 738, 58.80, 252, 68.48, 4, 504
1256, 739, 58.84, 252, 68.48, 4, 504
1257, 740, 58.87, 252, 68.48, 4, 504
1258, 740, 58.82, 252, 68.48, 4, 505
1259, 741, 58.86, 252, 68.48, 4, 505
1260, 741, 58.81, 252, 68.48, 4, 506
1261, 741, 58.76, 252, 68.48, 4, 507
1262, 741, 58.72, 252, 68.48, 4, 508
1263, 742, 58.75, 252, 68.48, 4, 508
1264, 743, 58.78, 252, 68.48, 4, 508
1265, 744, 58.81, 252, 68.48, 4, 508
1266, 745, 58.85, 252, 68.48, 4, 508
1267, 746, 58.88, 252, 68.48, 4, 508
1268, 746, 58.83, 252, 68.48, 4, 509
1269, 747, 58.87, 252, 68.48, 4, 509
1270, 748, 58.90, 252, 68.48, 4, 509
1271, 748, 58.85, 252, 68.48, 4, 510
1272, 748, 58.81, 252, 68.48, 4, 511
1273, 749, 58.84, 252, 68.48, 4, 511
1274, 750, 58.87, 252, 68.48, 4, 511
1275, 751, 58.90, 252, 68.48, 4, 511
1276, 752, 58.93, 252, 68.48, 4, 511
1277, 752, 58.89, 252, 68.48, 4, 512
1278, 753, 58.92, 252, 68.48, 4, 512
1279, 753, 58.87, 252, 68.48, 4, 513
1280, 753, 58.83, 252, 68.48, 4, 514
1281, 753, 58.78, 252, 68.48, 4, 515
1282, 754, 58.81, 252, 68.48, 4, 515
1283, 754, 58.77, 252, 68.48, 4, 516
1284, 754, 58.72, 252, 68.48, 4, 517
1285, 754, 58.68, 252, 68.48, 4, 518
1286, 754, 58.63, 252, 68.48, 4, 519
1287, 755, 58.66, 252, 68.48, 4, 519
1288, 755, 58.62, 252, 68.48, 4, 520
1289, 756, 58.65, 252, 68.48, 4, 520
1290, 757, 58.68, 252, 68.48, 4, 520
1291, 758, 58.71, 252, 68.48, 4, 520
1292, 758, 58.67, 252, 68.48, 4, 521
1293, 759, 58.70, 252, 68.48, 4, 521
1294, 760, 58.73, 252, 68.48, 4, 521
1295, 760, 58.69, 252, 68.48, 4, 522
1296, 761, 58.72, 252, 68.48, 4, 522
1297, 761, 58.67, 252, 68.48, 4, 523
1298, 761, 58.63, 252, 68.48, 4, 524
1299, 762, 58.66, 252, 68.48, 4, 524
1300, 763, 58.69, 252, 68.48, 4, 524
1301, 763, 58.65, 252, 68.48, 4, 525
1302, 763, 58.60, 252, 68.48, 4, 526
1303, 763, 58.56, 252, 68.48, 4, 527
1304, 764, 58.59, 252, 68.48, 4, 527
1305, 765, 58.62, 252, 68.48, 4, 527
1306, 766, 58.65, 252, 68.48, 4, 527
1307, 767, 58.68, 252, 68.48, 4, 527
1308, 768, 58.72, 252, 68.48, 4, 527
1309, 769, 58.75, 252, 68.48, 4, 527
1310, 769, 58.70, 252, 68.48, 4, 528
1311, 770, 58.73, 252, 68.48, 4, 528
1312, 771, 58.77, 252, 68.48, 4, 528
1313, 772, 58.80, 252, 68.48, 4, 528
1314, 773, 58.83, 252, 68.48, 4, 528
1315, 774, 58.86, 252, 68.48, 4, 528
1316, 775, 58.89, 252, 68.48, 4, 528
1317, 776, 58.92, 252, 68.48, 4, 528
1318, 777, 58.95, 252, 68.48, 4, 528
1319, 777, 58.91, 252, 68.48, 4, 529
1320, 777, 58.86, 252, 68.48, 4, 530
1321, 777, 58.82, 252, 68.48, 4, 531
1322, 777, 58.77, 252, 68.48, 4, 532
1323, 778, 58.81, 252, 68.48, 4, 532
1324, 778, 58.76, 252, 68.48, 4, 533
1325, 779, 58.79, 252, 68.48, 4, 533
1326, 779, 58.75, 252, 68.48, 4, 534
1327, 780, 58.78, 252, 68.48, 4, 534
1328, 781, 58.81, 252, 68.48, 4, 534
1329, 781, 58.77, 252, 68.48, 4, 535
1330, 781, 58.72, 252, 68.48, 4, 536
1331, 781, 58.68, 252, 68.48, 4, 537
1332, 781, 58.63, 252, 68.48, 4, 538
1333, 782, 58.66, 252, 68.48, 4, 538
1334, 783, 58.70, 252, 68.48, 4, 538
1335, 784, 58.73, 252, 68.48, 4, 538
1336, 784, 58.68, 252, 68.48, 4, 539
1337, 785, 58.71, 252, 68.48, 4, 539
1338, 786, 58.74, 252, 68.48, 4, 539
1339, 787, 58.78, 252, 68.48, 4, 539
1340, 788, 58.81, 252, 68.48, 4, 539
1341, 788, 58.76, 252, 68.48, 4, 540
1342, 789, 58.79, 252, 68.48, 4, 540
1343, 789, 58.75, 252, 68.48, 4, 541
1344, 790, 58.78, 252, 68.48, 4, 541
1345, 790, 58.74, 252, 68.48, 4, 542
1346, 791, 58.77, 252, 68.48, 4, 542
1347, 791, 58.72, 252, 68.48, 4, 543
1348, 791, 58.68, 252, 68.48, 4, 544
1349, 792, 58.71, 252, 68.48, 4, 544
1350, 793, 58.74, 252, 68.48, 4, 544
1351, 793, 58.70, 252, 68.48, 4, 545
1352, 794, 58.73, 252, 68.48, 4, 545
1353, 795, 58.76, 252, 68.48, 4, 545
1354, 796, 58.79, 252, 68.48, 4, 545
1355, 797, 58.82, 252, 68.48, 4, 545
1356, 797, 58.78, 252, 68.48, 4, 546
1357, 797, 58.73, 252, 68.48, 4, 547
1358, 798, 58.76, 252, 68.48, 4, 547
1359, 798, 58.72, 252, 68.48, 4, 548
1360, 799, 58.75, 252, 68.48, 4, 548
1361, 799, 58.71, 252, 68.48, 4, 549
1362, 799, 58.66, 252, 68.48, 4, 549
1363, 800, 58.69, 252, 68.48, 4, 549
1364, 800, 58.65, 252, 68.48, 4, 550
1365, 801, 58.68, 252, 68.48, 4, 550
1366, 801, 58.64, 252, 68.48, 4, 551
1367, 802, 58.67, 252, 68.48, 4, 551
1368, 803, 58.70, 252, 68.48, 4, 551
1369, 803, 58.66, 252, 68.48, 4, 552
1370, 804, 58.69, 252, 68.48, 4, 552
1371, 804, 58.64, 252, 68.48, 4, 553
1372, 805, 58.67, 252, 68.48, 4, 553
1373, 806, 58.70, 252, 68.48, 4, 553
1374, 807, 58.73, 252, 68.48, 4, 553
1375, 808, 58.76, 252, 68.48, 4, 553
1376, 808, 58.72, 252, 68.48, 4, 554
1377, 809, 58.75, 252, 68.48, 4, 554
1378, 810, 58.78, 252, 68.48, 4, 554
1379, 810, 58.74, 252, 68.48, 4, 555
1380, 810, 58.70, 252, 68.48, 4, 556
1381, 810, 58.65, 252, 68.48, 4, 557
1382, 811, 58.68, 252, 68.48, 4, 557
1383, 812, 58.71, 252, 68.48, 4, 557
1384, 813, 58.74, 252, 68.48, 4, 557
1385, 814, 58.77, 252, 68.48, 4, 557
1386, 815, 58.80, 252, 68.48, 4, 557
1387, 816, 58.83, 252, 68.48, 4, 557
1388, 816, 58.79, 252, 68.48, 4, 558
1389, 817, 58.82, 252, 68.48, 4, 558
1390, 817, 58.78, 252, 68.48, 4, 559
1391, 817, 58.73, 252, 68.48, 4, 560
1392, 817, 58.69, 252, 68.48, 4, 561
1393, 818, 58.72, 252, 68.48, 4, 561
1394, 818, 58.68, 252, 68.48, 4, 562
1395, 819, 58.71, 252, 68.48, 4, 562
1396, 820, 58.74, 252, 68.48, 4, 562
1397, 821, 58.77, 252, 68.48, 4, 562
1398, 822, 58.80, 252, 68.48, 4, 562
1399, 823, 58.83, 252, 68.48, 4, 562
1400, 824, 58.86, 252, 68.48, 4, 562
1401, 824, 58.82, 252, 68.48, 4, 563
1402, 825, 58.84, 252, 68.48, 4, 563
1403, 825, 58.80, 252, 68.48, 4, 564
1404, 826, 58.83, 252, 68.48, 4, 564
1405, 827, 58.86, 252, 68.48, 4, 564
1406, 827, 58.82, 252, 68.48, 4, 565
1407, 827, 58.78, 252, 68.48, 4, 566
1408, 828, 58.81, 252, 68.48, 4, 566
1409, 829, 58.84, 252, 68.48, 4, 566
1410, 830, 58.87, 252, 68.48, 4, 566
1411, 831, 58.89, 252, 68.48, 4, 566
1412, 832, 58.92, 252, 68.48, 4, 566
1413, 833, 58.95, 252, 68.48, 4, 566
1414, 834, 58.98, 252, 68.48, 4, 566
1415, 834, 58.94, 252, 68.48, 4, 567
1416, 834, 58.90, 252, 68.48, 4, 568
1417, 835, 58.93, 252, 68.48, 4, 568
1418, 836, 58.96, 252, 68.48, 4, 568
1419, 836, 58.91, 252, 68.48, 4, 569
1420, 836, 58.87, 252, 68.48, 4, 570
1421, 837, 58.90, 252, 68.48, 4, 570
1422, 838, 58.93, 252, 68.48, 4, 570
1423, 838, 58.89, 252, 68.48, 4, 571
1424, 838, 58.85, 252, 68.48, 4, 572
1425, 839, 58.88, 252, 68.48, 4, 572
1426, 840, 58.91, 252, 68.48, 4, 572
1427, 841, 58.93, 252, 68.48, 4, 572
1428, 841, 58.89, 252, 68.48, 4, 573
1429, 841, 58.85, 252, 68.48, 4, 574
1430, 842, 58.88, 252, 68.48, 4, 574
1431, 843, 58.91, 252, 68.48, 4, 574
1432, 844, 58.94, 252, 68.48, 4, 574
1433, 844, 58.90, 252, 68.48, 4, 575
1434, 845, 58.93, 252, 68.48, 4, 575
1435, 846, 58.95, 252, 68.48, 4, 575
1436, 847, 58.98, 252, 68.48, 4, 575
1437, 848, 59.01, 252, 68.48, 4, 575
1438, 849, 59.04, 252, 68.48, 4, 575
1439, 850, 59.07, 252, 68.48, 4, 575
1440, 851, 59.10, 252, 68.48, 4, 575
1441, 852, 59.13, 252, 68.48, 4, 575
1442, 852, 59.08, 252, 68.48, 4, 576
1443, 852, 59.04, 252, 68.48, 4, 577
1444, 853, 59.07, 252, 68.48, 4, 577
1445, 854, 59.10, 252, 68.48, 4, 577
1446, 855, 59.13, 252, 68.48, 4, 577
1447, 855, 59.09, 252, 68.48, 4, 578
1448, 855, 59.05, 252, 68.48, 4, 579
1449, 855, 59.01, 252, 68.48, 4, 580
1450, 856, 59.03, 252, 68.48, 4, 580
1451, 857, 59.06, 252, 68.48, 4, 580
1452, 858, 59.09, 252, 68.48, 4, 580
1453, 858, 59.05, 252, 68.48, 4, 581
1454, 859, 59.08, 252, 68.48, 4, 581
1455, 860, 59.11, 252, 68.48, 4, 581
1456, 860, 59.07, 252, 68.48, 4, 582
1457, 860, 59.03, 252, 68.48, 4, 583
1458, 861, 59.05, 252, 68.48, 4, 583
1459, 862, 59.08, 252, 68.48, 4, 583
1460, 862, 59.04, 252, 68.48, 4, 584
1461, 863, 59.07, 252, 68.48, 4, 584
1462, 864, 59.10, 252, 68.48, 4, 584
1463, 864, 59.06, 252, 68.48, 4, 585
1464, 865, 59.08, 252, 68.48, 4, 585
1465, 866, 59.11, 252, 68.48, 4, 585
1466, 867, 59.14, 252, 68.48, 4, 585
1467, 868, 59.17, 252, 68.48, 4, 585
1468, 868, 59.13, 252, 68.48, 4, 586
1469, 868, 59.09, 252, 68.48, 4, 587
1470, 869, 59.12, 252, 68.48, 4, 587
1471, 870, 59.14, 252, 68.48, 4, 587
1472, 871, 59.17, 252, 68.48, 4, 587
1473, 871, 59.13, 252, 68.48, 4, 588
1474, 871, 59.09, 252, 68.48, 4, 589
1475, 872, 59.12, 252, 68.48, 4, 589
1476, 872, 59.08, 252, 68.48, 4, 590
1477, 873, 59.11, 252, 68.48, 4, 590
1478, 873, 59.07, 252, 68.48, 4, 591
1479, 873, 59.03, 252, 68.48, 4, 592
1480, 873, 58.99, 252, 68.48, 4, 593
1481, 874, 59.01, 252, 68.48, 4, 593
1482, 875, 59.04, 252, 68.48, 4, 593
1483, 876, 59.07, 252, 68.48, 4, 593
1484, 876, 59.03, 252, 68.48, 4, 594
1485, 877, 59.06, 252, 68.48, 4, 594
1486, 878, 59.08, 252, 68.48, 4, 594
1487, 879, 59.11, 252, 68.48, 4, 594
1488, 880, 59.14, 252, 68.48, 4, 594
1489, 880, 59.10, 252, 68.48, 4, 595
1490, 880, 59.06, 252, 68.48, 4, 596
1491, 880, 59.02, 252, 68.48, 4, 597
1492, 881, 59.05, 252, 68.48, 4, 597
1493, 881, 59.01, 252, 68.48, 4, 598
1494, 881, 58.97, 252, 68.48, 4, 599
1495, 881, 58.93, 252, 68.48, 4, 600
1496, 882, 58.96, 252, 68.48, 4, 600
1497, 883, 58.98, 252, 68.48, 4, 600
1498, 884, 59.01, 252, 68.48, 4, 600
1499, 884, 58.97, 252, 68.48, 4, 601
1500, 885, 59.00, 252, 68.48, 4, 601
1501, 886, 59.03, 252, 68.48, 4, 601
1502, 886, 58.99, 252, 68.48, 4, 602
1503, 886, 58.95, 252, 68.48, 4, 603
1504, 887, 58.98, 252, 68.48, 4, 603
1505, 888, 59.00, 252, 68.48, 4, 603
1506, 888, 58.96, 252, 68.48, 4, 604
1507, 889, 58.99, 252, 68.48, 4, 604
1508, 890, 59.02, 252, 68.48, 4, 604
1509, 891, 59.05, 252, 68.48, 4, 604
1510, 892, 59.07, 252, 68.48, 4, 604
1511, 892, 59.03, 252, 68.48, 4, 605
1512, 893, 59.06, 252, 68.48, 4, 605
1513, 894, 59.09, 252, 68.48, 4, 605
1514, 895, 59.11, 252, 68.48, 4, 605
1515, 895, 59.08, 252, 68.48, 4, 605
1516, 896, 59.10, 252, 68.48, 4, 605
1517, 897, 59.13, 252, 68.48, 4, 605
1518, 898, 59.16, 252, 68.48, 4, 605
1519, 899, 59.18, 252, 68.48, 4, 605
1520, 900, 59.21, 252, 68.48, 4, 605
1521, 901, 59.24, 252, 68.48, 4, 605
1522, 901, 59.20, 252, 68.48, 4, 605
1523, 902, 59.23, 252, 68.48, 4, 605
1524, 903, 59.25, 252, 68.48, 4, 605
1525, 904, 59.28, 252, 68.48, 4, 605
1526, 905, 59.31, 252, 68.48, 4, 605
1527, 905, 59.27, 252, 68.48, 4, 606
1528, 905, 59.23, 252, 68.48, 4, 607
1529, 906, 59.25, 252, 68.48, 4, 607
1530, 907, 59.28, 252, 68.48, 4, 607
1531, 908, 59.31, 252, 68.48, 4, 607
1532, 909, 59.33, 252, 68.48, 4, 607
1533, 910, 59.36, 252, 68.48, 4, 607
1534, 911, 59.39, 252, 68.48, 4, 607
1535, 912, 59.41, 252, 68.48, 4, 607
1536, 913, 59.44, 252, 68.48, 4, 607
1537, 914, 59.47, 252, 68.48, 4, 607
1538, 915, 59.49, 252, 68.48, 4, 607
1539, 916, 59.52, 252, 68.48, 4, 607
1540, 917, 59.55, 252, 68.48, 4, 607
1541, 918, 59.57, 252, 68.48, 4, 607
1542, 919, 59.60, 252, 68.48, 4, 607
1543, 919, 59.56, 252, 68.48, 4, 608
1544, 919, 59.52, 252, 68.48, 4, 609
1545, 919, 59.48, 252, 68.48, 4, 610
1546, 920, 59.51, 252, 68.48, 4, 610
1547, 920, 59.47, 252, 68.48, 4, 611
1548, 921, 59.50, 252, 68.48, 4, 611
1549, 922, 59.52, 252, 68.48, 4, 611
1550, 922, 59.48, 252, 68.48, 4, 612
1551, 923, 59.51, 252, 68.48, 4, 612
1552, 924, 59.54, 252, 68.48, 4, 612
1553, 925, 59.56, 252, 68.48, 4, 612
1554, 926, 59.59, 252, 68.48, 4, 612
1555, 926, 59.55, 252, 68.48, 4, 613
1556, 927, 59.58, 252, 68.48, 4, 613
1557, 927, 59.54, 252, 68.48, 4, 614
1558, 927, 59.50, 252, 68.48, 4, 615
1559, 928, 59.53, 252, 68.48, 4, 615
1560, 929, 59.55, 252, 68.48, 4, 615
1561, 929, 59.51, 252, 68.48, 4, 616
1562, 930, 59.54, 252, 68.48, 4, 616
1563, 930, 59.50, 252, 68.48, 4, 617
1564, 930, 59.46, 252, 68.48, 4, 618
1565, 931, 59.49, 252, 68.48, 4, 618
1566, 931, 59.45, 252, 68.48, 4, 619
1567, 932, 59.48, 252, 68.48, 4, 619
1568, 933, 59.50, 252, 68.48, 4, 619
1569, 934, 59.53, 252, 68.48, 4, 619
1570, 934, 59.49, 252, 68.48, 4, 620
1571, 935, 59.52, 252, 68.48, 4, 620
1572, 935, 59.48, 252, 68.48, 4, 621
1573, 935, 59.44, 252, 68.48, 4, 622
1574, 936, 59.47, 252, 68.48, 4, 622
1575, 937, 59.49, 252, 68.48, 4, 622
1576, 938, 59.52, 252, 68.48, 4, 622
1577, 939, 59.54, 252, 68.48, 4, 622
1578, 939, 59.51, 252, 68.48, 4, 623
1579, 940, 59.53, 252, 68.48, 4, 623
1580, 941, 59.56, 252, 68.48, 4, 623
1581, 942, 59.58, 252, 68.48, 4, 623
1582, 942, 59.54, 252, 68.48, 4, 624
1583, 942, 59.51, 252, 68.48, 4, 625
1584, 943, 59.53, 252, 68.48, 4, 625
1585, 944, 59.56, 252, 68.48, 4, 625
1586, 945, 59.58, 252, 68.48, 4, 625
1587, 946, 59.61, 252, 68.48, 4, 625
1588, 947, 59.63, 252, 68.48, 4, 625
1589, 947, 59.60, 252, 68.48, 4, 626
1590, 947, 59.56, 252, 68.48, 4, 627
1591, 948, 59.59, 252, 68.48, 4, 627
1592, 949, 59.61, 252, 68.48, 4, 627
1593, 950, 59.64, 252, 68.48, 4, 627
1594, 951, 59.66, 252, 68.48, 4, 627
1595, 952, 59.69, 252, 68.48, 4, 627
1596, 952, 59.65, 252, 68.48, 4, 628
1597, 952, 59.61, 252, 68.48, 4, 629
1598, 953, 59.64, 252, 68.48, 4, 629
1599, 953, 59.60, 252, 68.48, 4, 630
1600, 953, 59.56, 252, 68.48, 4, 631
1601, 953, 59.53, 252, 68.48, 4, 632
1602, 953, 59.49, 252, 68.48, 4, 633
1603, 953, 59.45, 252, 68.48, 4, 634
1604, 953, 59.41, 252, 68.48, 4, 635
1605, 953, 59.38, 252, 68.48, 4, 636
1606, 953, 59.34, 252, 68.48, 4, 637
1607, 954, 59.37, 252, 68.48, 4, 637
1608, 955, 59.39, 252, 68.48, 4, 637
1609, 956, 59.42, 252, 68.48, 4, 637
1610, 957, 59.44, 252, 68.48, 4, 637
1611, 958, 59.47, 252, 68.48, 4, 637
1612, 959, 59.49, 252, 68.48, 4, 637
1613, 960, 59.52, 252, 68.48, 4, 637
1614, 960, 59.48, 252, 68.48, 4, 638
1615, 960, 59.44, 252, 68.48, 4, 639
1616, 960, 59.41, 252, 68.48, 4, 640
1617, 960, 59.37, 252, 68.48, 4, 641
1618, 961, 59.39, 252, 68.48, 4, 641
1619, 962, 59.42, 252, 68.48, 4, 641
1620, 962, 59.38, 252, 68.48, 4, 642
1621, 963, 59.41, 252, 68.48, 4, 642
1622, 963, 59.37, 252, 68.48, 4, 643
1623, 963, 59.33, 252, 68.48, 4, 644
1624, 963, 59.30, 252, 68.48, 4, 645
1625, 963, 59.26, 252, 68.48, 4, 646
1626, 963, 59.23, 252, 68.48, 4, 647
1627, 964, 59.25, 252, 68.48, 4, 647
1628, 965, 59.28, 252, 68.48, 4, 647
1629, 966, 59.30, 252, 68.48, 4, 647
1630, 967, 59.33, 252, 68.48, 4, 647
1631, 967, 59.29, 252, 68.48, 4, 648
1632, 968, 59.31, 252, 68.48, 4, 648
1633, 969, 59.34, 252, 68.48, 4, 648
1634, 970, 59.36, 252, 68.48, 4, 648
1635, 970, 59.33, 252, 68.48, 4, 649
1636, 971, 59.35, 252, 68.48, 4, 649
1637, 972, 59.38, 252, 68.48, 4, 649
1638, 972, 59.34, 252, 68.48, 4, 650
1639, 973, 59.37, 252, 68.48, 4, 650
1640, 974, 59.39, 252, 68.48, 4, 650
1641, 975, 59.41, 252, 68.48, 4, 650
1642, 975, 59.38, 252, 68.48, 4, 651
1643, 975, 59.34, 252, 68.48, 4, 652
1644, 975, 59.31, 252, 68.48, 4, 653
1645, 975, 59.27, 252, 68.48, 4, 654
1646, 975, 59.23, 252, 68.48, 4, 655
1647, 975, 59.20, 252, 68.48, 4, 656
1648, 975, 59.16, 252, 68.48, 4, 657
1649, 976, 59.19, 252, 68.48, 4, 657
1650, 977, 59.21, 252, 68.48, 4, 657
1651, 978, 59.24, 252, 68.48, 4, 657
1652, 979, 59.26, 252, 68.48, 4, 657
1653, 980, 59.29, 252, 68.48, 4, 657
1654, 980, 59.25, 252, 68.48, 4, 658
1655, 981, 59.27, 252, 68.48, 4, 658
1656, 982, 59.30, 252, 68.48, 4, 658
1657, 983, 59.32, 252, 68.48, 4, 658
1658, 983, 59.29, 252, 68.48, 4, 659
1659, 984, 59.31, 252, 68.48, 4, 659
1660, 985, 59.34, 252, 68.48, 4, 659
1661, 986, 59.36, 252, 68.48, 4, 659
1662, 987, 59.39, 252, 68.48, 4, 659
1663, 988, 59.41, 252, 68.48, 4, 659
1664, 989, 59.44, 252, 68.48, 4, 659
1665, 990, 59.46, 252, 68.48, 4, 659
1666, 991, 59.48, 252, 68.48, 4, 659
1667, 992, 59.51, 252, 68.48, 4, 659
1668, 993, 59.53, 252, 68.48, 4, 659
1669, 994, 59.56, 252, 68.48, 4, 659
1670, 995, 59.58, 252, 68.48, 4, 659
1671, 995, 59.55, 252, 68.48, 4, 660
1672, 996, 59.57, 252, 68.48, 4, 660
1673, 997, 59.59, 252, 68.48, 4, 660
1674, 997, 59.56, 252, 68.48, 4, 661
1675, 997, 59.52, 252, 68.48, 4, 662
1676, 998, 59.55, 252, 68.48, 4, 662
1677, 999, 59.57, 252, 68.48, 4, 662
1678, 1000, 59.59, 252, 68.48, 4, 662
1679, 1001, 59.62, 252, 68.48, 4, 662
1680, 1001, 59.58, 252, 68.48, 4, 663
1681, 1002, 59.61, 252, 68.48, 4, 663
1682, 1003, 59.63, 252, 68.48, 4, 663
1683, 1004, 59.66, 252, 68.48, 4, 663
1684, 1005, 59.68, 252, 68.48, 4, 663
1685, 1006, 59.70, 252, 68.48, 4, 663
1686, 1007, 59.73, 252, 68.48, 4, 663
1687, 1008, 59.75, 252, 68.48, 4, 663
1688, 1008, 59.72, 252, 68.48, 4, 664
1689, 1008, 59.68, 252, 68.48, 4, 665
1690, 1009, 59.70, 252, 68.48, 4, 665
1691, 1010, 59.73, 252, 68.48, 4, 665
1692, 1010, 59.69, 252, 68.48, 4, 666
1693, 1011, 59.72, 252, 68.48, 4, 666
1694, 1012, 59.74, 252, 68.48, 4, 666
1695, 1012, 59.71, 252, 68.48, 4, 667
1696, 1013, 59.73, 252, 68.48, 4, 667
1697, 1014, 59.75, 252, 68.48, 4, 667
1698, 1014, 59.72, 252, 68.48, 4, 668
1699, 1015, 59.74, 252, 68.48, 4, 668
1700, 1016, 59.76, 252, 68.48, 4, 668
1701, 1017, 59.79, 252, 68.48, 4, 668
1702, 1018, 59.81, 252, 68.48, 4, 668
1703, 1018, 59.78, 252, 68.48, 4, 669
1704, 1018, 59.74, 252, 68.48, 4, 670
1705, 1018, 59.71, 252, 68.48, 4, 671
1706, 1018, 59.67, 252, 68.48, 4, 672
1707, 1019, 59.70, 252, 68.48, 4, 672
1708, 1019, 59.66, 252, 68.48, 4, 673
1709, 1019, 59.63, 252, 68.48, 4, 674
1710, 1019, 59.59, 252, 68.48, 4, 674
1711, 1019, 59.56, 252, 68.48, 4, 674
1712, 1020, 59.58, 252, 68.48, 4, 674
1713, 1020, 59.54, 252, 68.48, 4, 675
1714, 1020, 59.51, 252, 68.48, 4, 676
1715, 1021, 59.53, 252, 68.48, 4, 676
1716, 1021, 59.50, 252, 68.48, 4, 677
1717, 1022, 59.52, 252, 68.48, 4, 677
1718, 1023, 59.55, 252, 68.48, 4, 677
1719, 1023, 59.51, 252, 68.48, 4, 678
1720, 1023, 59.48, 252, 68.48, 4, 679
1721, 1023, 59.44, 252, 68.48, 4, 680
1722, 1023, 59.41, 252, 68.48, 4, 681
1723, 1024, 59.43, 252, 68.48, 4, 681
1724, 1025, 59.45, 252, 68.48, 4, 681
1725, 1025, 59.42, 252, 68.48, 4, 682
1726, 1026, 59.44, 252, 68.48, 4, 682
1727, 1027, 59.47, 252, 68.48, 4, 682
1728, 1027, 59.43, 252, 68.48, 4, 683
1729, 1028, 59.46, 252, 68.48, 4, 683
1730, 1029, 59.48, 252, 68.48, 4, 683
1731, 1030, 59.50, 252, 68.48, 4, 683
1732, 1031, 59.53, 252, 68.48, 4, 683
1733, 1031, 59.49, 252, 68.48, 4, 684
1734, 1031, 59.46, 252, 68.48, 4, 685
1735, 1032, 59.48, 252, 68.48, 4, 685
1736, 1033, 59.50, 252, 68.48, 4, 685
1737, 1034, 59.53, 252, 68.48, 4, 685
1738, 1034, 59.49, 252, 68.48, 4, 686
1739, 1034, 59.46, 252, 68.48, 4, 687
1740, 1035, 59.48, 252, 68.48, 4, 687
1741, 1035, 59.45, 252, 68.48, 4, 688
1742, 1036, 59.47, 252, 68.48, 4, 688
1743, 1036, 59.44, 252, 68.48, 4, 689
1744, 1036, 59.40, 252, 68.48, 4, 690
1745, 1036, 59.37, 252, 68.48, 4, 691
1746, 1036, 59.34, 252, 68.48, 4, 692
1747, 1037, 59.36, 252, 68.48, 4, 692
1748, 1038, 59.38, 252, 68.48, 4, 692
1749, 1039, 59.41, 252, 68.48, 4, 692
1750, 1040, 59.43, 252, 68.48, 4, 692
1751, 1041, 59.45, 252, 68.48, 4, 692
1752, 1042, 59.47, 252, 68.48, 4, 692
1753, 1043, 59.50, 252, 68.48, 4, 692
1754, 1044, 59.52, 252, 68.48, 4, 692
1755, 1045, 59.54, 252, 68.48, 4, 692
1756, 1046, 59.57, 252, 68.48, 4, 692
1757, 1047, 59.59, 252, 68.48, 4, 692
1758, 1047, 59.56, 252, 68.48, 4, 693
1759, 1048, 59.58, 252, 68.48, 4, 693
1760, 1049, 59.60, 252, 68.48, 4, 693
1761, 1049, 59.57, 252, 68.48, 4, 694
1762, 1049, 59.53, 252, 68.48, 4, 695
1763, 1050, 59.56, 252, 68.48, 4, 695
1764, 1051, 59.58, 252, 68.48, 4, 695
1765, 1052, 59.60, 252, 68.48, 4, 695
1766, 1052, 59.57, 252, 68.48, 4, 696
1767, 1053, 59.59, 252, 68.48, 4, 696
1768, 1054, 59.62, 252, 68.48, 4, 696
1769, 1054, 59.58, 252, 68.48, 4, 697
1770, 1054, 59.55, 252, 68.48, 4, 698
1771, 1055, 59.57, 252, 68.48, 4, 698
1772, 1055, 59.54, 252, 68.48, 4, 699
1773, 1056, 59.56, 252, 68.48, 4, 699
1774, 1056, 59.53, 252, 68.48, 4, 700
1775, 1057, 59.55, 252, 68.48, 4, 700
1776, 1058, 59.57, 252, 68.48, 4, 700
1777, 1059, 59.59, 252, 68.48, 4, 700
1778, 1060, 59.62, 252, 68.48, 4, 700
1779, 1061, 59.64, 252, 68.48, 4, 700
1780, 1062, 59.66, 252, 68.48, 4, 700
1781, 1063, 59.69, 252, 68.48, 4, 700
1782, 1063, 59.65, 252, 68.48, 4, 701
1783, 1064, 59.67, 252, 68.48, 4, 701
1784, 1065, 59.70, 252, 68.48, 4, 701
1785, 1065, 59.66, 252, 68.48, 4, 702
1786, 1066, 59.69, 252, 68.48, 4, 702
1787, 1066, 59.65, 252, 68.48, 4, 703
1788, 1066, 59.62, 252, 68.48, 4, 704
1789, 1066, 59.59, 252, 68.48, 4, 705
1790, 1066, 59.55, 252, 68.48, 4, 706
1791, 1067, 59.58, 252, 68.48, 4, 706
1792, 1068, 59.60, 252, 68.48, 4, 706
1793, 1069, 59.62, 252, 68.48, 4, 706
1794, 1069, 59.59, 252, 68.48, 4, 707
1795, 1070, 59.61, 252, 68.48, 4, 707
1796, 1070, 59.58, 252, 68.48, 4, 708
1797, 1070, 59.54, 252, 68.48, 4, 709
1798, 1070, 59.51, 252, 68.48, 4, 710
1799, 1071, 59.53, 252, 68.48, 4, 710
1800, 1071, 59.50, 252, 68.48, 4, 711
1801, 1071, 59.47, 252, 68.48, 4, 712
1802, 1071, 59.43, 252, 68.48, 4, 713
1803, 1071, 59.40, 252, 68.48, 4, 713
1804, 1071, 59.37, 252, 68.48, 4, 714
1805, 1071, 59.34, 252, 68.48, 4, 715
1806, 1072, 59.36, 252, 68.48, 4, 715
1807, 1073, 59.38, 252, 68.48, 4, 715
1808, 1073, 59.35, 252, 68.48, 4, 716
1809, 1074, 59.37, 252, 68.48, 4, 716
1810, 1075, 59.39, 252, 68.48, 4, 716
1811, 1076, 59.41, 252, 68.48, 4, 716
1812, 1076, 59.38, 252, 68.48, 4, 717
1813, 1077, 59.40, 252, 68.48, 4, 717
1814, 1078, 59.43, 252, 68.48, 4, 717
1815, 1078, 59.39, 252, 68.48, 4, 718
1816, 1078, 59.36, 252, 68.48, 4, 719
1817, 1078, 59.33, 252, 68.48, 4, 720
1818, 1078, 59.30, 252, 68.48, 4, 721
1819, 1079, 59.32, 252, 68.48, 4, 721
1820, 1080, 59.34, 252, 68.48, 4, 721
1821, 1081, 59.36, 252, 68.48, 4, 721
1822, 1082, 59.39, 252, 68.48, 4, 721
1823, 1082, 59.35, 252, 68.48, 4, 721
1824, 1083, 59.38, 252, 68.48, 4, 721
1825, 1083, 59.34, 252, 68.48, 4, 722
1826, 1083, 59.31, 252, 68.48, 4, 723
1827, 1084, 59.33, 252, 68.48, 4, 723
1828, 1084, 59.30, 252, 68.48, 4, 724
1829, 1084, 59.27, 252, 68.48, 4, 725
1830, 1084, 59.23, 252, 68.48, 4, 726
1831, 1085, 59.26, 252, 68.48, 4, 726
1832, 1086, 59.28, 252, 68.48, 4, 726
1833, 1086, 59.25, 252, 68.48, 4, 727
1834, 1086, 59.21, 252, 68.48, 4, 728
1835, 1086, 59.18, 252, 68.48, 4, 729
1836, 1086, 59.15, 252, 68.48, 4, 730
1837, 1087, 59.17, 252, 68.48, 4, 730
1838, 1087, 59.14, 252, 68.48, 4, 731
1839, 1087, 59.11, 252, 68.48, 4, 732
1840, 1087, 59.08, 252, 68.48, 4, 733
1841, 1087, 59.04, 252, 68.48, 4, 734
1842, 1087, 59.01, 252, 68.48, 4, 735
1843, 1087, 58.98, 252, 68.48, 4, 736
1844, 1087, 58.95, 252, 68.48, 4, 737
1845, 1087, 58.92, 252, 68.48, 4, 738
1846, 1088, 58.94, 252, 68.48, 4, 738
1847, 1089, 58.96, 252, 68.48, 4, 738
1848, 1090, 58.98, 252, 68.48, 4, 738
1849, 1090, 58.95, 252, 68.48, 4, 739
1850, 1091, 58.97, 252, 68.48, 4, 739
1851, 1092, 59.00, 252, 68.48, 4, 739
1852, 1092, 58.96, 252, 68.48, 4, 740
1853, 1092, 58.93, 252, 68.48, 4, 741
1854, 1093, 58.95, 252, 68.48, 4, 741
1855, 1094, 58.98, 252, 68.48, 4, 741
1856, 1095, 59.00, 252, 68.48, 4, 741
1857, 1096, 59.02, 252, 68.48, 4, 741
1858, 1096, 58.99, 252, 68.48, 4, 742
1859, 1097, 59.01, 252, 68.48, 4, 742
1860, 1098, 59.03, 252, 68.48, 4, 742
1861, 1098, 59.00, 252, 68.48, 4, 743
1862, 1099, 59.02, 252, 68.48, 4, 743
1863, 1100, 59.04, 252, 68.48, 4, 743
1864, 1101, 59.07, 252, 68.48, 4, 743
1865, 1101, 59.03, 252, 68.48, 4, 744
1866, 1102, 59.06, 252, 68.48, 4, 744
1867, 1102, 59.03, 252, 68.48, 4, 745
1868, 1103, 59.05, 252, 68.48, 4, 745
1869, 1104, 59.07, 252, 68.48, 4, 745
1870, 1105, 59.09, 252, 68.48, 4, 745
1871, 1106, 59.11, 252, 68.48, 4, 745
1872, 1106, 59.08, 252, 68.48, 4, 746
1873, 1107, 59.10, 252, 68.48, 4, 746
1874, 1107, 59.07, 252, 68.48, 4, 747
1875, 1108, 59.09, 252, 68.48, 4, 747
1876, 1108, 59.06, 252, 68.48, 4, 747
1877, 1108, 59.03, 252, 68.48, 4, 747
1878, 1109, 59.05, 252, 68.48, 4, 747
1879, 1110, 59.07, 252, 68.48, 4, 747
1880, 1111, 59.10, 252, 68.48, 4, 747
1881, 1111, 59.06, 252, 68.48, 4, 747
1882, 1112, 59.09, 252, 68.48, 4, 747
1883, 1113, 59.11, 252, 68.48, 4, 747
1884, 1114, 59.13, 252, 68.48, 4, 747
1885, 1115, 59.15, 252, 68.48, 4, 747
1886, 1116, 59.17, 252, 68.48, 4, 747
1887, 1116, 59.14, 252, 68.48, 4, 747
1888, 1116, 59.11, 252, 68.48, 4, 747
1889, 1117, 59.13, 252, 68.48, 4, 747
1890, 1118, 59.15, 252, 68.48, 4, 747
1891, 1119, 59.18, 252, 68.48, 4, 747
1892, 1120, 59.20, 252, 68.48, 4, 747
1893, 1121, 59.22, 252, 68.48, 4, 747
1894, 1121, 59.19, 252, 68.48, 4, 748
1895, 1121, 59.16, 252, 68.48, 4, 749
1896, 1122, 59.18, 252, 68.48, 4, 749
1897, 1123, 59.20, 252, 68.48, 4, 749
1898, 1123, 59.17, 252, 68.48, 4, 750
1899, 1124, 59.19, 252, 68.48, 4, 750
1900, 1125, 59.21, 252, 68.48, 4, 750
1901, 1126, 59.23, 252, 68.48, 4, 750
1902, 1126, 59.20, 252, 68.48, 4, 751
1903, 1127, 59.22, 252, 68.48, 4, 751
1904, 1128, 59.24, 252, 68.48, 4, 751
1905, 1128, 59.21, 252, 68.48, 4, 752
1906, 1128, 59.18, 252, 68.48, 4, 753
1907, 1129, 59.20, 252, 68.48, 4, 753
1908, 1129, 59.17, 252, 68.48, 4, 754
1909, 1130, 59.19, 252, 68.48, 4, 754
1910, 1130, 59.16, 252, 68.48, 4, 755
1911, 1131, 59.18, 252, 68.48, 4, 755
1912, 1132, 59.21, 252, 68.48, 4, 755
1913, 1132, 59.17, 252, 68.48, 4, 756
1914, 1133, 59.20, 252, 68.48, 4, 756
1915, 1133, 59.16, 252, 68.48, 4, 757
1916, 1134, 59.19, 252, 68.48, 4, 757
1917, 1135, 59.21, 252, 68.48, 4, 757
1918, 1136, 59.23, 252, 68.48, 4, 757
1919, 1137, 59.25, 252, 68.48, 4, 757
1920, 1138, 59.27, 252, 68.48, 4, 757
1921, 1139, 59.29, 252, 68.48, 4, 757
1922, 1140, 59.31, 252, 68.48, 4, 757
1923, 1140, 59.28, 252, 68.48, 4, 758
1924, 1140, 59.25, 252, 68.48, 4, 759
1925, 1140, 59.22, 252, 68.48, 4, 760
1926, 1141, 59.24, 252, 68.48, 4, 760
1927, 1141, 59.21, 252, 68.48, 4, 761
1928, 1141, 59.18, 252, 68.48, 4, 762
1929, 1142, 59.20, 252, 68.48, 4, 762
1930, 1142, 59.17, 252, 68.48, 4, 763
1931, 1142, 59.14, 252, 68.48, 4, 764
1932, 1143, 59.16, 252, 68.48, 4, 764
1933, 1143, 59.13, 252, 68.48, 4, 765
1934, 1144, 59.15, 252, 68.48, 4, 765
1935, 1144, 59.12, 252, 68.48, 4, 766
1936, 1144, 59.09, 252, 68.48, 4, 767
1937, 1144, 59.06, 252, 68.48, 4, 768
1938, 1144, 59.03, 252, 68.48, 4, 769
1939, 1144, 59.00, 252, 68.48, 4, 770
1940, 1145, 59.02, 252, 68.48, 4, 770
1941, 1146, 59.04, 252, 68.48, 4, 770
1942, 1147, 59.06, 252, 68.48, 4, 770
1943, 1148, 59.08, 252, 68.48, 4, 770
1944, 1149, 59.10, 252, 68.48, 4, 770
1945, 1150, 59.13, 252, 68.48, 4, 770
1946, 1150, 59.10, 252, 68.48, 4, 771
1947, 1151, 59.12, 252, 68.48, 4, 771
1948, 1152, 59.14, 252, 68.48, 4, 771
1949, 1152, 59.11, 252, 68.48, 4, 772
1950, 1152, 59.08, 252, 68.48, 4, 773
1951, 1152, 59.05, 252, 68.48, 4, 774
1952, 1153, 59.07, 252, 68.48, 4, 774
1953, 1153, 59.04, 252, 68.48, 4, 775
1954, 1154, 59.06, 252, 68.48, 4, 775
1955, 1155, 59.08, 252, 68.48, 4, 775
1956, 1156, 59.10, 252, 68.48, 4, 775
1957, 1156, 59.07, 252, 68.48, 4, 776
1958, 1157, 59.09, 252, 68.48, 4, 776
1959, 1157, 59.06, 252, 68.48, 4, 777
1960, 1157, 59.03, 252, 68.48, 4, 778
1961, 1157, 59.00, 252, 68.48, 4, 779
1962, 1158, 59.02, 252, 68.48, 4, 779
1963, 1159, 59.04, 252, 68.48, 4, 779
1964, 1160, 59.06, 252, 68.48, 4, 779
1965, 1161, 59.08, 252, 68.48, 4, 779
1966, 1161, 59.05, 252, 68.48, 4, 780
1967, 1162, 59.07, 252, 68.48, 4, 780
1968, 1163, 59.10, 252, 68.48, 4, 780
1969, 1163, 59.07, 252, 68.48, 4, 781
1970, 1163, 59.04, 252, 68.48, 4, 782
1971, 1163, 59.01, 252, 68.48, 4, 783
1972, 1164, 59.03, 252, 68.48, 4, 783
1973, 1165, 59.05, 252, 68.48, 4, 783
1974, 1166, 59.07, 252, 68.48, 4, 783
1975, 1167, 59.09, 252, 68.48, 4, 783
1976, 1168, 59.11, 252, 68.48, 4, 783
1977, 1169, 59.13, 252, 68.48, 4, 783
1978, 1170, 59.15, 252, 68.48, 4, 783
1979, 1170, 59.12, 252, 68.48, 4, 784
1980, 1170, 59.09, 252, 68.48, 4, 785
1981, 1171, 59.11, 252, 68.48, 4, 785
1982, 1171, 59.08, 252, 68.48, 4, 786
1983, 1172, 59.10, 252, 68.48, 4, 786
1984, 1172, 59.07, 252, 68.48, 4, 787
1985, 1172, 59.04, 252, 68.48, 4, 788
1986, 1173, 59.06, 252, 68.48, 4, 788
1987, 1173, 59.03, 252, 68.48, 4, 789
1988, 1174, 59.05, 252, 68.48, 4, 789
1989, 1175, 59.07, 252, 68.48, 4, 789
1990, 1176, 59.10, 252, 68.48, 4, 789
1991, 1177, 59.12, 252, 68.48, 4, 789
1992, 1178, 59.14, 252, 68.48, 4, 789
1993, 1178, 59.11, 252, 68.48, 4, 790
1994, 1179, 59.13, 252, 68.48, 4, 790
1995, 1180, 59.15, 252, 68.48, 4, 790
1996, 1181, 59.17, 252, 68.48, 4, 790
1997, 1181, 59.14, 252, 68.48, 4, 791
1998, 1182, 59.16, 252, 68.48, 4, 791
1999, 1183, 59.18, 252, 68.48, 4, 791
2000, 1184, 59.20, 252, 68.48, 4, 791
2001, 1185, 59.22, 252, 68.48, 4, 791
2002, 1185, 59.19, 252, 68.48, 4, 792
2003, 1186, 59.21, 252, 68.48, 4, 792
2004, 1187, 59.23, 252, 68.48, 4, 792
2005, 1188, 59.25, 252, 68.48, 4, 792
2006, 1189, 59.27, 252, 68.48, 4, 792
2007, 1189, 59.24, 252, 68.48, 4, 793
2008, 1190, 59.26, 252, 68.48, 4, 793
2009, 1191, 59.28, 252, 68.48, 4, 793
2010, 1192, 59.30, 252, 68.48, 4, 793
2011, 1192, 59.27, 252, 68.48, 4, 794
2012, 1192, 59.24, 252, 68.48, 4, 795
2013, 1192, 59.22, 252, 68.48, 4, 796
2014, 1193, 59.24, 252, 68.48, 4, 796
2015, 1193, 59.21, 252, 68.48, 4, 797
2016, 1193, 59.18, 252, 68.48, 4, 798
2017, 1194, 59.20, 252, 68.48, 4, 798
2018, 1194, 59.17, 252, 68.48, 4, 799
2019, 1195, 59.19, 252, 68.48, 4, 799
2020, 1196, 59.21, 252, 68.48, 4, 799
2021, 1196, 59.18, 252, 68.48, 4, 800
2022, 1197, 59.20, 252, 68.48, 4, 800
2023, 1197, 59.17, 252, 68.48, 4, 801
2024, 1198, 59.19, 252, 68.48, 4, 801
2025, 1199, 59.21, 252, 68.48, 4, 801
2026, 1199, 59.18, 252, 68.48, 4, 802
2027, 1200, 59.20, 252, 68.48, 4, 802
2028, 1201, 59.22, 252, 68.48, 4, 802
2029, 1202, 59.24, 252, 68.48, 4, 802
2030, 1202, 59.21, 252, 68.48, 4, 803
2031, 1202, 59.18, 252, 68.48, 4, 804
2032, 1203, 59.20, 252, 68.48, 4, 804
2033, 1204, 59.22, 252, 68.48, 4, 804
2034, 1204, 59.19, 252, 68.48, 4, 805
2035, 1205, 59.21, 252, 68.48, 4, 805
2036, 1206, 59.23, 252, 68.48, 4, 805
2037, 1207, 59.25, 252, 68.48, 4, 805
2038, 1208, 59.27, 252, 68.48, 4, 805
2039, 1209, 59.29, 252, 68.48, 4, 805
2040, 1210, 59.31, 252, 68.48, 4, 805
2041, 1211, 59.33, 252, 68.48, 4, 805
2042, 1211, 59.30, 252, 68.48, 4, 806
2043, 1212, 59.32, 252, 68.48, 4, 806
2044, 1213, 59.34, 252, 68.48, 4, 806
2045, 1214, 59.36, 252, 68.48, 4, 806
2046, 1214, 59.34, 252, 68.48, 4, 807
2047, 1215, 59.36, 252, 68.48, 4, 807
2048, 1216, 59.38, 252, 68.48, 4, 807
2049, 1217, 59.39, 252, 68.48, 4, 807
2050, 1217, 59.37, 252, 68.48, 4, 808
2051, 1217, 59.34, 252, 68.48, 4, 809
2052, 1217, 59.31, 252, 68.48, 4, 810
2053, 1218, 59.33, 252, 68.48, 4, 810
2054, 1218, 59.30, 252, 68.48, 4, 811
2055, 1218, 59.27, 252, 68.48, 4, 812
2056, 1219, 59.29, 252, 68.48, 4, 812
2057, 1220, 59.31, 252, 68.48, 4, 812
2058, 1221, 59.33, 252, 68.48, 4, 812
2059, 1221, 59.30, 252, 68.48, 4, 813
2060, 1222, 59.32, 252, 68.48, 4, 813
2061, 1223, 59.34, 252, 68.48, 4, 813
2062, 1223, 59.31, 252, 68.48, 4, 814
2063, 1223, 59.28, 252, 68.48, 4, 815
2064, 1224, 59.30, 252, 68.48, 4, 815
2065, 1225, 59.32, 252, 68.48, 4, 815
2066, 1225, 59.29, 252, 68.48, 4, 816
2067, 1226, 59.31, 252, 68.48, 4, 816
2068, 1227, 59.33, 252, 68.48, 4, 816
2069, 1227, 59.30, 252, 68.48, 4, 817
2070, 1227, 59.28, 252, 68.48, 4, 818
2071, 1228, 59.30, 252, 68.48, 4, 818
2072, 1229, 59.31, 252, 68.48, 4, 818
2073, 1229, 59.29, 252, 68.48, 4, 819
2074, 1229, 59.26, 252, 68.48, 4, 820
2075, 1230, 59.28, 252, 68.48, 4, 820
2076, 1231, 59.30, 252, 68.48, 4, 820
2077, 1232, 59.32, 252, 68.48, 4, 820
2078, 1232, 59.29, 252, 68.48, 4, 821
2079, 1232, 59.26, 252, 68.48, 4, 822
2080, 1233, 59.28, 252, 68.48, 4, 822
2081, 1233, 59.25, 252, 68.48, 4, 823
2082, 1233, 59.22, 252, 68.48, 4, 824
2083, 1233, 59.19, 252, 68.48, 4, 825
2084, 1233, 59.17, 252, 68.48, 4, 826
2085, 1233, 59.14, 252, 68.48, 4, 827
2086, 1234, 59.16, 252, 68.48, 4, 827
2087, 1235, 59.18, 252, 68.48, 4, 827
2088, 1236, 59.20, 252, 68.48, 4, 827
2089, 1236, 59.17, 252, 68.48, 4, 828
2090, 1236, 59.14, 252, 68.48, 4, 828
2091, 1237, 59.16, 252, 68.48, 4, 828
2092, 1238, 59.18, 252, 68.48, 4, 828
2093, 1238, 59.15, 252, 68.48, 4, 829
2094, 1239, 59.17, 252, 68.48, 4, 829
2095, 1239, 59.14, 252, 68.48, 4, 830
2096, 1239, 59.11, 252, 68.48, 4, 831
2097, 1240, 59.13, 252, 68.48, 4, 831
2098, 1240, 59.10, 252, 68.48, 4, 832
2099, 1241, 59.12, 252, 68.48, 4, 832
2100, 1242, 59.14, 252, 68.48, 4, 832
2101, 1243, 59.16, 252, 68.48, 4, 832
2102, 1243, 59.13, 252, 68.48, 4, 833
2103, 1244, 59.15, 252, 68.48, 4, 833
2104, 1244, 59.13, 252, 68.48, 4, 834
2105, 1245, 59.14, 252, 68.48, 4, 834
2106, 1245, 59.12, 252, 68.48, 4, 835
2107, 1245, 59.09, 252, 68.48, 4, 836
2108, 1246, 59.11, 252, 68.48, 4, 836
2109, 1247, 59.13, 252, 68.48, 4, 836
2110, 1247, 59.10, 252, 68.48, 4, 837
2111, 1248, 59.12, 252, 68.48, 4, 837
2112, 1249, 59.14, 252, 68.48, 4, 837
2113, 1250, 59.16, 252, 68.48, 4, 837
2114, 1251, 59.18, 252, 68.48, 4, 837
2115, 1252, 59.20, 252, 68.48, 4, 837
2116, 1252, 59.17, 252, 68.48, 4, 838
2117, 1253, 59.19, 252, 68.48, 4, 838
2118, 1254, 59.21, 252, 68.48, 4, 838
2119, 1254, 59.18, 252, 68.48, 4, 839
2120, 1254, 59.15, 252, 68.48, 4, 840
2121, 1255, 59.17, 252, 68.48, 4, 840
2122, 1256, 59.19, 252, 68.48, 4, 840
2123, 1256, 59.16, 252, 68.48, 4, 841
2124, 1257, 59.18, 252, 68.48, 4, 841
2125, 1258, 59.20, 252, 68.48, 4, 841
2126, 1259, 59.22, 252, 68.48, 4, 841
2127, 1260, 59.24, 252, 68.48, 4, 841
2128, 1261, 59.26, 252, 68.48, 4, 841
2129, 1261, 59.23, 252, 68.48, 4, 842
2130, 1262, 59.25, 252, 68.48, 4, 842
2131, 1263, 59.27, 252, 68.48, 4, 842
2132, 1263, 59.24, 252, 68.48, 4, 843
2133, 1263, 59.21, 252, 68.48, 4, 844
2134, 1263, 59.18, 252, 68.48, 4, 845
2135, 1263, 59.16, 252, 68.48, 4, 846
2136, 1264, 59.18, 252, 68.48, 4, 846
2137, 1265, 59.20, 252, 68.48, 4, 846
2138, 1266, 59.21, 252, 68.48, 4, 846
2139, 1267, 59.23, 252, 68.48, 4, 846
2140, 1268, 59.25, 252, 68.48, 4, 846
2141, 1268, 59.22, 252, 68.48, 4, 847
2142, 1269, 59.24, 252, 68.48, 4, 847
2143, 1269, 59.22, 252, 68.48, 4, 848
2144, 1270, 59.24, 252, 68.48, 4, 848
2145, 1270, 59.21, 252, 68.48, 4, 849
2146, 1270, 59.18, 252, 68.48, 4, 850
2147, 1271, 59.20, 252, 68.48, 4, 850
2148, 1272, 59.22, 252, 68.48, 4, 850
2149, 1272, 59.19, 252, 68.48, 4, 851
2150, 1273, 59.21, 252, 68.48, 4, 851
2151, 1274, 59.23, 252, 68.48, 4, 851
2152, 1274, 59.20, 252, 68.48, 4, 852
2153, 1275, 59.22, 252, 68.48, 4, 852
2154, 1275, 59.19, 252, 68.48, 4, 853
2155, 1275, 59.16, 252, 68.48, 4, 854
2156, 1275, 59.14, 252, 68.48, 4, 855
2157, 1276, 59.16, 252, 68.48, 4, 855
2158, 1277, 59.18, 252, 68.48, 4, 855
2159, 1278, 59.19, 252, 68.48, 4, 855
2160, 1278, 59.17, 252, 68.48, 4, 855
2161, 1279, 59.19, 252, 68.48, 4, 855
2162, 1280, 59.20, 252, 68.48, 4, 855
2163, 1281, 59.22, 252, 68.48, 4, 855
2164, 1282, 59.24, 252, 68.48, 4, 855
2165, 1282, 59.21, 252, 68.48, 4, 856
2166, 1283, 59.23, 252, 68.48, 4, 856
2167, 1284, 59.25, 252, 68.48, 4, 856
2168, 1284, 59.23, 252, 68.48, 4, 857
2169, 1285, 59.24, 252, 68.48, 4, 857
2170, 1286, 59.26, 252, 68.48, 4, 857
2171, 1286, 59.24, 252, 68.48, 4, 858
2172, 1287, 59.25, 252, 68.48, 4, 858
2173, 1287, 59.23, 252, 68.48, 4, 859
2174, 1288, 59.25, 252, 68.48, 4, 859
2175, 1289, 59.26, 252, 68.48, 4, 859
2176, 1289, 59.24, 252, 68.48, 4, 860
2177, 1289, 59.21, 252, 68.48, 4, 861
2178, 1290, 59.23, 252, 68.48, 4, 861
2179, 1290, 59.20, 252, 68.48, 4, 862
2180, 1290, 59.17, 252, 68.48, 4, 863
2181, 1290, 59.15, 252, 68.48, 4, 864
2182, 1291, 59.17, 252, 68.48, 4, 864
2183, 1292, 59.18, 252, 68.48, 4, 864
2184, 1293, 59.20, 252, 68.48, 4, 864
2185, 1294, 59.22, 252, 68.48, 4, 864
2186, 1295, 59.24, 252, 68.48, 4, 864
2187, 1295, 59.21, 252, 68.48, 4, 865
2188, 1296, 59.23, 252, 68.48, 4, 865
2189, 1297, 59.25, 252, 68.48, 4, 865
2190, 1297, 59.22, 252, 68.48, 4, 866
2191, 1298, 59.24, 252, 68.48, 4, 866
2192, 1299, 59.26, 252, 68.48, 4, 866
2193, 1300, 59.28, 252, 68.48, 4, 866
2194, 1301, 59.30, 252, 68.48, 4, 866
2195, 1301, 59.27, 252, 68.48, 4, 867
2196, 1302, 59.29, 252, 68.48, 4, 867
2197, 1302, 59.26, 252, 68.48, 4, 868
2198, 1302, 59.24, 252, 68.48, 4, 869
2199, 1302, 59.21, 252, 68.48, 4, 870
2200, 1302, 59.18, 252, 68.48, 4, 871
2201, 1302, 59.15, 252, 68.48, 4, 872
2202, 1302, 59.13, 252, 68.48, 4, 873
2203, 1302, 59.10, 252, 68.48, 4, 874
2204, 1303, 59.12, 252, 68.48, 4, 874
2205, 1303, 59.09, 252, 68.48, 4, 875
2206, 1304, 59.11, 252, 68.48, 4, 875
2207, 1304, 59.08, 252, 68.48, 4, 876
2208, 1304, 59.06, 252, 68.48, 4, 877
2209, 1304, 59.03, 252, 68.48, 4, 878
2210, 1305, 59.05, 252, 68.48, 4, 878
2211, 1305, 59.02, 252, 68.48, 4, 879
2212, 1306, 59.04, 252, 68.48, 4, 879
2213, 1306, 59.01, 252, 68.48, 4, 880
2214, 1307, 59.03, 252, 68.48, 4, 880
2215, 1307, 59.01, 252, 68.48, 4, 881
2216, 1307, 58.98, 252, 68.48, 4, 882
2217, 1308, 59.00, 252, 68.48, 4, 882
2218, 1308, 58.97, 252, 68.48, 4, 883
2219, 1308, 58.95, 252, 68.48, 4, 884
2220, 1308, 58.92, 252, 68.48, 4, 885
2221, 1308, 58.89, 252, 68.48, 4, 886
2222, 1308, 58.87, 252, 68.48, 4, 887
2223, 1308, 58.84, 252, 68.48, 4, 888
2224, 1308, 58.81, 252, 68.48, 4, 889
2225, 1309, 58.83, 252, 68.48, 4, 889
2226, 1310, 58.85, 252, 68.48, 4, 889
2227, 1311, 58.87, 252, 68.48, 4, 889
2228, 1311, 58.84, 252, 68.48, 4, 890
2229, 1312, 58.86, 252, 68.48, 4, 890
2230, 1312, 58.83, 252, 68.48, 4, 891
2231, 1313, 58.85, 252, 68.48, 4, 891
2232, 1313, 58.83, 252, 68.48, 4, 892
2233, 1313, 58.80, 252, 68.48, 4, 893
2234, 1313, 58.77, 252, 68.48, 4, 893
2235, 1314, 58.79, 252, 68.48, 4, 893
2236, 1315, 58.81, 252, 68.48, 4, 893
2237, 1315, 58.78, 252, 68.48, 4, 893
2238, 1315, 58.76, 252, 68.48, 4, 893
2239, 1316, 58.78, 252, 68.48, 4, 893
2240, 1317, 58.79, 252, 68.48, 4, 893
2241, 1318, 58.81, 252, 68.48, 4, 893
2242, 1319, 58.83, 252, 68.48, 4, 893
2243, 1319, 58.81, 252, 68.48, 4, 894
2244, 1319, 58.78, 252, 68.48, 4, 895
2245, 1319, 58.75, 252, 68.48, 4, 896
2246, 1320, 58.77, 252, 68.48, 4, 896
2247, 1321, 58.79, 252, 68.48, 4, 896
2248, 1321, 58.76, 252, 68.48, 4, 897
2249, 1322, 58.78, 252, 68.48, 4, 897
2250, 1323, 58.80, 252, 68.48, 4, 897
2251, 1324, 58.82, 252, 68.48, 4, 897
2252, 1325, 58.84, 252, 68.48, 4, 897
2253, 1326, 58.85, 252, 68.48, 4, 897
2254, 1326, 58.83, 252, 68.48, 4, 898
2255, 1327, 58.85, 252, 68.48, 4, 898
2256, 1327, 58.82, 252, 68.48, 4, 898
2257, 1328, 58.84, 252, 68.48, 4, 898
2258, 1329, 58.86, 252, 68.48, 4, 898
2259, 1330, 58.88, 252, 68.48, 4, 898
2260, 1330, 58.85, 252, 68.48, 4, 899
2261, 1331, 58.87, 252, 68.48, 4, 899
2262, 1331, 58.84, 252, 68.48, 4, 900
2263, 1331, 58.82, 252, 68.48, 4, 901
2264, 1331, 58.79, 252, 68.48, 4, 902
2265, 1331, 58.76, 252, 68.48, 4, 903
2266, 1332, 58.78, 252, 68.48, 4, 903
2267, 1332, 58.76, 252, 68.48, 4, 904
2268, 1333, 58.77, 252, 68.48, 4, 904
2269, 1333, 58.75, 252, 68.48, 4, 904
2270, 1333, 58.72, 252, 68.48, 4, 905
2271, 1334, 58.74, 252, 68.48, 4, 905
2272, 1334, 58.71, 252, 68.48, 4, 906
2273, 1335, 58.73, 252, 68.48, 4, 906
2274, 1336, 58.75, 252, 68.48, 4, 906
2275, 1336, 58.73, 252, 68.48, 4, 907
2276, 1337, 58.74, 252, 68.48, 4, 907
2277, 1337, 58.72, 252, 68.48, 4, 908
2278, 1338, 58.74, 252, 68.48, 4, 908
2279, 1339, 58.75, 252, 68.48, 4, 908
2280, 1340, 58.77, 252, 68.48, 4, 908
2281, 1340, 58.75, 252, 68.48, 4, 909
2282, 1341, 58.76, 252, 68.48, 4, 909
2283, 1342, 58.78, 252, 68.48, 4, 909
2284, 1342, 58.76, 252, 68.48, 4, 910
2285, 1342, 58.73, 252, 68.48, 4, 911
2286, 1342, 58.71, 252, 68.48, 4, 912
2287, 1343, 58.72, 252, 68.48, 4, 912
2288, 1344, 58.74, 252, 68.48, 4, 912
2289, 1344, 58.72, 252, 68.48, 4, 913
2290, 1344, 58.69, 252, 68.48, 4, 914
2291, 1344, 58.66, 252, 68.48, 4, 915
2292, 1345, 58.68, 252, 68.48, 4, 915
2293, 1346, 58.70, 252, 68.48, 4, 915
2294, 1347, 58.72, 252, 68.48, 4, 915
2295, 1347, 58.69, 252, 68.48, 4, 916
2296, 1347, 58.67, 252, 68.48, 4, 917
2297, 1348, 58.69, 252, 68.48, 4, 917
2298, 1349, 58.70, 252, 68.48, 4, 917
2299, 1350, 58.72, 252, 68.48, 4, 917
2300, 1350, 58.70, 252, 68.48, 4, 918
2301, 1350, 58.67, 252, 68.48, 4, 919
2302, 1350, 58.64, 252, 68.48, 4, 920
2303, 1351, 58.66, 252, 68.48, 4, 920
2304, 1352, 58.68, 252, 68.48, 4, 920
2305, 1353, 58.70, 252, 68.48, 4, 920
2306, 1354, 58.72, 252, 68.48, 4, 920
2307, 1355, 58.73, 252, 68.48, 4, 920
2308, 1355, 58.71, 252, 68.48, 4, 921
2309, 1356, 58.73, 252, 68.48, 4, 921
2310, 1356, 58.70, 252, 68.48, 4, 922
2311, 1357, 58.72, 252, 68.48, 4, 922
2312, 1357, 58.69, 252, 68.48, 4, 923
2313, 1357, 58.67, 252, 68.48, 4, 924
2314, 1358, 58.69, 252, 68.48, 4, 924
2315, 1358, 58.66, 252, 68.48, 4, 925
2316, 1359, 58.68, 252, 68.48, 4, 925
2317, 1359, 58.65, 252, 68.48, 4, 926
2318, 1360, 58.67, 252, 68.48, 4, 926
2319, 1361, 58.69, 252, 68.48, 4, 926
2320, 1362, 58.71, 252, 68.48, 4, 926
2321, 1362, 58.68, 252, 68.48, 4, 927
2322, 1362, 58.66, 252, 68.48, 4, 928
2323, 1363, 58.67, 252, 68.48, 4, 928
2324, 1363, 58.65, 252, 68.48, 4, 929
2325, 1363, 58.62, 252, 68.48, 4, 930
2326, 1363, 58.60, 252, 68.48, 4, 931
2327, 1364, 58.62, 252, 68.48, 4, 931
2328, 1365, 58.63, 252, 68.48, 4, 931
2329, 1366, 58.65, 252, 68.48, 4, 931
2330, 1366, 58.63, 252, 68.48, 4, 932
2331, 1367, 58.64, 252, 68.48, 4, 932
2332, 1367, 58.62, 252, 68.48, 4, 933
2333, 1368, 58.64, 252, 68.48, 4, 933
2334, 1369, 58.65, 252, 68.48, 4, 933
2335, 1369, 58.63, 252, 68.48, 4, 934
2336, 1369, 58.60, 252, 68.48, 4, 935
2337, 1370, 58.62, 252, 68.48, 4, 935
2338, 1371, 58.64, 252, 68.48, 4, 935
2339, 1372, 58.66, 252, 68.48, 4, 935
2340, 1372, 58.63, 252, 68.48, 4, 936
2341, 1372, 58.61, 252, 68.48, 4, 937
2342, 1373, 58.63, 252, 68.48, 4, 937
2343, 1373, 58.60, 252, 68.48, 4, 938
2344, 1374, 58.62, 252, 68.48, 4, 938
2345, 1374, 58.59, 252, 68.48, 4, 939
2346, 1374, 58.57, 252, 68.48, 4, 940
2347, 1374, 58.54, 252, 68.48, 4, 941
2348, 1375, 58.56, 252, 68.48, 4, 941
2349, 1376, 58.58, 252, 68.48, 4, 941
2350, 1377, 58.60, 252, 68.48, 4, 941
2351, 1378, 58.61, 252, 68.48, 4, 941
2352, 1378, 58.59, 252, 68.48, 4, 942
2353, 1378, 58.56, 252, 68.48, 4, 943
2354, 1379, 58.58, 252, 68.48, 4, 943
2355, 1380, 58.60, 252, 68.48, 4, 943
2356, 1381, 58.62, 252, 68.48, 4, 943
2357, 1381, 58.59, 252, 68.48, 4, 944
2358, 1382, 58.61, 252, 68.48, 4, 944
2359, 1383, 58.63, 252, 68.48, 4, 944
2360, 1384, 58.64, 252, 68.48, 4, 944
2361, 1385, 58.66, 252, 68.48, 4, 944
2362, 1386, 58.68, 252, 68.48, 4, 944
2363, 1387, 58.70, 252, 68.48, 4, 944
2364, 1387, 58.67, 252, 68.48, 4, 945
2365, 1387, 58.65, 252, 68.48, 4, 946
2366, 1388, 58.66, 252, 68.48, 4, 946
2367, 1389, 58.68, 252, 68.48, 4, 946
2368, 1390, 58.70, 252, 68.48, 4, 946
2369, 1391, 58.72, 252, 68.48, 4, 946
2370, 1392, 58.73, 252, 68.48, 4, 946
2371, 1392, 58.71, 252, 68.48, 4, 947
2372, 1392, 58.68, 252, 68.48, 4, 948
2373, 1393, 58.70, 252, 68.48, 4, 948
2374, 1394, 58.72, 252, 68.48, 4, 948
2375, 1395, 58.74, 252, 68.48, 4, 948
2376, 1395, 58.71, 252, 68.48, 4, 949
2377, 1396, 58.73, 252, 68.48, 4, 949
2378, 1396, 58.70, 252, 68.48, 4, 950
2379, 1397, 58.72, 252, 68.48, 4, 950
2380, 1397, 58.70, 252, 68.48, 4, 951
2381, 1397, 58.67, 252, 68.48, 4, 952
2382, 1398, 58.69, 252, 68.48, 4, 952
2383, 1398, 58.67, 252, 68.48, 4, 953
2384, 1398, 58.64, 252, 68.48, 4, 954
2385, 1399, 58.66, 252, 68.48, 4, 954
2386, 1400, 58.68, 252, 68.48, 4, 954
2387, 1401, 58.69, 252, 68.48, 4, 954
2388, 1402, 58.71, 252, 68.48, 4, 954
2389, 1403, 58.73, 252, 68.48, 4, 954
2390, 1404, 58.74, 252, 68.48, 4, 954
2391, 1404, 58.72, 252, 68.48, 4, 955
2392, 1405, 58.74, 252, 68.48, 4, 955
2393, 1406, 58.75, 252, 68.48, 4, 955
2394, 1406, 58.73, 252, 68.48, 4, 956
2395, 1406, 58.71, 252, 68.48, 4, 957
2396, 1406, 58.68, 252, 68.48, 4, 958
2397, 1406, 58.66, 252, 68.48, 4, 959
2398, 1406, 58.63, 252, 68.48, 4, 960
2399, 1407, 58.65, 252, 68.48, 4, 960
2400, 1407, 58.63, 252, 68.48, 4, 961
2401, 1408, 58.64, 252, 68.48, 4, 961
2402, 1409, 58.66, 252, 68.48, 4, 961
2403, 1409, 58.64, 252, 68.48, 4, 962
2404, 1409, 58.61, 252, 68.48, 4, 963
2405, 1410, 58.63, 252, 68.48, 4, 963
2406, 1411, 58.65, 252, 68.48, 4, 963
2407, 1411, 58.62, 252, 68.48, 4, 964
2408, 1412, 58.64, 252, 68.48, 4, 964
2409, 1413, 58.66, 252, 68.48, 4, 964
2410, 1414, 58.67, 252, 68.48, 4, 964
2411, 1415, 58.69, 252, 68.48, 4, 964
2412, 1416, 58.71, 252, 68.48, 4, 964
2413, 1417, 58.72, 252, 68.48, 4, 964
2414, 1417, 58.70, 252, 68.48, 4, 965
2415, 1418, 58.72, 252, 68.48, 4, 965
2416, 1419, 58.73, 252, 68.48, 4, 965
2417, 1420, 58.75, 252, 68.48, 4, 965
2418, 1421, 58.77, 252, 68.48, 4, 965
2419, 1422, 58.78, 252, 68.48, 4, 965
2420, 1423, 58.80, 252, 68.48, 4, 965
2421, 1424, 58.82, 252, 68.48, 4, 965
2422, 1424, 58.79, 252, 68.48, 4, 966
2423, 1425, 58.81, 252, 68.48, 4, 966
2424, 1426, 58.83, 252, 68.48, 4, 966
2425, 1427, 58.85, 252, 68.48, 4, 966
2426, 1427, 58.82, 252, 68.48, 4, 967
2427, 1428, 58.84, 252, 68.48, 4, 967
2428, 1429, 58.86, 252, 68.48, 4, 967
2429, 1430, 58.87, 252, 68.48, 4, 967
2430, 1431, 58.89, 252, 68.48, 4, 967
2431, 1432, 58.91, 252, 68.48, 4, 967
2432, 1432, 58.88, 252, 68.48, 4, 968
2433, 1433, 58.90, 252, 68.48, 4, 968
2434, 1434, 58.92, 252, 68.48, 4, 968
2435, 1434, 58.89, 252, 68.48, 4, 969
2436, 1435, 58.91, 252, 68.48, 4, 969
2437, 1436, 58.92, 252, 68.48, 4, 969
2438, 1437, 58.94, 252, 68.48, 4, 969
2439, 1437, 58.92, 252, 68.48, 4, 970
2440, 1437, 58.89, 252, 68.48, 4, 971
2441, 1438, 58.91, 252, 68.48, 4, 971
2442, 1439, 58.93, 252, 68.48, 4, 971
2443, 1440, 58.94, 252, 68.48, 4, 971
2444, 1441, 58.96, 252, 68.48, 4, 971
2445, 1441, 58.94, 252, 68.48, 4, 971
2446, 1441, 58.91, 252, 68.48, 4, 972
2447, 1442, 58.93, 252, 68.48, 4, 972
2448, 1443, 58.95, 252, 68.48, 4, 972
2449, 1443, 58.92, 252, 68.48, 4, 973
2450, 1444, 58.94, 252, 68.48, 4, 973
2451, 1445, 58.96, 252, 68.48, 4, 973
2452, 1445, 58.93, 252, 68.48, 4, 974
2453, 1445, 58.91, 252, 68.48, 4, 975
2454, 1445, 58.88, 252, 68.48, 4, 976
2455, 1445, 58.86, 252, 68.48, 4, 977
2456, 1446, 58.88, 252, 68.48, 4, 977
2457, 1447, 58.89, 252, 68.48, 4, 977
2458, 1448, 58.91, 252, 68.48, 4, 977
2459, 1448, 58.89, 252, 68.48, 4, 978
2460, 1449, 58.90, 252, 68.48, 4, 978
2461, 1449, 58.88, 252, 68.48, 4, 979
2462, 1449, 58.85, 252, 68.48, 4, 980
2463, 1450, 58.87, 252, 68.48, 4, 980
2464, 1451, 58.89, 252, 68.48, 4, 980
2465, 1452, 58.90, 252, 68.48, 4, 980
2466, 1452, 58.88, 252, 68.48, 4, 981
2467, 1452, 58.86, 252, 68.48, 4, 982
2468, 1453, 58.87, 252, 68.48, 4, 982
2469, 1454, 58.89, 252, 68.48, 4, 982
2470, 1455, 58.91, 252, 68.48, 4, 982
2471, 1455, 58.88, 252, 68.48, 4, 983
2472, 1455, 58.86, 252, 68.48, 4, 984
2473, 1456, 58.88, 252, 68.48, 4, 984
2474, 1456, 58.85, 252, 68.48, 4, 985
2475, 1457, 58.87, 252, 68.48, 4, 985
2476, 1458, 58.89, 252, 68.48, 4, 985
2477, 1458, 58.86, 252, 68.48, 4, 986
2478, 1459, 58.88, 252, 68.48, 4, 986
2479, 1459, 58.85, 252, 68.48, 4, 987
2480, 1459, 58.83, 252, 68.48, 4, 988
2481, 1459, 58.81, 252, 68.48, 4, 989
2482, 1460, 58.82, 252, 68.48, 4, 989
2483, 1460, 58.80, 252, 68.48, 4, 990
2484, 1460, 58.78, 252, 68.48, 4, 991
2485, 1460, 58.75, 252, 68.48, 4, 992
2486, 1461, 58.77, 252, 68.48, 4, 992
2487, 1462, 58.79, 252, 68.48, 4, 992
2488, 1463, 58.80, 252, 68.48, 4, 992
2489, 1463, 58.78, 252, 68.48, 4, 993
2490, 1464, 58.80, 252, 68.48, 4, 993
2491, 1465, 58.81, 252, 68.48, 4, 993
2492, 1465, 58.79, 252, 68.48, 4, 994
2493, 1466, 58.80, 252, 68.48, 4, 994
2494, 1467, 58.82, 252, 68.48, 4, 994
2495, 1468, 58.84, 252, 68.48, 4, 994
2496, 1469, 58.85, 252, 68.48, 4, 994
2497, 1470, 58.87, 252, 68.48, 4, 994
2498, 1471, 58.89, 252, 68.48, 4, 994
2499, 1472, 58.90, 252, 68.48, 4, 994
2500, 1473, 58.92, 252, 68.48, 4, 994
2501, 1474, 58.94, 252, 68.48, 4, 994
2502, 1474, 58.91, 252, 68.48, 4, 995
2503, 1475, 58.93, 252, 68.48, 4, 995
2504, 1475, 58.91, 252, 68.48, 4, 996
2505, 1475, 58.88, 252, 68.48, 4, 997
2506, 1475, 58.86, 252, 68.48, 4, 998
2507, 1475, 58.84, 252, 68.48, 4, 999
2508, 1476, 58.85, 252, 68.48, 4, 999
2509, 1477, 58.87, 252, 68.48, 4, 999
2510, 1478, 58.88, 252, 68.48, 4, 999
2511, 1478, 58.86, 252, 68.48, 4, 1000
2512, 1478, 58.84, 252, 68.48, 4, 1001
2513, 1479, 58.85, 252, 68.48, 4, 1001
2514, 1479, 58.83, 252, 68.48, 4, 1002
2515, 1480, 58.85, 252, 68.48, 4, 1002
2516, 1480, 58.82, 252, 68.48, 4, 1003
2517, 1481, 58.84, 252, 68.48, 4, 1003
2518, 1482, 58.86, 252, 68.48, 4, 1003
2519, 1482, 58.83, 252, 68.48, 4, 1004
2520, 1483, 58.85, 252, 68.48, 4, 1004
2521, 1483, 58.83, 252, 68.48, 4, 1005
2522, 1484, 58.84, 252, 68.48, 4, 1005
2523, 1485, 58.86, 252, 68.48, 4, 1005
2524, 1485, 58.84, 252, 68.48, 4, 1006
2525, 1486, 58.85, 252, 68.48, 4, 1006
2526, 1486, 58.83, 252, 68.48, 4, 1007
2527, 1487, 58.84, 252, 68.48, 4, 1007
2528, 1488, 58.86, 252, 68.48, 4, 1007
2529, 1489, 58.88, 252, 68.48, 4, 1007
2530, 1489, 58.85, 252, 68.48, 4, 1008
2531, 1490, 58.87, 252, 68.48, 4, 1008
2532, 1490, 58.85, 252, 68.48, 4, 1009
2533, 1490, 58.82, 252, 68.48, 4, 1010
2534, 1490, 58.80, 252, 68.48, 4, 1011
2535, 1491, 58.82, 252, 68.48, 4, 1011
2536, 1491, 58.79, 252, 68.48, 4, 1012
2537, 1492, 58.81, 252, 68.48, 4, 1012
2538, 1492, 58.79, 252, 68.48, 4, 1013
2539, 1492, 58.76, 252, 68.48, 4, 1014
2540, 1493, 58.78, 252, 68.48, 4, 1014
2541, 1494, 58.80, 252, 68.48, 4, 1014
2542, 1495, 58.81, 252, 68.48, 4, 1014
2543, 1495, 58.79, 252, 68.48, 4, 1015
2544, 1495, 58.77, 252, 68.48, 4, 1016
2545, 1496, 58.78, 252, 68.48, 4, 1016
2546, 1497, 58.80, 252, 68.48, 4, 1016
2547, 1497, 58.78, 252, 68.48, 4, 1017
2548, 1498, 58.79, 252, 68.48, 4, 1017
2549, 1498, 58.77, 252, 68.48, 4, 1018
2550, 1498, 58.75, 252, 68.48, 4, 1019
2551, 1498, 58.72, 252, 68.48, 4, 1020
2552, 1499, 58.74, 252, 68.48, 4, 1020
2553, 1499, 58.72, 252, 68.48, 4, 1021
2554, 1500, 58.73, 252, 68.48, 4, 1021
2555, 1500, 58.71, 252, 68.48, 4, 1022
2556, 1501, 58.72, 252, 68.48, 4, 1022
2557, 1501, 58.70, 252, 68.48, 4, 1023
2558, 1501, 58.68, 252, 68.48, 4, 1024
2559, 1501, 58.66, 252, 68.48, 4, 1025
2560, 1501, 58.63, 252, 68.48, 4, 1026
2561, 1501, 58.61, 252, 68.48, 4, 1027
2562, 1501, 58.59, 252, 68.48, 4, 1028
2563, 1502, 58.60, 252, 68.48, 4, 1028
2564, 1503, 58.62, 252, 68.48, 4, 1028
2565, 1504, 58.64, 252, 68.48, 4, 1028
2566, 1504, 58.61, 252, 68.48, 4, 1029
2567, 1505, 58.63, 252, 68.48, 4, 1029
2568, 1506, 58.64, 252, 68.48, 4, 1029
2569, 1506, 58.62, 252, 68.48, 4, 1030
2570, 1506, 58.60, 252, 68.48, 4, 1031
2571, 1506, 58.58, 252, 68.48, 4, 1032
2572, 1506, 58.55, 252, 68.48, 4, 1033
2573, 1507, 58.57, 252, 68.48, 4, 1033
2574, 1507, 58.55, 252, 68.48, 4, 1034
2575, 1507, 58.52, 252, 68.48, 4, 1035
2576, 1508, 58.54, 252, 68.48, 4, 1035
2577, 1508, 58.52, 252, 68.48, 4, 1036
2578, 1508, 58.49, 252, 68.48, 4, 1037
2579, 1509, 58.51, 252, 68.48, 4, 1037
2580, 1510, 58.53, 252, 68.48, 4, 1037
2581, 1510, 58.50, 252, 68.48, 4, 1038
2582, 1511, 58.52, 252, 68.48, 4, 1038
2583, 1512, 58.54, 252, 68.48, 4, 1038
2584, 1512, 58.51, 252, 68.48, 4, 1039
2585, 1512, 58.49, 252, 68.48, 4, 1040
2586, 1512, 58.47, 252, 68.48, 4, 1041
2587, 1512, 58.45, 252, 68.48, 4, 1042
2588, 1512, 58.42, 252, 68.48, 4, 1043
2589, 1513, 58.44, 252, 68.48, 4, 1043
2590, 1514, 58.46, 252, 68.48, 4, 1043
2591, 1515, 58.47, 252, 68.48, 4, 1043
2592, 1516, 58.49, 252, 68.48, 4, 1043
2593, 1516, 58.47, 252, 68.48, 4, 1044
2594, 1517, 58.48, 252, 68.48, 4, 1044
2595, 1518, 58.50, 252, 68.48, 4, 1044
2596, 1519, 58.51, 252, 68.48, 4, 1044
2597, 1519, 58.49, 252, 68.48, 4, 1045
2598, 1519, 58.47, 252, 68.48, 4, 1046
2599, 1519, 58.45, 252, 68.48, 4, 1047
2600, 1520, 58.46, 252, 68.48, 4, 1047
2601, 1521, 58.48, 252, 68.48, 4, 1047
2602, 1522, 58.49, 252, 68.48, 4, 1047
2603, 1523, 58.51, 252, 68.48, 4, 1047
2604, 1523, 58.49, 252, 68.48, 4, 1048
2605, 1524, 58.50, 252, 68.48, 4, 1048
2606, 1525, 58.52, 252, 68.48, 4, 1048
2607, 1525, 58.50, 252, 68.48, 4, 1049
2608, 1526, 58.51, 252, 68.48, 4, 1049
2609, 1526, 58.49, 252, 68.48, 4, 1050
2610, 1526, 58.47, 252, 68.48, 4, 1051
2611, 1526, 58.45, 252, 68.48, 4, 1052
2612, 1526, 58.42, 252, 68.48, 4, 1053
2613, 1527, 58.44, 252, 68.48, 4, 1053
2614, 1528, 58.45, 252, 68.48, 4, 1053
2615, 1529, 58.47, 252, 68.48, 4, 1053
2616, 1530, 58.49, 252, 68.48, 4, 1053
2617, 1531, 58.50, 252, 68.48, 4, 1053
2618, 1531, 58.48, 252, 68.48, 4, 1054
2619, 1532, 58.50, 252, 68.48, 4, 1054
2620, 1532, 58.47, 252, 68.48, 4, 1055
2621, 1533, 58.49, 252, 68.48, 4, 1055
2622, 1533, 58.47, 252, 68.48, 4, 1056
2623, 1534, 58.48, 252, 68.48, 4, 1056
2624, 1534, 58.46, 252, 68.48, 4, 1057
2625, 1534, 58.44, 252, 68.48, 4, 1058
2626, 1535, 58.45, 252, 68.48, 4, 1058
2627, 1535, 58.43, 252, 68.48, 4, 1059
2628, 1536, 58.45, 252, 68.48, 4, 1059
2629, 1537, 58.46, 252, 68.48, 4, 1059
2630, 1537, 58.44, 252, 68.48, 4, 1060
2631, 1537, 58.42, 252, 68.48, 4, 1061
2632, 1538, 58.43, 252, 68.48, 4, 1061
2633, 1538, 58.41, 252, 68.48, 4, 1062
2634, 1539, 58.43, 252, 68.48, 4, 1062
2635, 1539, 58.41, 252, 68.48, 4, 1063
2636, 1539, 58.38, 252, 68.48, 4, 1064
2637, 1540, 58.40, 252, 68.48, 4, 1064
2638, 1540, 58.38, 252, 68.48, 4, 1065
2639, 1541, 58.39, 252, 68.48, 4, 1065
2640, 1541, 58.37, 252, 68.48, 4, 1066
2641, 1541, 58.35, 252, 68.48, 4, 1067
2642, 1542, 58.36, 252, 68.48, 4, 1067
2643, 1543, 58.38, 252, 68.48, 4, 1067
2644, 1543, 58.36, 252, 68.48, 4, 1068
2645, 1543, 58.34, 252, 68.48, 4, 1069
2646, 1543, 58.31, 252, 68.48, 4, 1070
2647, 1543, 58.29, 252, 68.48, 4, 1071
2648, 1544, 58.31, 252, 68.48, 4, 1071
2649, 1544, 58.29, 252, 68.48, 4, 1072
2650, 1545, 58.30, 252, 68.48, 4, 1072
2651, 1546, 58.32, 252, 68.48, 4, 1072
2652, 1546, 58.30, 252, 68.48, 4, 1073
2653, 1547, 58.31, 252, 68.48, 4, 1073
2654, 1548, 58.33, 252, 68.48, 4, 1073
2655, 1548, 58.31, 252, 68.48, 4, 1074
2656, 1548, 58.28, 252, 68.48, 4, 1075
2657, 1548, 58.26, 252, 68.48, 4, 1076
2658, 1549, 58.28, 252, 68.48, 4, 1076
2659, 1550, 58.29, 252, 68.48, 4, 1076
2660, 1551, 58.31, 252, 68.48, 4, 1076
2661, 1552, 58.32, 252, 68.48, 4, 1076
2662, 1553, 58.34, 252, 68.48, 4, 1076
2663, 1553, 58.32, 252, 68.48, 4, 1077
2664, 1554, 58.33, 252, 68.48, 4, 1077
2665, 1555, 58.35, 252, 68.48, 4, 1077
2666, 1556, 58.36, 252, 68.48, 4, 1077
2667, 1557, 58.38, 252, 68.48, 4, 1077
2668, 1557, 58.36, 252, 68.48, 4, 1078
2669, 1558, 58.37, 252, 68.48, 4, 1078
2670, 1558, 58.35, 252, 68.48, 4, 1079
2671, 1558, 58.33, 252, 68.48, 4, 1080
2672, 1559, 58.35, 252, 68.48, 4, 1080
2673, 1560, 58.36, 252, 68.48, 4, 1080
2674, 1561, 58.38, 252, 68.48, 4, 1080
2675, 1562, 58.39, 252, 68.48, 4, 1080
2676, 1562, 58.37, 252, 68.48, 4, 1081
2677, 1562, 58.35, 252, 68.48, 4, 1082
2678, 1563, 58.36, 252, 68.48, 4, 1082
2679, 1564, 58.38, 252, 68.48, 4, 1082
2680, 1564, 58.36, 252, 68.48, 4, 1083
2681, 1564, 58.34, 252, 68.48, 4, 1084
2682, 1565, 58.35, 252, 68.48, 4, 1084
2683, 1565, 58.33, 252, 68.48, 4, 1085
2684, 1565, 58.31, 252, 68.48, 4, 1086
2685, 1566, 58.32, 252, 68.48, 4, 1086
2686, 1567, 58.34, 252, 68.48, 4, 1086
2687, 1568, 58.36, 252, 68.48, 4, 1086
2688, 1569, 58.37, 252, 68.48, 4, 1086
2689, 1570, 58.39, 252, 68.48, 4, 1086
2690, 1571, 58.40, 252, 68.48, 4, 1086
2691, 1571, 58.38, 252, 68.48, 4, 1087
2692, 1571, 58.36, 252, 68.48, 4, 1088
2693, 1572, 58.37, 252, 68.48, 4, 1088
2694, 1573, 58.39, 252, 68.48, 4, 1088
2695, 1574, 58.40, 252, 68.48, 4, 1088
2696, 1574, 58.38, 252, 68.48, 4, 1089
2697, 1575, 58.40, 252, 68.48, 4, 1089
2698, 1576, 58.41, 252, 68.48, 4, 1089
2699, 1576, 58.39, 252, 68.48, 4, 1090
2700, 1577, 58.41, 252, 68.48, 4, 1090
2701, 1578, 58.42, 252, 68.48, 4, 1090
2702, 1579, 58.44, 252, 68.48, 4, 1090
2703, 1579, 58.42, 252, 68.48, 4, 1091
2704, 1580, 58.43, 252, 68.48, 4, 1091
2705, 1581, 58.45, 252, 68.48, 4, 1091
2706, 1581, 58.43, 252, 68.48, 4, 1092
2707, 1581, 58.40, 252, 68.48, 4, 1093
2708, 1581, 58.38, 252, 68.48, 4, 1094
2709, 1582, 58.40, 252, 68.48, 4, 1094
2710, 1582, 58.38, 252, 68.48, 4, 1095
2711, 1583, 58.39, 252, 68.48, 4, 1095
2712, 1584, 58.41, 252, 68.48, 4, 1095
2713, 1584, 58.39, 252, 68.48, 4, 1096
2714, 1584, 58.36, 252, 68.48, 4, 1097
2715, 1585, 58.38, 252, 68.48, 4, 1097
2716, 1585, 58.36, 252, 68.48, 4, 1098
2717, 1585, 58.34, 252, 68.48, 4, 1099
2718, 1585, 58.31, 252, 68.48, 4, 1100
2719, 1585, 58.29, 252, 68.48, 4, 1101
2720, 1586, 58.31, 252, 68.48, 4, 1101
2721, 1586, 58.29, 252, 68.48, 4, 1102
2722, 1586, 58.27, 252, 68.48, 4, 1103
2723, 1586, 58.24, 252, 68.48, 4, 1104
2724, 1586, 58.22, 252, 68.48, 4, 1105
2725, 1586, 58.20, 252, 68.48, 4, 1106
2726, 1587, 58.22, 252, 68.48, 4, 1106
2727, 1588, 58.23, 252, 68.48, 4, 1106
2728, 1589, 58.25, 252, 68.48, 4, 1106
2729, 1590, 58.26, 252, 68.48, 4, 1106
2730, 1591, 58.28, 252, 68.48, 4, 1106
2731, 1592, 58.29, 252, 68.48, 4, 1106
2732, 1593, 58.31, 252, 68.48, 4, 1106
2733, 1593, 58.29, 252, 68.48, 4, 1107
2734, 1593, 58.27, 252, 68.48, 4, 1108
2735, 1594, 58.28, 252, 68.48, 4, 1108
2736, 1595, 58.30, 252, 68.48, 4, 1108
2737, 1596, 58.31, 252, 68.48, 4, 1108
2738, 1597, 58.33, 252, 68.48, 4, 1108
2739, 1598, 58.34, 252, 68.48, 4, 1108
2740, 1598, 58.32, 252, 68.48, 4, 1109
2741, 1598, 58.30, 252, 68.48, 4, 1109
2742, 1598, 58.28, 252, 68.48, 4, 1110
2743, 1598, 58.26, 252, 68.48, 4, 1111
2744, 1598, 58.24, 252, 68.48, 4, 1112
2745, 1599, 58.25, 252, 68.48, 4, 1112
2746, 1599, 58.23, 252, 68.48, 4, 1113
2747, 1600, 58.25, 252, 68.48, 4, 1113
2748, 1601, 58.26, 252, 68.48, 4, 1113
2749, 1601, 58.24, 252, 68.48, 4, 1114
2750, 1601, 58.22, 252, 68.48, 4, 1115
2751, 1602, 58.23, 252, 68.48, 4, 1115
2752, 1602, 58.21, 252, 68.48, 4, 1116
2753, 1602, 58.19, 252, 68.48, 4, 1117
2754, 1602, 58.17, 252, 68.48, 4, 1118
2755, 1603, 58.19, 252, 68.48, 4, 1118
2756, 1604, 58.20, 252, 68.48, 4, 1118
2757, 1605, 58.22, 252, 68.48, 4, 1118
2758, 1606, 58.23, 252, 68.48, 4, 1118
2759, 1606, 58.21, 252, 68.48, 4, 1119
2760, 1607, 58.22, 252, 68.48, 4, 1119
2761, 1608, 58.24, 252, 68.48, 4, 1119
2762, 1609, 58.25, 252, 68.48, 4, 1119
2763, 1609, 58.23, 252, 68.48, 4, 1120
2764, 1609, 58.21, 252, 68.48, 4, 1121
2765, 1610, 58.23, 252, 68.48, 4, 1121
2766, 1610, 58.21, 252, 68.48, 4, 1122
2767, 1610, 58.19, 252, 68.48, 4, 1123
2768, 1610, 58.16, 252, 68.48, 4, 1124
2769, 1611, 58.18, 252, 68.48, 4, 1124
2770, 1611, 58.16, 252, 68.48, 4, 1125
2771, 1612, 58.17, 252, 68.48, 4, 1125
2772, 1613, 58.19, 252, 68.48, 4, 1125
2773, 1614, 58.20, 252, 68.48, 4, 1125
2774, 1615, 58.22, 252, 68.48, 4, 1125
2775, 1616, 58.23, 252, 68.48, 4, 1125
2776, 1617, 58.25, 252, 68.48, 4, 1125
2777, 1617, 58.23, 252, 68.48, 4, 1126
2778, 1618, 58.24, 252, 68.48, 4, 1126
2779, 1618, 58.22, 252, 68.48, 4, 1127
2780, 1619, 58.24, 252, 68.48, 4, 1127
2781, 1620, 58.25, 252, 68.48, 4, 1127
2782, 1620, 58.23, 252, 68.48, 4, 1128
2783, 1621, 58.25, 252, 68.48, 4, 1128
2784, 1622, 58.26, 252, 68.48, 4, 1128
2785, 1622, 58.24, 252, 68.48, 4, 1129
2786, 1623, 58.26, 252, 68.48, 4, 1129
2787, 1623, 58.23, 252, 68.48, 4, 1130
2788, 1623, 58.21, 252, 68.48, 4, 1131
2789, 1623, 58.19, 252, 68.48, 4, 1132
2790, 1624, 58.21, 252, 68.48, 4, 1132
2791, 1624, 58.19, 252, 68.48, 4, 1133
2792, 1625, 58.20, 252, 68.48, 4, 1133
2793, 1626, 58.22, 252, 68.48, 4, 1133
2794, 1627, 58.23, 252, 68.48, 4, 1133
2795, 1628, 58.25, 252, 68.48, 4, 1133
2796, 1629, 58.26, 252, 68.48, 4, 1133
2797, 1630, 58.28, 252, 68.48, 4, 1133
2798, 1630, 58.26, 252, 68.48, 4, 1134
2799, 1630, 58.24, 252, 68.48, 4, 1135
2800, 1630, 58.21, 252, 68.48, 4, 1136
2801, 1630, 58.19, 252, 68.48, 4, 1137
2802, 1631, 58.21, 252, 68.48, 4, 1137
2803, 1631, 58.19, 252, 68.48, 4, 1138
2804, 1632, 58.20, 252, 68.48, 4, 1138
2805, 1633, 58.22, 252, 68.48, 4, 1138
2806, 1634, 58.23, 252, 68.48, 4, 1138
2807, 1635, 58.25, 252, 68.48, 4, 1138
2808, 1635, 58.23, 252, 68.48, 4, 1139
2809, 1636, 58.24, 252, 68.48, 4, 1139
2810, 1636, 58.22, 252, 68.48, 4, 1140
2811, 1637, 58.24, 252, 68.48, 4, 1140
2812, 1637, 58.21, 252, 68.48, 4, 1141
2813, 1638, 58.23, 252, 68.48, 4, 1141
2814, 1638, 58.21, 252, 68.48, 4, 1142
2815, 1638, 58.19, 252, 68.48, 4, 1143
2816, 1638, 58.17, 252, 68.48, 4, 1144
2817, 1638, 58.15, 252, 68.48, 4, 1145
2818, 1638, 58.13, 252, 68.48, 4, 1146
2819, 1639, 58.14, 252, 68.48, 4, 1146
2820, 1639, 58.12, 252, 68.48, 4, 1147
2821, 1640, 58.14, 252, 68.48, 4, 1147
2822, 1641, 58.15, 252, 68.48, 4, 1147
2823, 1642, 58.17, 252, 68.48, 4, 1147
2824, 1642, 58.14, 252, 68.48, 4, 1148
2825, 1642, 58.12, 252, 68.48, 4, 1149
2826, 1642, 58.10, 252, 68.48, 4, 1150
2827, 1643, 58.12, 252, 68.48, 4, 1150
2828, 1644, 58.13, 252, 68.48, 4, 1150
2829, 1645, 58.15, 252, 68.48, 4, 1150
2830, 1646, 58.16, 252, 68.48, 4, 1150
2831, 1647, 58.18, 252, 68.48, 4, 1150
2832, 1648, 58.19, 252, 68.48, 4, 1150
2833, 1649, 58.21, 252, 68.48, 4, 1150
2834, 1649, 58.19, 252, 68.48, 4, 1151
2835, 1649, 58.17, 252, 68.48, 4, 1152
2836, 1650, 58.18, 252, 68.48, 4, 1152
2837, 1651, 58.20, 252, 68.48, 4, 1152
2838, 1652, 58.21, 252, 68.48, 4, 1152
2839, 1653, 58.22, 252, 68.48, 4, 1152
2840, 1653, 58.20, 252, 68.48, 4, 1153
2841, 1654, 58.22, 252, 68.48, 4, 1153
2842, 1655, 58.23, 252, 68.48, 4, 1153
2843, 1656, 58.25, 252, 68.48, 4, 1153
2844, 1656, 58.23, 252, 68.48, 4, 1154
2845, 1657, 58.24, 252, 68.48, 4, 1154
2846, 1657, 58.22, 252, 68.48, 4, 1154
2847, 1657, 58.20, 252, 68.48, 4, 1155
2848, 1657, 58.18, 252, 68.48, 4, 1156
2849, 1658, 58.20, 252, 68.48, 4, 1156
2850, 1659, 58.21, 252, 68.48, 4, 1156
2851, 1659, 58.19, 252, 68.48, 4, 1157
2852, 1660, 58.20, 252, 68.48, 4, 1157
2853, 1661, 58.22, 252, 68.48, 4, 1157
2854, 1662, 58.23, 252, 68.48, 4, 1157
2855, 1663, 58.25, 252, 68.48, 4, 1157
2856, 1663, 58.23, 252, 68.48, 4, 1157
2857, 1663, 58.21, 252, 68.48, 4, 1158
2858, 1664, 58.22, 252, 68.48, 4, 1158
2859, 1665, 58.24, 252, 68.48, 4, 1158
2860, 1666, 58.25, 252, 68.48, 4, 1158
2861, 1667, 58.27, 252, 68.48, 4, 1158
2862, 1668, 58.28, 252, 68.48, 4, 1158
2863, 1669, 58.30, 252, 68.48, 4, 1158
2864, 1670, 58.31, 252, 68.48, 4, 1158
2865, 1670, 58.29, 252, 68.48, 4, 1159
2866, 1671, 58.30, 252, 68.48, 4, 1159
2867, 1672, 58.32, 252, 68.48, 4, 1159
2868, 1673, 58.33, 252, 68.48, 4, 1159
2869, 1674, 58.35, 252, 68.48, 4, 1159
2870, 1675, 58.36, 252, 68.48, 4, 1159
2871, 1675, 58.34, 252, 68.48, 4, 1159
2872, 1676, 58.36, 252, 68.48, 4, 1159
2873, 1677, 58.37, 252, 68.48, 4, 1159
2874, 1677, 58.35, 252, 68.48, 4, 1159
2875, 1678, 58.37, 252, 68.48, 4, 1159
2876, 1678, 58.34, 252, 68.48, 4, 1160
2877, 1678, 58.32, 252, 68.48, 4, 1161
2878, 1678, 58.30, 252, 68.48, 4, 1162
2879, 1678, 58.28, 252, 68.48, 4, 1163
2880, 1678, 58.26, 252, 68.48, 4, 1164
2881, 1679, 58.28, 252, 68.48, 4, 1164
2882, 1679, 58.26, 252, 68.48, 4, 1165
2883, 1679, 58.24, 252, 68.48, 4, 1166
2884, 1679, 58.22, 252, 68.48, 4, 1167
2885, 1679, 58.20, 252, 68.48, 4, 1168
2886, 1680, 58.21, 252, 68.48, 4, 1168
2887, 1681, 58.23, 252, 68.48, 4, 1168
2888, 1682, 58.24, 252, 68.48, 4, 1168
2889, 1683, 58.26, 252, 68.48, 4, 1168
2890, 1684, 58.27, 252, 68.48, 4, 1168
2891, 1685, 58.28, 252, 68.48, 4, 1168
2892, 1686, 58.30, 252, 68.48, 4, 1168
2893, 1686, 58.28, 252, 68.48, 4, 1169
2894, 1687, 58.29, 252, 68.48, 4, 1169
2895, 1688, 58.31, 252, 68.48, 4, 1169
2896, 1688, 58.29, 252, 68.48, 4, 1170
2897, 1688, 58.27, 252, 68.48, 4, 1171
2898, 1688, 58.25, 252, 68.48, 4, 1171
2899, 1689, 58.26, 252, 68.48, 4, 1171
2900, 1689, 58.24, 252, 68.48, 4, 1172
2901, 1690, 58.26, 252, 68.48, 4, 1172
2902, 1690, 58.24, 252, 68.48, 4, 1173
2903, 1690, 58.22, 252, 68.48, 4, 1174
2904, 1690, 58.20, 252, 68.48, 4, 1175
2905, 1690, 58.18, 252, 68.48, 4, 1176
2906, 1691, 58.19, 252, 68.48, 4, 1176
2907, 1691, 58.17, 252, 68.48, 4, 1177
2908, 1692, 58.18, 252, 68.48, 4, 1177
2909, 1692, 58.16, 252, 68.48, 4, 1178
2910, 1693, 58.18, 252, 68.48, 4, 1178
2911, 1694, 58.19, 252, 68.48, 4, 1178
2912, 1694, 58.17, 252, 68.48, 4, 1179
2913, 1694, 58.15, 252, 68.48, 4, 1180
2914, 1695, 58.17, 252, 68.48, 4, 1180
2915, 1695, 58.15, 252, 68.48, 4, 1181
2916, 1696, 58.16, 252, 68.48, 4, 1181
2917, 1696, 58.14, 252, 68.48, 4, 1182
2918, 1696, 58.12, 252, 68.48, 4, 1183
2919, 1697, 58.14, 252, 68.48, 4, 1183
2920, 1698, 58.15, 252, 68.48, 4, 1183
2921, 1699, 58.17, 252, 68.48, 4, 1183
2922, 1699, 58.15, 252, 68.48, 4, 1184
2923, 1700, 58.16, 252, 68.48, 4, 1184
2924, 1700, 58.14, 252, 68.48, 4, 1185
2925, 1701, 58.15, 252, 68.48, 4, 1185
2926, 1701, 58.13, 252, 68.48, 4, 1186
2927, 1702, 58.15, 252, 68.48, 4, 1186
2928, 1703, 58.16, 252, 68.48, 4, 1186
2929, 1704, 58.18, 252, 68.48, 4, 1186
2930, 1704, 58.16, 252, 68.48, 4, 1187
2931, 1704, 58.14, 252, 68.48, 4, 1187
2932, 1705, 58.15, 252, 68.48, 4, 1187
2933, 1706, 58.17, 252, 68.48, 4, 1187
2934, 1707, 58.18, 252, 68.48, 4, 1187
2935, 1708, 58.19, 252, 68.48, 4, 1187
2936, 1708, 58.17, 252, 68.48, 4, 1188
2937, 1708, 58.15, 252, 68.48, 4, 1189
2938, 1708, 58.13, 252, 68.48, 4, 1190
2939, 1709, 58.15, 252, 68.48, 4, 1190
2940, 1710, 58.16, 252, 68.48, 4, 1190
2941, 1711, 58.18, 252, 68.48, 4, 1190
2942, 1711, 58.16, 252, 68.48, 4, 1191
2943, 1711, 58.14, 252, 68.48, 4, 1192
2944, 1712, 58.15, 252, 68.48, 4, 1192
2945, 1713, 58.17, 252, 68.48, 4, 1192
2946, 1713, 58.15, 252, 68.48, 4, 1193
2947, 1713, 58.13, 252, 68.48, 4, 1194
2948, 1713, 58.11, 252, 68.48, 4, 1194
2949, 1713, 58.09, 252, 68.48, 4, 1195
2950, 1713, 58.07, 252, 68.48, 4, 1196
2951, 1714, 58.08, 252, 68.48, 4, 1196
2952, 1714, 58.06, 252, 68.48, 4, 1197
2953, 1714, 58.04, 252, 68.48, 4, 1198
2954, 1715, 58.06, 252, 68.48, 4, 1198
2955, 1716, 58.07, 252, 68.48, 4, 1198
2956, 1717, 58.09, 252, 68.48, 4, 1198
2957, 1717, 58.07, 252, 68.48, 4, 1199
2958, 1717, 58.05, 252, 68.48, 4, 1200
2959, 1718, 58.06, 252, 68.48, 4, 1200
2960, 1719, 58.07, 252, 68.48, 4, 1200
2961, 1719, 58.05, 252, 68.48, 4, 1200
2962, 1720, 58.07, 252, 68.48, 4, 1200
2963, 1720, 58.05, 252, 68.48, 4, 1201
2964, 1720, 58.03, 252, 68.48, 4, 1202
2965, 1720, 58.01, 252, 68.48, 4, 1203
2966, 1720, 57.99, 252, 68.48, 4, 1204
2967, 1720, 57.97, 252, 68.48, 4, 1205
2968, 1721, 57.99, 252, 68.48, 4, 1205
2969, 1721, 57.97, 252, 68.48, 4, 1206
2970, 1721, 57.95, 252, 68.48, 4, 1207
2971, 1722, 57.96, 252, 68.48, 4, 1207
2972, 1722, 57.94, 252, 68.48, 4, 1208
2973, 1723, 57.95, 252, 68.48, 4, 1208
2974, 1724, 57.97, 252, 68.48, 4, 1208
2975, 1724, 57.95, 252, 68.48, 4, 1209
2976, 1724, 57.93, 252, 68.48, 4, 1210
2977, 1725, 57.94, 252, 68.48, 4, 1210
2978, 1725, 57.92, 252, 68.48, 4, 1211
2979, 1726, 57.94, 252, 68.48, 4, 1211
2980, 1727, 57.95, 252, 68.48, 4, 1211
2981, 1728, 57.97, 252, 68.48, 4, 1211
2982, 1729, 57.98, 252, 68.48, 4, 1211
2983, 1729, 57.96, 252, 68.48, 4, 1212
2984, 1730, 57.98, 252, 68.48, 4, 1212
2985, 1731, 57.99, 252, 68.48, 4, 1212
2986, 1732, 58.00, 252, 68.48, 4, 1212
2987, 1733, 58.02, 252, 68.48, 4, 1212
2988, 1733, 58.00, 252, 68.48, 4, 1213
2989, 1734, 58.01, 252, 68.48, 4, 1213
2990, 1735, 58.03, 252, 68.48, 4, 1213
2991, 1735, 58.01, 252, 68.48, 4, 1214
2992, 1735, 57.99, 252, 68.48, 4, 1215
2993, 1735, 57.97, 252, 68.48, 4, 1216
2994, 1736, 57.98, 252, 68.48, 4, 1216
2995, 1736, 57.96, 252, 68.48, 4, 1217
2996, 1736, 57.94, 252, 68.48, 4, 1218
2997, 1736, 57.92, 252, 68.48, 4, 1219
2998, 1737, 57.94, 252, 68.48, 4, 1219
2999, 1738, 57.95, 252, 68.48, 4, 1219
3000, 1739, 57.97, 252, 68.48, 4, 1219
3001, 1740, 57.98, 252, 68.48, 4, 1219
3002, 1740, 57.96, 252, 68.48, 4, 1220
3003, 1741, 57.98, 252, 68.48, 4, 1220
3004, 1742, 57.99, 252, 68.48, 4, 1220
3005, 1743, 58.00, 252, 68.48, 4, 1220
3006, 1743, 57.98, 252, 68.48, 4, 1221
3007, 1744, 58.00, 252, 68.48, 4, 1221
3008, 1744, 57.98, 252, 68.48, 4, 1222
3009, 1745, 57.99, 252, 68.48, 4, 1222
3010, 1746, 58.01, 252, 68.48, 4, 1222
3011, 1746, 57.99, 252, 68.48, 4, 1223
3012, 1746, 57.97, 252, 68.48, 4, 1224
3013, 1747, 57.98, 252, 68.48, 4, 1224
3014, 1748, 58.00, 252, 68.48, 4, 1224
3015, 1748, 57.98, 252, 68.48, 4, 1225
3016, 1749, 57.99, 252, 68.48, 4, 1225
3017, 1750, 58.00, 252, 68.48, 4, 1225
3018, 1751, 58.02, 252, 68.48, 4, 1225
3019, 1751, 58.00, 252, 68.48, 4, 1226
3020, 1752, 58.01, 252, 68.48, 4, 1226
3021, 1752, 57.99, 252, 68.48, 4, 1227
3022, 1753, 58.01, 252, 68.48, 4, 1227
3023, 1753, 57.99, 252, 68.48, 4, 1228
3024, 1754, 58.00, 252, 68.48, 4, 1228
3025, 1754, 57.98, 252, 68.48, 4, 1229
3026, 1754, 57.96, 252, 68.48, 4, 1229
3027, 1755, 57.98, 252, 68.48, 4, 1229
3028, 1755, 57.96, 252, 68.48, 4, 1230
3029, 1756, 57.97, 252, 68.48, 4, 1230
3030, 1756, 57.95, 252, 68.48, 4, 1231
3031, 1757, 57.97, 252, 68.48, 4, 1231
3032, 1758, 57.98, 252, 68.48, 4, 1231
3033, 1759, 58.00, 252, 68.48, 4, 1231
3034, 1759, 57.98, 252, 68.48, 4, 1232
3035, 1760, 57.99, 252, 68.48, 4, 1232
3036, 1760, 57.97, 252, 68.48, 4, 1233
3037, 1761, 57.98, 252, 68.48, 4, 1233
3038, 1762, 58.00, 252, 68.48, 4, 1233
3039, 1762, 57.98, 252, 68.48, 4, 1234
3040, 1763, 57.99, 252, 68.48, 4, 1234
3041, 1764, 58.01, 252, 68.48, 4, 1234
3042, 1765, 58.02, 252, 68.48, 4, 1234
3043, 1765, 58.00, 252, 68.48, 4, 1235
3044, 1765, 57.98, 252, 68.48, 4, 1236
3045, 1765, 57.96, 252, 68.48, 4, 1237
3046, 1766, 57.98, 252, 68.48, 4, 1237
3047, 1767, 57.99, 252, 68.48, 4, 1237
3048, 1767, 57.97, 252, 68.48, 4, 1238
3049, 1768, 57.99, 252, 68.48, 4, 1238
3050, 1768, 57.97, 252, 68.48, 4, 1239
3051, 1769, 57.98, 252, 68.48, 4, 1239
3052, 1770, 57.99, 252, 68.48, 4, 1239
3053, 1770, 57.98, 252, 68.48, 4, 1240
3054, 1771, 57.99, 252, 68.48, 4, 1240
3055, 1771, 57.97, 252, 68.48, 4, 1241
3056, 1771, 57.95, 252, 68.48, 4, 1242
3057, 1772, 57.97, 252, 68.48, 4, 1242
3058, 1773, 57.98, 252, 68.48, 4, 1242
3059, 1774, 57.99, 252, 68.48, 4, 1242
3060, 1774, 57.97, 252, 68.48, 4, 1243
3061, 1774, 57.95, 252, 68.48, 4, 1244
3062, 1775, 57.97, 252, 68.48, 4, 1244
3063, 1776, 57.98, 252, 68.48, 4, 1244
3064, 1776, 57.96, 252, 68.48, 4, 1245
3065, 1777, 57.98, 252, 68.48, 4, 1245
3066, 1777, 57.96, 252, 68.48, 4, 1246
3067, 1777, 57.94, 252, 68.48, 4, 1247
3068, 1778, 57.95, 252, 68.48, 4, 1247
3069, 1778, 57.93, 252, 68.48, 4, 1248
3070, 1779, 57.95, 252, 68.48, 4, 1248
3071, 1779, 57.93, 252, 68.48, 4, 1249
3072, 1780, 57.94, 252, 68.48, 4, 1249
3073, 1781, 57.96, 252, 68.48, 4, 1249
3074, 1781, 57.94, 252, 68.48, 4, 1250
3075, 1781, 57.92, 252, 68.48, 4, 1251
3076, 1782, 57.93, 252, 68.48, 4, 1251
3077, 1783, 57.95, 252, 68.48, 4, 1251
3078, 1784, 57.96, 252, 68.48, 4, 1251
3079, 1784, 57.94, 252, 68.48, 4, 1252
3080, 1785, 57.95, 252, 68.48, 4, 1252
3081, 1786, 57.97, 252, 68.48, 4, 1252
3082, 1787, 57.98, 252, 68.48, 4, 1252
3083, 1788, 58.00, 252, 68.48, 4, 1252
3084, 1789, 58.01, 252, 68.48, 4, 1252
3085, 1790, 58.02, 252, 68.48, 4, 1252
3086, 1791, 58.04, 252, 68.48, 4, 1252
3087, 1792, 58.05, 252, 68.48, 4, 1252
3088, 1793, 58.06, 252, 68.48, 4, 1252
3089, 1793, 58.04, 252, 68.48, 4, 1253
3090, 1793, 58.03, 252, 68.48, 4, 1254
3091, 1794, 58.04, 252, 68.48, 4, 1254
3092, 1795, 58.05, 252, 68.48, 4, 1254
3093, 1795, 58.03, 252, 68.48, 4, 1255
3094, 1796, 58.05, 252, 68.48, 4, 1255
3095, 1796, 58.03, 252, 68.48, 4, 1255
3096, 1796, 58.01, 252, 68.48, 4, 1256
3097, 1797, 58.02, 252, 68.48, 4, 1256
3098, 1797, 58.01, 252, 68.48, 4, 1257
3099, 1798, 58.02, 252, 68.48, 4, 1257
3100, 1799, 58.03, 252, 68.48, 4, 1257
3101, 1799, 58.01, 252, 68.48, 4, 1258
3102, 1799, 57.99, 252, 68.48, 4, 1259
3103, 1799, 57.98, 252, 68.48, 4, 1260
3104, 1799, 57.96, 252, 68.48, 4, 1261
3105, 1799, 57.94, 252, 68.48, 4, 1262
3106, 1799, 57.92, 252, 68.48, 4, 1263
3107, 1799, 57.90, 252, 68.48, 4, 1264
3108, 1799, 57.88, 252, 68.48, 4, 1265
3109, 1800, 57.90, 252, 68.48, 4, 1265
3110, 1801, 57.91, 252, 68.48, 4, 1265
3111, 1802, 57.92, 252, 68.48, 4, 1265
3112, 1802, 57.90, 252, 68.48, 4, 1266
3113, 1802, 57.89, 252, 68.48, 4, 1267
3114, 1802, 57.87, 252, 68.48, 4, 1268
3115, 1803, 57.88, 252, 68.48, 4, 1268
3116, 1804, 57.89, 252, 68.48, 4, 1268
3117, 1805, 57.91, 252, 68.48, 4, 1268
3118, 1805, 57.89, 252, 68.48, 4, 1269
3119, 1806, 57.90, 252, 68.48, 4, 1269
3120, 1806, 57.88, 252, 68.48, 4, 1270
3121, 1807, 57.90, 252, 68.48, 4, 1270
3122, 1807, 57.88, 252, 68.48, 4, 1271
3123, 1807, 57.86, 252, 68.48, 4, 1272
3124, 1808, 57.87, 252, 68.48, 4, 1272
3125, 1809, 57.89, 252, 68.48, 4, 1272
3126, 1809, 57.87, 252, 68.48, 4, 1273
3127, 1810, 57.88, 252, 68.48, 4, 1273
3128, 1811, 57.90, 252, 68.48, 4, 1273
3129, 1812, 57.91, 252, 68.48, 4, 1273
3130, 1812, 57.89, 252, 68.48, 4, 1274
3131, 1813, 57.90, 252, 68.48, 4, 1274
3132, 1814, 57.92, 252, 68.48, 4, 1274
3133, 1815, 57.93, 252, 68.48, 4, 1274
3134, 1816, 57.95, 252, 68.48, 4, 1274
3135, 1816, 57.93, 252, 68.48, 4, 1275
3136, 1817, 57.94, 252, 68.48, 4, 1275
3137, 1818, 57.95, 252, 68.48, 4, 1275
3138, 1819, 57.97, 252, 68.48, 4, 1275
3139, 1820, 57.98, 252, 68.48, 4, 1275
3140, 1820, 57.96, 252, 68.48, 4, 1275
3141, 1821, 57.98, 252, 68.48, 4, 1275
3142, 1821, 57.96, 252, 68.48, 4, 1276
3143, 1821, 57.94, 252, 68.48, 4, 1277
3144, 1821, 57.92, 252, 68.48, 4, 1278
3145, 1821, 57.90, 252, 68.48, 4, 1279
3146, 1821, 57.88, 252, 68.48, 4, 1280
3147, 1822, 57.90, 252, 68.48, 4, 1280
3148, 1823, 57.91, 252, 68.48, 4, 1280
3149, 1823, 57.89, 252, 68.48, 4, 1281
3150, 1823, 57.87, 252, 68.48, 4, 1282
3151, 1823, 57.85, 252, 68.48, 4, 1283
3152, 1824, 57.87, 252, 68.48, 4, 1283
3153, 1824, 57.85, 252, 68.48, 4, 1284
3154, 1824, 57.83, 252, 68.48, 4, 1285
3155, 1825, 57.84, 252, 68.48, 4, 1285
3156, 1825, 57.83, 252, 68.48, 4, 1286
3157, 1825, 57.81, 252, 68.48, 4, 1287
3158, 1826, 57.82, 252, 68.48, 4, 1287
3159, 1827, 57.83, 252, 68.48, 4, 1287
3160, 1828, 57.85, 252, 68.48, 4, 1287
3161, 1829, 57.86, 252, 68.48, 4, 1287
3162, 1830, 57.87, 252, 68.48, 4, 1287
3163, 1831, 57.89, 252, 68.48, 4, 1287
3164, 1832, 57.90, 252, 68.48, 4, 1287
3165, 1833, 57.91, 252, 68.48, 4, 1287
3166, 1833, 57.90, 252, 68.48, 4, 1288
3167, 1833, 57.88, 252, 68.48, 4, 1289
3168, 1834, 57.89, 252, 68.48, 4, 1289
3169, 1835, 57.90, 252, 68.48, 4, 1289
3170, 1836, 57.92, 252, 68.48, 4, 1289
3171, 1837, 57.93, 252, 68.48, 4, 1289
3172, 1837, 57.91, 252, 68.48, 4, 1290
3173, 1837, 57.89, 252, 68.48, 4, 1291
3174, 1837, 57.88, 252, 68.48, 4, 1292
3175, 1838, 57.89, 252, 68.48, 4, 1292
3176, 1838, 57.87, 252, 68.48, 4, 1293
3177, 1839, 57.88, 252, 68.48, 4, 1293
3178, 1840, 57.90, 252, 68.48, 4, 1293
3179, 1841, 57.91, 252, 68.48, 4, 1293
3180, 1841, 57.89, 252, 68.48, 4, 1294
3181, 1841, 57.87, 252, 68.48, 4, 1295
3182, 1842, 57.89, 252, 68.48, 4, 1295
3183, 1843, 57.90, 252, 68.48, 4, 1295
3184, 1844, 57.91, 252, 68.48, 4, 1295
3185, 1845, 57.93, 252, 68.48, 4, 1295
3186, 1846, 57.94, 252, 68.48, 4, 1295
3187, 1846, 57.92, 252, 68.48, 4, 1296
3188, 1846, 57.90, 252, 68.48, 4, 1297
3189, 1847, 57.92, 252, 68.48, 4, 1297
3190, 1848, 57.93, 252, 68.48, 4, 1297
3191, 1849, 57.94, 252, 68.48, 4, 1297
3192, 1850, 57.96, 252, 68.48, 4, 1297
3193, 1850, 57.94, 252, 68.48, 4, 1298
3194, 1851, 57.95, 252, 68.48, 4, 1298
3195, 1852, 57.97, 252, 68.48, 4, 1298
3196, 1852, 57.95, 252, 68.48, 4, 1299
3197, 1853, 57.96, 252, 68.48, 4, 1299
3198, 1853, 57.94, 252, 68.48, 4, 1300
3199, 1854, 57.96, 252, 68.48, 4, 1300
3200, 1855, 57.97, 252, 68.48, 4, 1300
3201, 1855, 57.95, 252, 68.48, 4, 1301
3202, 1856, 57.96, 252, 68.48, 4, 1301
3203, 1856, 57.95, 252, 68.48, 4, 1302
3204, 1856, 57.93, 252, 68.48, 4, 1303
3205, 1857, 57.94, 252, 68.48, 4, 1303
3206, 1858, 57.95, 252, 68.48, 4, 1303
3207, 1859, 57.97, 252, 68.48, 4, 1303
3208, 1860, 57.98, 252, 68.48, 4, 1303
3209, 1860, 57.96, 252, 68.48, 4, 1304
3210, 1861, 57.98, 252, 68.48, 4, 1304
3211, 1861, 57.96, 252, 68.48, 4, 1305
3212, 1862, 57.97, 252, 68.48, 4, 1305
3213, 1862, 57.95, 252, 68.48, 4, 1306
3214, 1863, 57.97, 252, 68.48, 4, 1306
3215, 1864, 57.98, 252, 68.48, 4, 1306
3216, 1864, 57.96, 252, 68.48, 4, 1307
3217, 1864, 57.94, 252, 68.48, 4, 1308
3218, 1865, 57.96, 252, 68.48, 4, 1308
3219, 1866, 57.97, 252, 68.48, 4, 1308
3220, 1866, 57.95, 252, 68.48, 4, 1309
3221, 1867, 57.96, 252, 68.48, 4, 1309
3222, 1868, 57.98, 252, 68.48, 4, 1309
3223, 1868, 57.96, 252, 68.48, 4, 1310
3224, 1869, 57.97, 252, 68.48, 4, 1310
3225, 1869, 57.95, 252, 68.48, 4, 1311
3226, 1869, 57.94, 252, 68.48, 4, 1312
3227, 1869, 57.92, 252, 68.48, 4, 1313
3228, 1869, 57.90, 252, 68.48, 4, 1314
3229, 1869, 57.88, 252, 68.48, 4, 1315
3230, 1870, 57.89, 252, 68.48, 4, 1315
3231, 1871, 57.91, 252, 68.48, 4, 1315
3232, 1871, 57.89, 252, 68.48, 4, 1316
3233, 1871, 57.87, 252, 68.48, 4, 1317
3234, 1871, 57.85, 252, 68.48, 4, 1318
3235, 1872, 57.87, 252, 68.48, 4, 1318
3236, 1873, 57.88, 252, 68.48, 4, 1318
3237, 1874, 57.89, 252, 68.48, 4, 1318
3238, 1875, 57.91, 252, 68.48, 4, 1318
3239, 1875, 57.89, 252, 68.48, 4, 1319
3240, 1875, 57.87, 252, 68.48, 4, 1320
3241, 1875, 57.85, 252, 68.48, 4, 1321
3242, 1875, 57.83, 252, 68.48, 4, 1322
3243, 1875, 57.82, 252, 68.48, 4, 1323
3244, 1876, 57.83, 252, 68.48, 4, 1323
3245, 1877, 57.84, 252, 68.48, 4, 1323
3246, 1878, 57.86, 252, 68.48, 4, 1323
3247, 1879, 57.87, 252, 68.48, 4, 1323
3248, 1879, 57.85, 252, 68.48, 4, 1324
3249, 1880, 57.86, 252, 68.48, 4, 1324
3250, 1881, 57.88, 252, 68.48, 4, 1324
3251, 1882, 57.89, 252, 68.48, 4, 1324
3252, 1882, 57.87, 252, 68.48, 4, 1325
3253, 1883, 57.89, 252, 68.48, 4, 1325
3254, 1883, 57.87, 252, 68.48, 4, 1326
3255, 1884, 57.88, 252, 68.48, 4, 1326
3256, 1884, 57.86, 252, 68.48, 4, 1327
3257, 1885, 57.88, 252, 68.48, 4, 1327
3258, 1886, 57.89, 252, 68.48, 4, 1327
3259, 1886, 57.87, 252, 68.48, 4, 1328
3260, 1887, 57.88, 252, 68.48, 4, 1328
3261, 1887, 57.87, 252, 68.48, 4, 1329
3262, 1888, 57.88, 252, 68.48, 4, 1329
3263, 1888, 57.86, 252, 68.48, 4, 1330
3264, 1889, 57.87, 252, 68.48, 4, 1330
3265, 1889, 57.86, 252, 68.48, 4, 1331
3266, 1890, 57.87, 252, 68.48, 4, 1331
3267, 1890, 57.85, 252, 68.48, 4, 1332
3268, 1890, 57.83, 252, 68.48, 4, 1333
3269, 1891, 57.85, 252, 68.48, 4, 1333
3270, 1892, 57.86, 252, 68.48, 4, 1333
3271, 1892, 57.84, 252, 68.48, 4, 1334
3272, 1892, 57.82, 252, 68.48, 4, 1335
3273, 1893, 57.84, 252, 68.48, 4, 1335
3274, 1893, 57.82, 252, 68.48, 4, 1336
3275, 1894, 57.83, 252, 68.48, 4, 1336
3276, 1895, 57.84, 252, 68.48, 4, 1336
3277, 1896, 57.86, 252, 68.48, 4, 1336
3278, 1896, 57.84, 252, 68.48, 4, 1337
3279, 1897, 57.85, 252, 68.48, 4, 1337
3280, 1897, 57.84, 252, 68.48, 4, 1338
3281, 1897, 57.82, 252, 68.48, 4, 1339
3282, 1898, 57.83, 252, 68.48, 4, 1339
3283, 1899, 57.84, 252, 68.48, 4, 1339
3284, 1900, 57.86, 252, 68.48, 4, 1339
3285, 1901, 57.87, 252, 68.48, 4, 1339
3286, 1902, 57.88, 252, 68.48, 4, 1339
3287, 1902, 57.86, 252, 68.48, 4, 1340
3288, 1903, 57.88, 252, 68.48, 4, 1340
3289, 1903, 57.86, 252, 68.48, 4, 1341
3290, 1903, 57.84, 252, 68.48, 4, 1342
3291, 1903, 57.82, 252, 68.48, 4, 1343
3292, 1903, 57.81, 252, 68.48, 4, 1344
3293, 1904, 57.82, 252, 68.48, 4, 1344
3294, 1904, 57.80, 252, 68.48, 4, 1345
3295, 1904, 57.78, 252, 68.48, 4, 1346
3296, 1905, 57.80, 252, 68.48, 4, 1346
3297, 1906, 57.81, 252, 68.48, 4, 1346
3298, 1907, 57.82, 252, 68.48, 4, 1346
3299, 1907, 57.81, 252, 68.48, 4, 1347
3300, 1907, 57.79, 252, 68.48, 4, 1348
3301, 1908, 57.80, 252, 68.48, 4, 1348
3302, 1909, 57.81, 252, 68.48, 4, 1348
3303, 1910, 57.83, 252, 68.48, 4, 1348
3304, 1911, 57.84, 252, 68.48, 4, 1348
3305, 1911, 57.82, 252, 68.48, 4, 1349
3306, 1911, 57.80, 252, 68.48, 4, 1350
3307, 1912, 57.82, 252, 68.48, 4, 1350
3308, 1912, 57.80, 252, 68.48, 4, 1351
3309, 1913, 57.81, 252, 68.48, 4, 1351
3310, 1914, 57.82, 252, 68.48, 4, 1351
3311, 1914, 57.81, 252, 68.48, 4, 1352
3312, 1915, 57.82, 252, 68.48, 4, 1352
3313, 1916, 57.83, 252, 68.48, 4, 1352
3314, 1917, 57.85, 252, 68.48, 4, 1352
3315, 1918, 57.86, 252, 68.48, 4, 1352
3316, 1918, 57.84, 252, 68.48, 4, 1353
3317, 1918, 57.82, 252, 68.48, 4, 1354
3318, 1918, 57.81, 252, 68.48, 4, 1355
3319, 1918, 57.79, 252, 68.48, 4, 1356
3320, 1918, 57.77, 252, 68.48, 4, 1357
3321, 1919, 57.78, 252, 68.48, 4, 1357
3322, 1920, 57.80, 252, 68.48, 4, 1357
3323, 1921, 57.81, 252, 68.48, 4, 1357
3324, 1922, 57.82, 252, 68.48, 4, 1357
3325, 1923, 57.83, 252, 68.48, 4, 1357
3326, 1924, 57.85, 252, 68.48, 4, 1357
3327, 1924, 57.83, 252, 68.48, 4, 1358
3328, 1925, 57.84, 252, 68.48, 4, 1358
3329, 1925, 57.83, 252, 68.48, 4, 1359
3330, 1926, 57.84, 252, 68.48, 4, 1359
3331, 1927, 57.85, 252, 68.48, 4, 1359
3332, 1927, 57.83, 252, 68.48, 4, 1360
3333, 1928, 57.85, 252, 68.48, 4, 1360
3334, 1928, 57.83, 252, 68.48, 4, 1361
3335, 1929, 57.84, 252, 68.48, 4, 1361
3336, 1930, 57.85, 252, 68.48, 4, 1361
3337, 1931, 57.87, 252, 68.48, 4, 1361
3338, 1931, 57.85, 252, 68.48, 4, 1362
3339, 1932, 57.86, 252, 68.48, 4, 1362
3340, 1933, 57.87, 252, 68.48, 4, 1362
3341, 1934, 57.89, 252, 68.48, 4, 1362
3342, 1935, 57.90, 252, 68.48, 4, 1362
3343, 1935, 57.88, 252, 68.48, 4, 1363
3344, 1935, 57.86, 252, 68.48, 4, 1364
3345, 1936, 57.88, 252, 68.48, 4, 1364
3346, 1937, 57.89, 252, 68.48, 4, 1364
3347, 1937, 57.87, 252, 68.48, 4, 1365
3348, 1938, 57.89, 252, 68.48, 4, 1365
3349, 1938, 57.87, 252, 68.48, 4, 1366
3350, 1939, 57.88, 252, 68.48, 4, 1366
3351, 1940, 57.89, 252, 68.48, 4, 1366
3352, 1940, 57.88, 252, 68.48, 4, 1367
3353, 1941, 57.89, 252, 68.48, 4, 1367
3354, 1942, 57.90, 252, 68.48, 4, 1367
3355, 1942, 57.88, 252, 68.48, 4, 1368
3356, 1942, 57.87, 252, 68.48, 4, 1369
3357, 1942, 57.85, 252, 68.48, 4, 1370
3358, 1943, 57.86, 252, 68.48, 4, 1370
3359, 1944, 57.87, 252, 68.48, 4, 1370
3360, 1944, 57.86, 252, 68.48, 4, 1371
3361, 1945, 57.87, 252, 68.48, 4, 1371
3362, 1945, 57.85, 252, 68.48, 4, 1372
3363, 1945, 57.84, 252, 68.48, 4, 1373
3364, 1945, 57.82, 252, 68.48, 4, 1374
3365, 1946, 57.83, 252, 68.48, 4, 1374
3366, 1947, 57.84, 252, 68.48, 4, 1374
3367, 1948, 57.86, 252, 68.48, 4, 1374
3368, 1949, 57.87, 252, 68.48, 4, 1374
3369, 1950, 57.88, 252, 68.48, 4, 1374
3370, 1950, 57.86, 252, 68.48, 4, 1375
3371, 1951, 57.88, 252, 68.48, 4, 1375
3372, 1952, 57.89, 252, 68.48, 4, 1375
3373, 1953, 57.90, 252, 68.48, 4, 1375
3374, 1954, 57.91, 252, 68.48, 4, 1375
3375, 1955, 57.93, 252, 68.48, 4, 1375
3376, 1956, 57.94, 252, 68.48, 4, 1375
3377, 1956, 57.92, 252, 68.48, 4, 1376
3378, 1957, 57.93, 252, 68.48, 4, 1376
3379, 1958, 57.95, 252, 68.48, 4, 1376
3380, 1958, 57.93, 252, 68.48, 4, 1377
3381, 1958, 57.91, 252, 68.48, 4, 1378
3382, 1958, 57.89, 252, 68.48, 4, 1379
3383, 1959, 57.91, 252, 68.48, 4, 1379
3384, 1960, 57.92, 252, 68.48, 4, 1379
3385, 1960, 57.90, 252, 68.48, 4, 1380
3386, 1961, 57.91, 252, 68.48, 4, 1380
3387, 1961, 57.90, 252, 68.48, 4, 1381
3388, 1961, 57.88, 252, 68.48, 4, 1382
3389, 1961, 57.86, 252, 68.48, 4, 1383
3390, 1961, 57.85, 252, 68.48, 4, 1384
3391, 1961, 57.83, 252, 68.48, 4, 1385
3392, 1961, 57.81, 252, 68.48, 4, 1386
3393, 1961, 57.80, 252, 68.48, 4, 1387
3394, 1961, 57.78, 252, 68.48, 4, 1388
3395, 1961, 57.76, 252, 68.48, 4, 1389
3396, 1962, 57.77, 252, 68.48, 4, 1389
3397, 1962, 57.76, 252, 68.48, 4, 1390
3398, 1962, 57.74, 252, 68.48, 4, 1391
3399, 1963, 57.75, 252, 68.48, 4, 1391
3400, 1964, 57.76, 252, 68.48, 4, 1391
3401, 1964, 57.75, 252, 68.48, 4, 1392
3402, 1965, 57.76, 252, 68.48, 4, 1392
3403, 1965, 57.74, 252, 68.48, 4, 1393
3404, 1965, 57.73, 252, 68.48, 4, 1394
3405, 1966, 57.74, 252, 68.48, 4, 1394
3406, 1966, 57.72, 252, 68.48, 4, 1395
3407, 1967, 57.73, 252, 68.48, 4, 1395
3408, 1968, 57.75, 252, 68.48, 4, 1395
3409, 1969, 57.76, 252, 68.48, 4, 1395
3410, 1970, 57.77, 252, 68.48, 4, 1395
3411, 1970, 57.75, 252, 68.48, 4, 1396
3412, 1971, 57.77, 252, 68.48, 4, 1396
3413, 1971, 57.75, 252, 68.48, 4, 1397
3414, 1972, 57.76, 252, 68.48, 4, 1397
3415, 1973, 57.77, 252, 68.48, 4, 1397
3416, 1974, 57.79, 252, 68.48, 4, 1397
3417, 1974, 57.77, 252, 68.48, 4, 1398
3418, 1975, 57.78, 252, 68.48, 4, 1398
3419, 1975, 57.77, 252, 68.48, 4, 1399
3420, 1975, 57.75, 252, 68.48, 4, 1400
3421, 1976, 57.76, 252, 68.48, 4, 1400
3422, 1976, 57.74, 252, 68.48, 4, 1401
3423, 1977, 57.76, 252, 68.48, 4, 1401
3424, 1978, 57.77, 252, 68.48, 4, 1401
3425, 1979, 57.78, 252, 68.48, 4, 1401
3426, 1979, 57.76, 252, 68.48, 4, 1402
3427, 1979, 57.75, 252, 68.48, 4, 1403
3428, 1980, 57.76, 252, 68.48, 4, 1403
3429, 1981, 57.77, 252, 68.48, 4, 1403
3430, 1982, 57.78, 252, 68.48, 4, 1403
3431, 1983, 57.80, 252, 68.48, 4, 1403
3432, 1984, 57.81, 252, 68.48, 4, 1403
3433, 1985, 57.82, 252, 68.48, 4, 1403
3434, 1985, 57.80, 252, 68.48, 4, 1404
3435, 1986, 57.82, 252, 68.48, 4, 1404
3436, 1986, 57.80, 252, 68.48, 4, 1405
3437, 1987, 57.81, 252, 68.48, 4, 1405
3438, 1987, 57.80, 252, 68.48, 4, 1406
3439, 1987, 57.78, 252, 68.48, 4, 1407
3440, 1987, 57.76, 252, 68.48, 4, 1408
3441, 1988, 57.77, 252, 68.48, 4, 1408
3442, 1988, 57.76, 252, 68.48, 4, 1409
3443, 1989, 57.77, 252, 68.48, 4, 1409
3444, 1990, 57.78, 252, 68.48, 4, 1409
3445, 1991, 57.79, 252, 68.48, 4, 1409
3446, 1992, 57.81, 252, 68.48, 4, 1409
3447, 1993, 57.82, 252, 68.48, 4, 1409
3448, 1994, 57.83, 252, 68.48, 4, 1409
3449, 1994, 57.81, 252, 68.48, 4, 1410
3450, 1994, 57.80, 252, 68.48, 4, 1411
3451, 1994, 57.78, 252, 68.48, 4, 1412
3452, 1995, 57.79, 252, 68.48, 4, 1412
3453, 1996, 57.80, 252, 68.48, 4, 1412
3454, 1996, 57.79, 252, 68.48, 4, 1413
3455, 1997, 57.80, 252, 68.48, 4, 1413
3456, 1998, 57.81, 252, 68.48, 4, 1413
3457, 1999, 57.82, 252, 68.48, 4, 1413
3458, 1999, 57.81, 252, 68.48, 4, 1414
3459, 2000, 57.82, 252, 68.48, 4, 1414
3460, 2000, 57.80, 252, 68.48, 4, 1415
3461, 2000, 57.79, 252, 68.48, 4, 1416
3462, 2000, 57.77, 252, 68.48, 4, 1417
3463, 2000, 57.75, 252, 68.48, 4, 1418
3464, 2001, 57.77, 252, 68.48, 4, 1418
3465, 2001, 57.75, 252, 68.48, 4, 1419
3466, 2001, 57.73, 252, 68.48, 4, 1420
3467, 2001, 57.72, 252, 68.48, 4, 1421
3468, 2001, 57.70, 252, 68.48, 4, 1422
3469, 2001, 57.68, 252, 68.48, 4, 1423
3470, 2001, 57.67, 252, 68.48, 4, 1424
3471, 2002, 57.68, 252, 68.48, 4, 1424
3472, 2003, 57.69, 252, 68.48, 4, 1424
3473, 2003, 57.67, 252, 68.48, 4, 1425
3474, 2004, 57.69, 252, 68.48, 4, 1425
3475, 2005, 57.70, 252, 68.48, 4, 1425
3476, 2006, 57.71, 252, 68.48, 4, 1425
3477, 2006, 57.69, 252, 68.48, 4, 1426
3478, 2006, 57.68, 252, 68.48, 4, 1427
3479, 2006, 57.66, 252, 68.48, 4, 1428
3480, 2006, 57.64, 252, 68.48, 4, 1429
3481, 2006, 57.63, 252, 68.48, 4, 1430
3482, 2006, 57.61, 252, 68.48, 4, 1431
3483, 2006, 57.59, 252, 68.48, 4, 1432
3484, 2006, 57.58, 252, 68.48, 4, 1433
3485, 2007, 57.59, 252, 68.48, 4, 1433
3486, 2007, 57.57, 252, 68.48, 4, 1434
3487, 2008, 57.59, 252, 68.48, 4, 1434
3488, 2008, 57.57, 252, 68.48, 4, 1435
3489, 2008, 57.55, 252, 68.48, 4, 1436
3490, 2008, 57.54, 252, 68.48, 4, 1437
3491, 2009, 57.55, 252, 68.48, 4, 1437
3492, 2009, 57.53, 252, 68.48, 4, 1438
3493, 2009, 57.52, 252, 68.48, 4, 1439
3494, 2010, 57.53, 252, 68.48, 4, 1439
3495, 2011, 57.54, 252, 68.48, 4, 1439
3496, 2011, 57.52, 252, 68.48, 4, 1440
3497, 2011, 57.51, 252, 68.48, 4, 1440
3498, 2012, 57.52, 252, 68.48, 4, 1440
3499, 2012, 57.50, 252, 68.48, 4, 1441
3500, 2013, 57.51, 252, 68.48, 4, 1441
3501, 2014, 57.53, 252, 68.48, 4, 1441
3502, 2014, 57.51, 252, 68.48, 4, 1442
3503, 2014, 57.49, 252, 68.48, 4, 1443
3504, 2014, 57.48, 252, 68.48, 4, 1444
3505, 2015, 57.49, 252, 68.48, 4, 1444
3506, 2015, 57.47, 252, 68.48, 4, 1445
3507, 2016, 57.49, 252, 68.48, 4, 1445
3508, 2017, 57.50, 252, 68.48, 4, 1445
3509, 2018, 57.51, 252, 68.48, 4, 1445
3510, 2019, 57.52, 252, 68.48, 4, 1445
3511, 2020, 57.53, 252, 68.48, 4, 1445
3512, 2020, 57.52, 252, 68.48, 4, 1446
3513, 2020, 57.50, 252, 68.48, 4, 1447
3514, 2021, 57.51, 252, 68.48, 4, 1447
3515, 2022, 57.52, 252, 68.48, 4, 1447
3516, 2023, 57.54, 252, 68.48, 4, 1447
3517, 2024, 57.55, 252, 68.48, 4, 1447
3518, 2024, 57.53, 252, 68.48, 4, 1448
3519, 2025, 57.54, 252, 68.48, 4, 1448
3520, 2026, 57.56, 252, 68.48, 4, 1448
3521, 2027, 57.57, 252, 68.48, 4, 1448
3522, 2027, 57.55, 252, 68.48, 4, 1449
3523, 2028, 57.56, 252, 68.48, 4, 1449
3524, 2029, 57.58, 252, 68.48, 4, 1449
3525, 2029, 57.56, 252, 68.48, 4, 1450
3526, 2030, 57.57, 252, 68.48, 4, 1450
3527, 2031, 57.58, 252, 68.48, 4, 1450
3528, 2031, 57.57, 252, 68.48, 4, 1451
3529, 2032, 57.58, 252, 68.48, 4, 1451
3530, 2032, 57.56, 252, 68.48, 4, 1452
3531, 2033, 57.58, 252, 68.48, 4, 1452
3532, 2034, 57.59, 252, 68.48, 4, 1452
3533, 2034, 57.57, 252, 68.48, 4, 1453
3534, 2035, 57.58, 252, 68.48, 4, 1453
3535, 2035, 57.57, 252, 68.48, 4, 1454
3536, 2035, 57.55, 252, 68.48, 4, 1455
3537, 2036, 57.56, 252, 68.48, 4, 1455
3538, 2036, 57.55, 252, 68.48, 4, 1456
3539, 2037, 57.56, 252, 68.48, 4, 1456
3540, 2037, 57.54, 252, 68.48, 4, 1457
3541, 2038, 57.55, 252, 68.48, 4, 1457
3542, 2039, 57.57, 252, 68.48, 4, 1457
3543, 2040, 57.58, 252, 68.48, 4, 1457
3544, 2040, 57.56, 252, 68.48, 4, 1458
3545, 2040, 57.55, 252, 68.48, 4, 1459
3546, 2041, 57.56, 252, 68.48, 4, 1459
3547, 2041, 57.54, 252, 68.48, 4, 1459
3548, 2042, 57.55, 252, 68.48, 4, 1459
3549, 2042, 57.54, 252, 68.48, 4, 1460
3550, 2042, 57.52, 252, 68.48, 4, 1461
3551, 2043, 57.53, 252, 68.48, 4, 1461
3552, 2043, 57.52, 252, 68.48, 4, 1462
3553, 2043, 57.50, 252, 68.48, 4, 1463
3554, 2043, 57.48, 252, 68.48, 4, 1464
3555, 2044, 57.50, 252, 68.48, 4, 1464
3556, 2045, 57.51, 252, 68.48, 4, 1464
3557, 2045, 57.49, 252, 68.48, 4, 1465
3558, 2045, 57.48, 252, 68.48, 4, 1466
3559, 2045, 57.46, 252, 68.48, 4, 1467
3560, 2046, 57.47, 252, 68.48, 4, 1467
3561, 2047, 57.48, 252, 68.48, 4, 1467
3562, 2047, 57.47, 252, 68.48, 4, 1468
3563, 2048, 57.48, 252, 68.48, 4, 1468
3564, 2049, 57.49, 252, 68.48, 4, 1468
3565, 2050, 57.50, 252, 68.48, 4, 1468
3566, 2051, 57.52, 252, 68.48, 4, 1468
3567, 2052, 57.53, 252, 68.48, 4, 1468
3568, 2053, 57.54, 252, 68.48, 4, 1468
3569, 2054, 57.55, 252, 68.48, 4, 1468
3570, 2055, 57.56, 252, 68.48, 4, 1468
3571, 2055, 57.55, 252, 68.48, 4, 1469
3572, 2055, 57.53, 252, 68.48, 4, 1470
3573, 2055, 57.51, 252, 68.48, 4, 1471
3574, 2055, 57.50, 252, 68.48, 4, 1472
3575, 2056, 57.51, 252, 68.48, 4, 1472
3576, 2057, 57.52, 252, 68.48, 4, 1472
3577, 2058, 57.53, 252, 68.48, 4, 1472
3578, 2058, 57.52, 252, 68.48, 4, 1473
3579, 2059, 57.53, 252, 68.48, 4, 1473
3580, 2060, 57.54, 252, 68.48, 4, 1473
3581, 2061, 57.55, 252, 68.48, 4, 1473
3582, 2061, 57.54, 252, 68.48, 4, 1474
3583, 2061, 57.52, 252, 68.48, 4, 1475
3584, 2062, 57.53, 252, 68.48, 4, 1475
3585, 2062, 57.52, 252, 68.48, 4, 1476
3586, 2063, 57.53, 252, 68.48, 4, 1476
3587, 2063, 57.51, 252, 68.48, 4, 1477
3588, 2064, 57.53, 252, 68.48, 4, 1477
3589, 2065, 57.54, 252, 68.48, 4, 1477
3590, 2065, 57.52, 252, 68.48, 4, 1478
3591, 2065, 57.50, 252, 68.48, 4, 1479
3592, 2066, 57.52, 252, 68.48, 4, 1479
3593, 2067, 57.53, 252, 68.48, 4, 1479
3594, 2068, 57.54, 252, 68.48, 4, 1479
3595, 2068, 57.52, 252, 68.48, 4, 1480
3596, 2069, 57.54, 252, 68.48, 4, 1480
3597, 2070, 57.55, 252, 68.48, 4, 1480
3598, 2071, 57.56, 252, 68.48, 4, 1480
3599, 2071, 57.54, 252, 68.48, 4, 1481
3600, 2072, 57.56, 252, 68.48, 4, 1481
3601, 2073, 57.57, 252, 68.48, 4, 1481
3602, 2074, 57.58, 252, 68.48, 4, 1481
3603, 2074, 57.56, 252, 68.48, 4, 1482
3604, 2075, 57.57, 252, 68.48, 4, 1482
3605, 2075, 57.56, 252, 68.48, 4, 1483
3606, 2076, 57.57, 252, 68.48, 4, 1483
3607, 2076, 57.55, 252, 68.48, 4, 1484
3608, 2077, 57.57, 252, 68.48, 4, 1484
3609, 2078, 57.58, 252, 68.48, 4, 1484
3610, 2079, 57.59, 252, 68.48, 4, 1484
3611, 2080, 57.60, 252, 68.48, 4, 1484
3612, 2080, 57.59, 252, 68.48, 4, 1484
3613, 2081, 57.60, 252, 68.48, 4, 1484
3614, 2081, 57.58, 252, 68.48, 4, 1485
3615, 2082, 57.59, 252, 68.48, 4, 1485
3616, 2082, 57.58, 252, 68.48, 4, 1486
3617, 2082, 57.56, 252, 68.48, 4, 1486
3618, 2083, 57.57, 252, 68.48, 4, 1486
3619, 2083, 57.56, 252, 68.48, 4, 1487
3620, 2083, 57.54, 252, 68.48, 4, 1488
3621, 2084, 57.55, 252, 68.48, 4, 1488
3622, 2084, 57.54, 252, 68.48, 4, 1489
3623, 2084, 57.52, 252, 68.48, 4, 1490
3624, 2084, 57.51, 252, 68.48, 4, 1491
3625, 2085, 57.52, 252, 68.48, 4, 1491
3626, 2085, 57.50, 252, 68.48, 4, 1492
3627, 2086, 57.51, 252, 68.48, 4, 1492
3628, 2087, 57.52, 252, 68.48, 4, 1492
3629, 2088, 57.54, 252, 68.48, 4, 1492
3630, 2088, 57.52, 252, 68.48, 4, 1493
3631, 2088, 57.50, 252, 68.48, 4, 1494
3632, 2088, 57.49, 252, 68.48, 4, 1495
3633, 2088, 57.47, 252, 68.48, 4, 1496
3634, 2089, 57.48, 252, 68.48, 4, 1496
3635, 2090, 57.50, 252, 68.48, 4, 1496
3636, 2090, 57.48, 252, 68.48, 4, 1497
3637, 2091, 57.49, 252, 68.48, 4, 1497
3638, 2091, 57.48, 252, 68.48, 4, 1498
3639, 2091, 57.46, 252, 68.48, 4, 1499
3640, 2092, 57.47, 252, 68.48, 4, 1499
3641, 2092, 57.46, 252, 68.48, 4, 1500
3642, 2092, 57.44, 252, 68.48, 4, 1501
3643, 2092, 57.43, 252, 68.48, 4, 1502
3644, 2092, 57.41, 252, 68.48, 4, 1503
3645, 2093, 57.42, 252, 68.48, 4, 1503
3646, 2093, 57.41, 252, 68.48, 4, 1504
3647, 2094, 57.42, 252, 68.48, 4, 1504
3648, 2095, 57.43, 252, 68.48, 4, 1504
3649, 2096, 57.44, 252, 68.48, 4, 1504
3650, 2097, 57.45, 252, 68.48, 4, 1504
3651, 2097, 57.44, 252, 68.48, 4, 1505
3652, 2097, 57.42, 252, 68.48, 4, 1506
3653, 2098, 57.43, 252, 68.48, 4, 1506
3654, 2098, 57.42, 252, 68.48, 4, 1507
3655, 2098, 57.40, 252, 68.48, 4, 1508
3656, 2098, 57.39, 252, 68.48, 4, 1509
3657, 2098, 57.37, 252, 68.48, 4, 1510
3658, 2098, 57.35, 252, 68.48, 4, 1511
3659, 2098, 57.34, 252, 68.48, 4, 1512
3660, 2098, 57.32, 252, 68.48, 4, 1513
3661, 2099, 57.33, 252, 68.48, 4, 1513
3662, 2099, 57.32, 252, 68.48, 4, 1514
3663, 2099, 57.30, 252, 68.48, 4, 1515
3664, 2099, 57.29, 252, 68.48, 4, 1516
3665, 2099, 57.27, 252, 68.48, 4, 1517
3666, 2099, 57.26, 252, 68.48, 4, 1518
3667, 2100, 57.27, 252, 68.48, 4, 1518
3668, 2100, 57.25, 252, 68.48, 4, 1519
3669, 2101, 57.26, 252, 68.48, 4, 1519
3670, 2101, 57.25, 252, 68.48, 4, 1520
3671, 2101, 57.23, 252, 68.48, 4, 1521
3672, 2101, 57.22, 252, 68.48, 4, 1522
3673, 2102, 57.23, 252, 68.48, 4, 1522
3674, 2102, 57.21, 252, 68.48, 4, 1523
3675, 2103, 57.22, 252, 68.48, 4, 1523
3676, 2104, 57.24, 252, 68.48, 4, 1523
3677, 2105, 57.25, 252, 68.48, 4, 1523
3678, 2106, 57.26, 252, 68.48, 4, 1523
3679, 2106, 57.24, 252, 68.48, 4, 1524
3680, 2106, 57.23, 252, 68.48, 4, 1525
3681, 2107, 57.24, 252, 68.48, 4, 1525
3682, 2108, 57.25, 252, 68.48, 4, 1525
3683, 2108, 57.24, 252, 68.48, 4, 1526
3684, 2109, 57.25, 252, 68.48, 4, 1526
3685, 2110, 57.26, 252, 68.48, 4, 1526
3686, 2110, 57.24, 252, 68.48, 4, 1527
3687, 2110, 57.23, 252, 68.48, 4, 1528
3688, 2111, 57.24, 252, 68.48, 4, 1528
3689, 2112, 57.25, 252, 68.48, 4, 1528
3690, 2113, 57.26, 252, 68.48, 4, 1528
3691, 2113, 57.25, 252, 68.48, 4, 1529
3692, 2114, 57.26, 252, 68.48, 4, 1529
3693, 2114, 57.24, 252, 68.48, 4, 1530
3694, 2114, 57.23, 252, 68.48, 4, 1531
3695, 2115, 57.24, 252, 68.48, 4, 1531
3696, 2116, 57.25, 252, 68.48, 4, 1531
3697, 2117, 57.26, 252, 68.48, 4, 1531
3698, 2118, 57.27, 252, 68.48, 4, 1531
3699, 2119, 57.29, 252, 68.48, 4, 1531
3700, 2120, 57.30, 252, 68.48, 4, 1531
3701, 2121, 57.31, 252, 68.48, 4, 1531
3702, 2122, 57.32, 252, 68.48, 4, 1531
3703, 2122, 57.30, 252, 68.48, 4, 1532
3704, 2123, 57.32, 252, 68.48, 4, 1532
3705, 2123, 57.30, 252, 68.48, 4, 1533
3706, 2124, 57.31, 252, 68.48, 4, 1533
3707, 2124, 57.30, 252, 68.48, 4, 1534
3708, 2124, 57.28, 252, 68.48, 4, 1535
3709, 2125, 57.29, 252, 68.48, 4, 1535
3710, 2126, 57.30, 252, 68.48, 4, 1535
3711, 2126, 57.29, 252, 68.48, 4, 1536
3712, 2127, 57.30, 252, 68.48, 4, 1536
3713, 2127, 57.29, 252, 68.48, 4, 1537
3714, 2127, 57.27, 252, 68.48, 4, 1538
3715, 2128, 57.28, 252, 68.48, 4, 1538
3716, 2128, 57.27, 252, 68.48, 4, 1539
3717, 2128, 57.25, 252, 68.48, 4, 1540
3718, 2129, 57.26, 252, 68.48, 4, 1540
3719, 2129, 57.25, 252, 68.48, 4, 1541
3720, 2130, 57.26, 252, 68.48, 4, 1541
3721, 2131, 57.27, 252, 68.48, 4, 1541
3722, 2131, 57.25, 252, 68.48, 4, 1542
3723, 2131, 57.24, 252, 68.48, 4, 1543
3724, 2131, 57.22, 252, 68.48, 4, 1544
3725, 2132, 57.23, 252, 68.48, 4, 1544
3726, 2133, 57.25, 252, 68.48, 4, 1544
3727, 2134, 57.26, 252, 68.48, 4, 1544
3728, 2134, 57.24, 252, 68.48, 4, 1545
3729, 2134, 57.23, 252, 68.48, 4, 1546
3730, 2134, 57.21, 252, 68.48, 4, 1547
3731, 2135, 57.22, 252, 68.48, 4, 1547
3732, 2135, 57.21, 252, 68.48, 4, 1548
3733, 2135, 57.19, 252, 68.48, 4, 1549
3734, 2136, 57.20, 252, 68.48, 4, 1549
3735, 2136, 57.19, 252, 68.48, 4, 1550
3736, 2136, 57.17, 252, 68.48, 4, 1551
3737, 2136, 57.16, 252, 68.48, 4, 1552
3738, 2136, 57.14, 252, 68.48, 4, 1553
3739, 2137, 57.15, 252, 68.48, 4, 1553
3740, 2137, 57.14, 252, 68.48, 4, 1554
3741, 2137, 57.12, 252, 68.48, 4, 1555
3742, 2138, 57.14, 252, 68.48, 4, 1555
3743, 2139, 57.15, 252, 68.48, 4, 1555
3744, 2139, 57.13, 252, 68.48, 4, 1556
3745, 2140, 57.14, 252, 68.48, 4, 1556
3746, 2140, 57.13, 252, 68.48, 4, 1557
3747, 2140, 57.11, 252, 68.48, 4, 1558
3748, 2140, 57.10, 252, 68.48, 4, 1559
3749, 2141, 57.11, 252, 68.48, 4, 1559
3750, 2141, 57.09, 252, 68.48, 4, 1560
3751, 2141, 57.08, 252, 68.48, 4, 1561
3752, 2142, 57.09, 252, 68.48, 4, 1561
3753, 2143, 57.10, 252, 68.48, 4, 1561
3754, 2144, 57.11, 252, 68.48, 4, 1561
3755, 2145, 57.12, 252, 68.48, 4, 1561
3756, 2145, 57.11, 252, 68.48, 4, 1562
3757, 2145, 57.09, 252, 68.48, 4, 1563
3758, 2145, 57.08, 252, 68.48, 4, 1564
3759, 2145, 57.06, 252, 68.48, 4, 1565
3760, 2146, 57.07, 252, 68.48, 4, 1565
3761, 2147, 57.09, 252, 68.48, 4, 1565
3762, 2147, 57.07, 252, 68.48, 4, 1566
3763, 2147, 57.06, 252, 68.48, 4, 1567
3764, 2147, 57.04, 252, 68.48, 4, 1568
3765, 2148, 57.05, 252, 68.48, 4, 1568
3766, 2149, 57.06, 252, 68.48, 4, 1568
3767, 2150, 57.07, 252, 68.48, 4, 1568
3768, 2151, 57.09, 252, 68.48, 4, 1568
3769, 2151, 57.07, 252, 68.48, 4, 1569
3770, 2151, 57.06, 252, 68.48, 4, 1570
3771, 2152, 57.07, 252, 68.48, 4, 1570
3772, 2153, 57.08, 252, 68.48, 4, 1570
3773, 2153, 57.06, 252, 68.48, 4, 1571
3774, 2154, 57.07, 252, 68.48, 4, 1571
3775, 2155, 57.09, 252, 68.48, 4, 1571
3776, 2156, 57.10, 252, 68.48, 4, 1571
3777, 2156, 57.08, 252, 68.48, 4, 1571
3778, 2157, 57.09, 252, 68.48, 4, 1571
3779, 2157, 57.08, 252, 68.48, 4, 1572
3780, 2157, 57.06, 252, 68.48, 4, 1573
3781, 2157, 57.05, 252, 68.48, 4, 1574
3782, 2157, 57.03, 252, 68.48, 4, 1575
3783, 2157, 57.02, 252, 68.48, 4, 1576
3784, 2158, 57.03, 252, 68.48, 4, 1576
3785, 2158, 57.01, 252, 68.48, 4, 1577
3786, 2159, 57.03, 252, 68.48, 4, 1577
3787, 2159, 57.01, 252, 68.48, 4, 1578
3788, 2159, 57.00, 252, 68.48, 4, 1579
3789, 2160, 57.01, 252, 68.48, 4, 1579
3790, 2161, 57.02, 252, 68.48, 4, 1579
3791, 2161, 57.00, 252, 68.48, 4, 1580
3792, 2161, 56.99, 252, 68.48, 4, 1581
3793, 2161, 56.97, 252, 68.48, 4, 1582
3794, 2161, 56.96, 252, 68.48, 4, 1582
3795, 2161, 56.94, 252, 68.48, 4, 1583
3796, 2161, 56.93, 252, 68.48, 4, 1584
3797, 2161, 56.91, 252, 68.48, 4, 1584
3798, 2161, 56.90, 252, 68.48, 4, 1585
3799, 2161, 56.88, 252, 68.48, 4, 1586
3800, 2161, 56.87, 252, 68.48, 4, 1587
3801, 2162, 56.88, 252, 68.48, 4, 1587
3802, 2163, 56.89, 252, 68.48, 4, 1587
3803, 2164, 56.90, 252, 68.48, 4, 1587
3804, 2165, 56.91, 252, 68.48, 4, 1587
3805, 2166, 56.93, 252, 68.48, 4, 1587
3806, 2167, 56.94, 252, 68.48, 4, 1587
3807, 2168, 56.95, 252, 68.48, 4, 1587
3808, 2169, 56.96, 252, 68.48, 4, 1587
3809, 2170, 56.97, 252, 68.48, 4, 1587
3810, 2170, 56.96, 252, 68.48, 4, 1588
3811, 2171, 56.97, 252, 68.48, 4, 1588
3812, 2171, 56.95, 252, 68.48, 4, 1589
3813, 2171, 56.94, 252, 68.48, 4, 1590
3814, 2171, 56.92, 252, 68.48, 4, 1591
3815, 2171, 56.91, 252, 68.48, 4, 1592
3816, 2172, 56.92, 252, 68.48, 4, 1592
3817, 2172, 56.90, 252, 68.48, 4, 1592
3818, 2173, 56.91, 252, 68.48, 4, 1592
3819, 2174, 56.93, 252, 68.48, 4, 1592
3820, 2174, 56.91, 252, 68.48, 4, 1593
3821, 2174, 56.90, 252, 68.48, 4, 1594
3822, 2175, 56.91, 252, 68.48, 4, 1594
3823, 2176, 56.92, 252, 68.48, 4, 1594
3824, 2177, 56.93, 252, 68.48, 4, 1594
3825, 2177, 56.92, 252, 68.48, 4, 1595
3826, 2177, 56.90, 252, 68.48, 4, 1596
3827, 2178, 56.91, 252, 68.48, 4, 1596
3828, 2178, 56.90, 252, 68.48, 4, 1597
3829, 2178, 56.88, 252, 68.48, 4, 1598
3830, 2179, 56.89, 252, 68.48, 4, 1598
3831, 2179, 56.88, 252, 68.48, 4, 1599
3832, 2179, 56.86, 252, 68.48, 4, 1600
3833, 2180, 56.87, 252, 68.48, 4, 1600
3834, 2181, 56.89, 252, 68.48, 4, 1600
3835, 2181, 56.87, 252, 68.48, 4, 1601
3836, 2182, 56.88, 252, 68.48, 4, 1601
3837, 2182, 56.87, 252, 68.48, 4, 1602
3838, 2182, 56.85, 252, 68.48, 4, 1603
3839, 2183, 56.86, 252, 68.48, 4, 1603
3840, 2184, 56.88, 252, 68.48, 4, 1603
3841, 2185, 56.89, 252, 68.48, 4, 1603
3842, 2186, 56.90, 252, 68.48, 4, 1603
3843, 2187, 56.91, 252, 68.48, 4, 1603
3844, 2187, 56.89, 252, 68.48, 4, 1604
3845, 2188, 56.91, 252, 68.48, 4, 1604
3846, 2188, 56.89, 252, 68.48, 4, 1605
3847, 2188, 56.88, 252, 68.48, 4, 1606
3848, 2189, 56.89, 252, 68.48, 4, 1606
3849, 2190, 56.90, 252, 68.48, 4, 1606
3850, 2191, 56.91, 252, 68.48, 4, 1606
3851, 2192, 56.92, 252, 68.48, 4, 1606
3852, 2192, 56.91, 252, 68.48, 4, 1607
3853, 2192, 56.89, 252, 68.48, 4, 1608
3854, 2192, 56.88, 252, 68.48, 4, 1609
3855, 2192, 56.86, 252, 68.48, 4, 1610
3856, 2192, 56.85, 252, 68.48, 4, 1611
3857, 2193, 56.86, 252, 68.48, 4, 1611
3858, 2194, 56.87, 252, 68.48, 4, 1611
3859, 2194, 56.85, 252, 68.48, 4, 1612
3860, 2194, 56.84, 252, 68.48, 4, 1613
3861, 2194, 56.82, 252, 68.48, 4, 1614
3862, 2195, 56.84, 252, 68.48, 4, 1614
3863, 2196, 56.85, 252, 68.48, 4, 1614
3864, 2196, 56.83, 252, 68.48, 4, 1615
3865, 2197, 56.84, 252, 68.48, 4, 1615
3866, 2197, 56.83, 252, 68.48, 4, 1616
3867, 2197, 56.81, 252, 68.48, 4, 1617
3868, 2198, 56.83, 252, 68.48, 4, 1617
3869, 2199, 56.84, 252, 68.48, 4, 1617
3870, 2199, 56.82, 252, 68.48, 4, 1618
3871, 2200, 56.83, 252, 68.48, 4, 1618
3872, 2200, 56.82, 252, 68.48, 4, 1619
3873, 2201, 56.83, 252, 68.48, 4, 1619
3874, 2201, 56.81, 252, 68.48, 4, 1620
3875, 2201, 56.80, 252, 68.48, 4, 1621
3876, 2201, 56.79, 252, 68.48, 4, 1622
3877, 2201, 56.77, 252, 68.48, 4, 1623
3878, 2201, 56.76, 252, 68.48, 4, 1624
3879, 2202, 56.77, 252, 68.48, 4, 1624
3880, 2202, 56.75, 252, 68.48, 4, 1625
3881, 2203, 56.76, 252, 68.48, 4, 1625
3882, 2204, 56.77, 252, 68.48, 4, 1625
3883, 2205, 56.79, 252, 68.48, 4, 1625
3884, 2206, 56.80, 252, 68.48, 4, 1625
3885, 2207, 56.81, 252, 68.48, 4, 1625
3886, 2207, 56.79, 252, 68.48, 4, 1626
3887, 2208, 56.80, 252, 68.48, 4, 1626
3888, 2209, 56.82, 252, 68.48, 4, 1626
3889, 2210, 56.83, 252, 68.48, 4, 1626
3890, 2211, 56.84, 252, 68.48, 4, 1626
3891, 2212, 56.85, 252, 68.48, 4, 1626
3892, 2213, 56.86, 252, 68.48, 4, 1626
3893, 2213, 56.85, 252, 68.48, 4, 1627
3894, 2214, 56.86, 252, 68.48, 4, 1627
3895, 2215, 56.87, 252, 68.48, 4, 1627
3896, 2215, 56.85, 252, 68.48, 4, 1628
3897, 2215, 56.84, 252, 68.48, 4, 1629
3898, 2215, 56.82, 252, 68.48, 4, 1630
3899, 2215, 56.81, 252, 68.48, 4, 1631
3900, 2216, 56.82, 252, 68.48, 4, 1631
3901, 2216, 56.81, 252, 68.48, 4, 1632
3902, 2216, 56.79, 252, 68.48, 4, 1633
3903, 2217, 56.80, 252, 68.48, 4, 1633
3904, 2217, 56.79, 252, 68.48, 4, 1634
3905, 2217, 56.77, 252, 68.48, 4, 1635
3906, 2218, 56.78, 252, 68.48, 4, 1635
3907, 2219, 56.80, 252, 68.48, 4, 1635
3908, 2220, 56.81, 252, 68.48, 4, 1635
3909, 2220, 56.79, 252, 68.48, 4, 1636
3910, 2220, 56.78, 252, 68.48, 4, 1637
3911, 2221, 56.79, 252, 68.48, 4, 1637
3912, 2222, 56.80, 252, 68.48, 4, 1637
3913, 2223, 56.81, 252, 68.48, 4, 1637
3914, 2223, 56.80, 252, 68.48, 4, 1638
3915, 2223, 56.78, 252, 68.48, 4, 1639
3916, 2224, 56.79, 252, 68.48, 4, 1639
3917, 2224, 56.78, 252, 68.48, 4, 1640
3918, 2225, 56.79, 252, 68.48, 4, 1640
3919, 2226, 56.80, 252, 68.48, 4, 1640
3920, 2227, 56.81, 252, 68.48, 4, 1640
3921, 2228, 56.82, 252, 68.48, 4, 1640
3922, 2229, 56.83, 252, 68.48, 4, 1640
3923, 2230, 56.84, 252, 68.48, 4, 1640
3924, 2231, 56.86, 252, 68.48, 4, 1640
3925, 2232, 56.87, 252, 68.48, 4, 1640
3926, 2232, 56.85, 252, 68.48, 4, 1641
3927, 2232, 56.84, 252, 68.48, 4, 1642
3928, 2233, 56.85, 252, 68.48, 4, 1642
3929, 2233, 56.83, 252, 68.48, 4, 1643
3930, 2233, 56.82, 252, 68.48, 4, 1644
3931, 2234, 56.83, 252, 68.48, 4, 1644
3932, 2234, 56.82, 252, 68.48, 4, 1645
3933, 2234, 56.80, 252, 68.48, 4, 1646
3934, 2234, 56.79, 252, 68.48, 4, 1647
3935, 2235, 56.80, 252, 68.48, 4, 1647
3936, 2236, 56.81, 252, 68.48, 4, 1647
3937, 2236, 56.79, 252, 68.48, 4, 1648
3938, 2237, 56.81, 252, 68.48, 4, 1648
3939, 2238, 56.82, 252, 68.48, 4, 1648
3940, 2238, 56.80, 252, 68.48, 4, 1649
3941, 2238, 56.79, 252, 68.48, 4, 1650
3942, 2239, 56.80, 252, 68.48, 4, 1650
3943, 2239, 56.78, 252, 68.48, 4, 1651
3944, 2240, 56.80, 252, 68.48, 4, 1651
3945, 2241, 56.81, 252, 68.48, 4, 1651
3946, 2242, 56.82, 252, 68.48, 4, 1651
3947, 2243, 56.83, 252, 68.48, 4, 1651
3948, 2243, 56.81, 252, 68.48, 4, 1652
3949, 2243, 56.80, 252, 68.48, 4, 1653
3950, 2244, 56.81, 252, 68.48, 4, 1653
3951, 2245, 56.82, 252, 68.48, 4, 1653
3952, 2246, 56.83, 252, 68.48, 4, 1653
3953, 2247, 56.84, 252, 68.48, 4, 1653
3954, 2247, 56.83, 252, 68.48, 4, 1654
3955, 2247, 56.81, 252, 68.48, 4, 1655
3956, 2248, 56.83, 252, 68.48, 4, 1655
3957, 2249, 56.84, 252, 68.48, 4, 1655
3958, 2249, 56.82, 252, 68.48, 4, 1656
3959, 2250, 56.83, 252, 68.48, 4, 1656
3960, 2250, 56.82, 252, 68.48, 4, 1656
3961, 2251, 56.83, 252, 68.48, 4, 1656
3962, 2252, 56.84, 252, 68.48, 4, 1656
3963, 2253, 56.85, 252, 68.48, 4, 1656
3964, 2253, 56.84, 252, 68.48, 4, 1657
3965, 2253, 56.82, 252, 68.48, 4, 1658
3966, 2253, 56.81, 252, 68.48, 4, 1659
3967, 2254, 56.82, 252, 68.48, 4, 1659
3968, 2254, 56.80, 252, 68.48, 4, 1660
3969, 2255, 56.82, 252, 68.48, 4, 1660
3970, 2255, 56.80, 252, 68.48, 4, 1661
3971, 2256, 56.81, 252, 68.48, 4, 1661
3972, 2257, 56.82, 252, 68.48, 4, 1661
3973, 2257, 56.81, 252, 68.48, 4, 1661
3974, 2257, 56.79, 252, 68.48, 4, 1661
3975, 2258, 56.81, 252, 68.48, 4, 1661
3976, 2259, 56.82, 252, 68.48, 4, 1661
3977, 2260, 56.83, 252, 68.48, 4, 1661
3978, 2260, 56.81, 252, 68.48, 4, 1662
3979, 2260, 56.80, 252, 68.48, 4, 1663
3980, 2260, 56.78, 252, 68.48, 4, 1664
3981, 2261, 56.79, 252, 68.48, 4, 1664
3982, 2262, 56.81, 252, 68.48, 4, 1664
3983, 2262, 56.79, 252, 68.48, 4, 1665
3984, 2263, 56.80, 252, 68.48, 4, 1665
3985, 2264, 56.81, 252, 68.48, 4, 1665
3986, 2265, 56.82, 252, 68.48, 4, 1665
3987, 2266, 56.83, 252, 68.48, 4, 1665
3988, 2266, 56.82, 252, 68.48, 4, 1666
3989, 2267, 56.83, 252, 68.48, 4, 1666
3990, 2267, 56.82, 252, 68.48, 4, 1667
3991, 2267, 56.80, 252, 68.48, 4, 1668
3992, 2267, 56.79, 252, 68.48, 4, 1669
3993, 2268, 56.80, 252, 68.48, 4, 1669
3994, 2269, 56.81, 252, 68.48, 4, 1669
3995, 2270, 56.82, 252, 68.48, 4, 1669
3996, 2270, 56.81, 252, 68.48, 4, 1670
3997, 2270, 56.79, 252, 68.48, 4, 1671
3998, 2271, 56.80, 252, 68.48, 4, 1671
3999, 2272, 56.81, 252, 68.48, 4, 1671
4000, 2272, 56.80, 252, 68.48, 4, 1672
4001, 2272, 56.79, 252, 68.48, 4, 1673
4002, 2273, 56.80, 252, 68.48, 4, 1673
4003, 2273, 56.78, 252, 68.48, 4, 1674
4004, 2274, 56.79, 252, 68.48, 4, 1674
4005, 2274, 56.78, 252, 68.48, 4, 1675
4006, 2274, 56.76, 252, 68.48, 4, 1676
4007, 2275, 56.78, 252, 68.48, 4, 1676
4008, 2276, 56.79, 252, 68.48, 4, 1676
4009, 2276, 56.77, 252, 68.48, 4, 1677
4010, 2277, 56.78, 252, 68.48, 4, 1677
4011, 2277, 56.77, 252, 68.48, 4, 1678
4012, 2277, 56.75, 252, 68.48, 4, 1679
4013, 2277, 56.74, 252, 68.48, 4, 1680
4014, 2278, 56.75, 252, 68.48, 4, 1680
4015, 2279, 56.76, 252, 68.48, 4, 1680
4016, 2280, 56.77, 252, 68.48, 4, 1680
4017, 2280, 56.76, 252, 68.48, 4, 1681
4018, 2281, 56.77, 252, 68.48, 4, 1681
4019, 2282, 56.78, 252, 68.48, 4, 1681
4020, 2283, 56.79, 252, 68.48, 4, 1681
4021, 2283, 56.78, 252, 68.48, 4, 1681
4022, 2284, 56.79, 252, 68.48, 4, 1681
4023, 2285, 56.80, 252, 68.48, 4, 1681
4024, 2286, 56.81, 252, 68.48, 4, 1681
4025, 2287, 56.82, 252, 68.48, 4, 1681
4026, 2287, 56.81, 252, 68.48, 4, 1682
4027, 2288, 56.82, 252, 68.48, 4, 1682
4028, 2288, 56.80, 252, 68.48, 4, 1683
4029, 2288, 56.79, 252, 68.48, 4, 1684
4030, 2288, 56.77, 252, 68.48, 4, 1685
4031, 2288, 56.76, 252, 68.48, 4, 1686
4032, 2289, 56.77, 252, 68.48, 4, 1686
4033, 2290, 56.78, 252, 68.48, 4, 1686
4034, 2291, 56.79, 252, 68.48, 4, 1686
4035, 2292, 56.80, 252, 68.48, 4, 1686
4036, 2292, 56.79, 252, 68.48, 4, 1687
4037, 2292, 56.77, 252, 68.48, 4, 1688
4038, 2293, 56.79, 252, 68.48, 4, 1688
4039, 2294, 56.80, 252, 68.48, 4, 1688
4040, 2294, 56.78, 252, 68.48, 4, 1689
4041, 2295, 56.79, 252, 68.48, 4, 1689
4042, 2296, 56.80, 252, 68.48, 4, 1689
4043, 2297, 56.81, 252, 68.48, 4, 1689
4044, 2297, 56.80, 252, 68.48, 4, 1690
4045, 2298, 56.81, 252, 68.48, 4, 1690
4046, 2299, 56.82, 252, 68.48, 4, 1690
4047, 2300, 56.83, 252, 68.48, 4, 1690
4048, 2300, 56.82, 252, 68.48, 4, 1690
4049, 2300, 56.80, 252, 68.48, 4, 1691
4050, 2300, 56.79, 252, 68.48, 4, 1692
4051, 2301, 56.80, 252, 68.48, 4, 1692
4052, 2302, 56.81, 252, 68.48, 4, 1692
4053, 2303, 56.82, 252, 68.48, 4, 1692
4054, 2304, 56.83, 252, 68.48, 4, 1692
4055, 2304, 56.82, 252, 68.48, 4, 1693
4056, 2305, 56.83, 252, 68.48, 4, 1693
4057, 2306, 56.84, 252, 68.48, 4, 1693
4058, 2307, 56.85, 252, 68.48, 4, 1693
4059, 2307, 56.84, 252, 68.48, 4, 1694
4060, 2308, 56.85, 252, 68.48, 4, 1694
4061, 2309, 56.86, 252, 68.48, 4, 1694
4062, 2309, 56.84, 252, 68.48, 4, 1695
4063, 2309, 56.83, 252, 68.48, 4, 1696
4064, 2309, 56.82, 252, 68.48, 4, 1697
4065, 2309, 56.80, 252, 68.48, 4, 1697
4066, 2310, 56.81, 252, 68.48, 4, 1697
4067, 2311, 56.82, 252, 68.48, 4, 1697
4068, 2311, 56.81, 252, 68.48, 4, 1698
4069, 2312, 56.82, 252, 68.48, 4, 1698
4070, 2312, 56.81, 252, 68.48, 4, 1699
4071, 2313, 56.82, 252, 68.48, 4, 1699
4072, 2313, 56.80, 252, 68.48, 4, 1700
4073, 2314, 56.81, 252, 68.48, 4, 1700
4074, 2314, 56.80, 252, 68.48, 4, 1701
4075, 2315, 56.81, 252, 68.48, 4, 1701
4076, 2316, 56.82, 252, 68.48, 4, 1701
4077, 2317, 56.83, 252, 68.48, 4, 1701
4078, 2318, 56.84, 252, 68.48, 4, 1701
4079, 2319, 56.85, 252, 68.48, 4, 1701
4080, 2319, 56.84, 252, 68.48, 4, 1702
4081, 2320, 56.85, 252, 68.48, 4, 1702
4082, 2320, 56.83, 252, 68.48, 4, 1703
4083, 2321, 56.85, 252, 68.48, 4, 1703
4084, 2321, 56.83, 252, 68.48, 4, 1704
4085, 2321, 56.82, 252, 68.48, 4, 1705
4086, 2321, 56.80, 252, 68.48, 4, 1706
4087, 2322, 56.81, 252, 68.48, 4, 1706
4088, 2322, 56.80, 252, 68.48, 4, 1707
4089, 2322, 56.79, 252, 68.48, 4, 1708
4090, 2322, 56.77, 252, 68.48, 4, 1709
4091, 2323, 56.78, 252, 68.48, 4, 1709
4092, 2324, 56.79, 252, 68.48, 4, 1709
4093, 2324, 56.78, 252, 68.48, 4, 1710
4094, 2325, 56.79, 252, 68.48, 4, 1710
4095, 2326, 56.80, 252, 68.48, 4, 1710
4096, 2326, 56.79, 252, 68.48, 4, 1711
4097, 2327, 56.80, 252, 68.48, 4, 1711
4098, 2328, 56.81, 252, 68.48, 4, 1711
4099, 2328, 56.79, 252, 68.48, 4, 1712
4100, 2329, 56.80, 252, 68.48, 4, 1712
4101, 2330, 56.82, 252, 68.48, 4, 1712
4102, 2330, 56.80, 252, 68.48, 4, 1713
4103, 2330, 56.79, 252, 68.48, 4, 1714
4104, 2331, 56.80, 252, 68.48, 4, 1714
4105, 2332, 56.81, 252, 68.48, 4, 1714
4106, 2332, 56.79, 252, 68.48, 4, 1715
4107, 2333, 56.81, 252, 68.48, 4, 1715
4108, 2334, 56.82, 252, 68.48, 4, 1715
4109, 2335, 56.83, 252, 68.48, 4, 1715
4110, 2336, 56.84, 252, 68.48, 4, 1715
4111, 2336, 56.82, 252, 68.48, 4, 1716
4112, 2337, 56.83, 252, 68.48, 4, 1716
4113, 2338, 56.84, 252, 68.48, 4, 1716
4114, 2339, 56.85, 252, 68.48, 4, 1716
4115, 2339, 56.84, 252, 68.48, 4, 1717
4116, 2340, 56.85, 252, 68.48, 4, 1717
4117, 2340, 56.84, 252, 68.48, 4, 1718
4118, 2341, 56.85, 252, 68.48, 4, 1718
4119, 2342, 56.86, 252, 68.48, 4, 1718
4120, 2343, 56.87, 252, 68.48, 4, 1718
4121, 2344, 56.88, 252, 68.48, 4, 1718
4122, 2344, 56.87, 252, 68.48, 4, 1719
4123, 2344, 56.85, 252, 68.48, 4, 1720
4124, 2345, 56.86, 252, 68.48, 4, 1720
4125, 2346, 56.87, 252, 68.48, 4, 1720
4126, 2347, 56.88, 252, 68.48, 4, 1720
4127, 2348, 56.89, 252, 68.48, 4, 1720
4128, 2348, 56.88, 252, 68.48, 4, 1721
4129, 2348, 56.87, 252, 68.48, 4, 1722
4130, 2348, 56.85, 252, 68.48, 4, 1723
4131, 2349, 56.86, 252, 68.48, 4, 1723
4132, 2350, 56.87, 252, 68.48, 4, 1723
4133, 2351, 56.88, 252, 68.48, 4, 1723
4134, 2352, 56.89, 252, 68.48, 4, 1723
4135, 2352, 56.88, 252, 68.48, 4, 1724
4136, 2352, 56.87, 252, 68.48, 4, 1725
4137, 2352, 56.85, 252, 68.48, 4, 1726
4138, 2353, 56.86, 252, 68.48, 4, 1726
4139, 2354, 56.87, 252, 68.48, 4, 1726
4140, 2354, 56.86, 252, 68.48, 4, 1727
4141, 2355, 56.87, 252, 68.48, 4, 1727
4142, 2355, 56.86, 252, 68.48, 4, 1728
4143, 2355, 56.84, 252, 68.48, 4, 1729
4144, 2355, 56.83, 252, 68.48, 4, 1730
4145, 2356, 56.84, 252, 68.48, 4, 1730
4146, 2357, 56.85, 252, 68.48, 4, 1730
4147, 2357, 56.84, 252, 68.48, 4, 1731
4148, 2357, 56.82, 252, 68.48, 4, 1732
4149, 2357, 56.81, 252, 68.48, 4, 1733
4150, 2357, 56.80, 252, 68.48, 4, 1734
4151, 2358, 56.81, 252, 68.48, 4, 1734
4152, 2358, 56.79, 252, 68.48, 4, 1735
4153, 2359, 56.80, 252, 68.48, 4, 1735
4154, 2359, 56.79, 252, 68.48, 4, 1736
4155, 2359, 56.77, 252, 68.48, 4, 1737
4156, 2360, 56.79, 252, 68.48, 4, 1737
4157, 2361, 56.80, 252, 68.48, 4, 1737
4158, 2362, 56.81, 252, 68.48, 4, 1737
4159, 2362, 56.79, 252, 68.48, 4, 1737
4160, 2363, 56.80, 252, 68.48, 4, 1737
4161, 2363, 56.79, 252, 68.48, 4, 1738
4162, 2364, 56.80, 252, 68.48, 4, 1738
4163, 2365, 56.81, 252, 68.48, 4, 1738
4164, 2365, 56.80, 252, 68.48, 4, 1739
4165, 2365, 56.78, 252, 68.48, 4, 1740
4166, 2366, 56.79, 252, 68.48, 4, 1740
4167, 2367, 56.80, 252, 68.48, 4, 1740
4168, 2367, 56.79, 252, 68.48, 4, 1741
4169, 2367, 56.78, 252, 68.48, 4, 1742
4170, 2368, 56.79, 252, 68.48, 4, 1742
4171, 2368, 56.77, 252, 68.48, 4, 1743
4172, 2368, 56.76, 252, 68.48, 4, 1744
4173, 2368, 56.75, 252, 68.48, 4, 1745
4174, 2369, 56.76, 252, 68.48, 4, 1745
4175, 2370, 56.77, 252, 68.48, 4, 1745
4176, 2371, 56.78, 252, 68.48, 4, 1745
4177, 2371, 56.76, 252, 68.48, 4, 1746
4178, 2372, 56.77, 252, 68.48, 4, 1746
4179, 2373, 56.78, 252, 68.48, 4, 1746
4180, 2373, 56.77, 252, 68.48, 4, 1747
4181, 2373, 56.76, 252, 68.48, 4, 1748
4182, 2373, 56.74, 252, 68.48, 4, 1749
4183, 2374, 56.75, 252, 68.48, 4, 1749
4184, 2375, 56.76, 252, 68.48, 4, 1749
4185, 2376, 56.77, 252, 68.48, 4, 1749
4186, 2376, 56.76, 252, 68.48, 4, 1750
4187, 2376, 56.75, 252, 68.48, 4, 1751
4188, 2377, 56.76, 252, 68.48, 4, 1751
4189, 2377, 56.74, 252, 68.48, 4, 1752
4190, 2377, 56.73, 252, 68.48, 4, 1753
4191, 2377, 56.72, 252, 68.48, 4, 1754
4192, 2377, 56.70, 252, 68.48, 4, 1755
4193, 2377, 56.69, 252, 68.48, 4, 1756
4194, 2378, 56.70, 252, 68.48, 4, 1756
4195, 2379, 56.71, 252, 68.48, 4, 1756
4196, 2379, 56.70, 252, 68.48, 4, 1757
4197, 2379, 56.68, 252, 68.48, 4, 1758
4198, 2380, 56.69, 252, 68.48, 4, 1758
4199, 2380, 56.68, 252, 68.48, 4, 1759
4200, 2381, 56.69, 252, 68.48, 4, 1759
4201, 2382, 56.70, 252, 68.48, 4, 1759
4202, 2383, 56.71, 252, 68.48, 4, 1759
4203, 2384, 56.72, 252, 68.48, 4, 1759
4204, 2385, 56.73, 252, 68.48, 4, 1759
4205, 2385, 56.72, 252, 68.48, 4, 1760
4206, 2385, 56.70, 252, 68.48, 4, 1761
4207, 2385, 56.69, 252, 68.48, 4, 1762
4208, 2386, 56.70, 252, 68.48, 4, 1762
4209, 2386, 56.69, 252, 68.48, 4, 1763
4210, 2387, 56.70, 252, 68.48, 4, 1763
4211, 2388, 56.71, 252, 68.48, 4, 1763
4212, 2389, 56.72, 252, 68.48, 4, 1763
4213, 2389, 56.71, 252, 68.48, 4, 1764
4214, 2389, 56.69, 252, 68.48, 4, 1765
4215, 2389, 56.68, 252, 68.48, 4, 1766
4216, 2389, 56.67, 252, 68.48, 4, 1767
4217, 2389, 56.65, 252, 68.48, 4, 1768
4218, 2389, 56.64, 252, 68.48, 4, 1769
4219, 2390, 56.65, 252, 68.48, 4, 1769
4220, 2391, 56.66, 252, 68.48, 4, 1769
4221, 2391, 56.65, 252, 68.48, 4, 1770
4222, 2392, 56.66, 252, 68.48, 4, 1770
4223, 2393, 56.67, 252, 68.48, 4, 1770
4224, 2394, 56.68, 252, 68.48, 4, 1770
4225, 2395, 56.69, 252, 68.48, 4, 1770
4226, 2395, 56.67, 252, 68.48, 4, 1771
4227, 2395, 56.66, 252, 68.48, 4, 1772
4228, 2395, 56.65, 252, 68.48, 4, 1773
4229, 2396, 56.66, 252, 68.48, 4, 1773
4230, 2397, 56.67, 252, 68.48, 4, 1773
4231, 2397, 56.65, 252, 68.48, 4, 1774
4232, 2398, 56.66, 252, 68.48, 4, 1774
4233, 2398, 56.65, 252, 68.48, 4, 1775
4234, 2399, 56.66, 252, 68.48, 4, 1775
4235, 2400, 56.67, 252, 68.48, 4, 1775
4236, 2400, 56.66, 252, 68.48, 4, 1776
4237, 2400, 56.64, 252, 68.48, 4, 1777
4238, 2401, 56.65, 252, 68.48, 4, 1777
4239, 2402, 56.66, 252, 68.48, 4, 1777
4240, 2402, 56.65, 252, 68.48, 4, 1778
4241, 2403, 56.66, 252, 68.48, 4, 1778
4242, 2404, 56.67, 252, 68.48, 4, 1778
4243, 2405, 56.68, 252, 68.48, 4, 1778
4244, 2406, 56.69, 252, 68.48, 4, 1778
4245, 2407, 56.70, 252, 68.48, 4, 1778
4246, 2408, 56.71, 252, 68.48, 4, 1778
4247, 2409, 56.72, 252, 68.48, 4, 1778
4248, 2409, 56.71, 252, 68.48, 4, 1779
4249, 2410, 56.72, 252, 68.48, 4, 1779
4250, 2411, 56.73, 252, 68.48, 4, 1779
4251, 2411, 56.72, 252, 68.48, 4, 1780
4252, 2412, 56.73, 252, 68.48, 4, 1780
4253, 2413, 56.74, 252, 68.48, 4, 1780
4254, 2413, 56.72, 252, 68.48, 4, 1781
4255, 2413, 56.71, 252, 68.48, 4, 1782
4256, 2414, 56.72, 252, 68.48, 4, 1782
4257, 2415, 56.73, 252, 68.48, 4, 1782
4258, 2415, 56.72, 252, 68.48, 4, 1783
4259, 2416, 56.73, 252, 68.48, 4, 1783
4260, 2416, 56.71, 252, 68.48, 4, 1784
4261, 2416, 56.70, 252, 68.48, 4, 1785
4262, 2417, 56.71, 252, 68.48, 4, 1785
4263, 2418, 56.72, 252, 68.48, 4, 1785
4264, 2419, 56.73, 252, 68.48, 4, 1785
4265, 2419, 56.72, 252, 68.48, 4, 1786
4266, 2420, 56.73, 252, 68.48, 4, 1786
4267, 2421, 56.74, 252, 68.48, 4, 1786
4268, 2421, 56.72, 252, 68.48, 4, 1787
4269, 2421, 56.71, 252, 68.48, 4, 1788
4270, 2422, 56.72, 252, 68.48, 4, 1788
4271, 2422, 56.71, 252, 68.48, 4, 1789
4272, 2423, 56.72, 252, 68.48, 4, 1789
4273, 2423, 56.70, 252, 68.48, 4, 1790
4274, 2424, 56.72, 252, 68.48, 4, 1790
4275, 2425, 56.73, 252, 68.48, 4, 1790
4276, 2425, 56.71, 252, 68.48, 4, 1791
4277, 2425, 56.70, 252, 68.48, 4, 1792
4278, 2425, 56.69, 252, 68.48, 4, 1793
4279, 2426, 56.70, 252, 68.48, 4, 1793
4280, 2426, 56.68, 252, 68.48, 4, 1794
4281, 2426, 56.67, 252, 68.48, 4, 1795
4282, 2426, 56.66, 252, 68.48, 4, 1796
4283, 2426, 56.64, 252, 68.48, 4, 1797
4284, 2426, 56.63, 252, 68.48, 4, 1798
4285, 2426, 56.62, 252, 68.48, 4, 1798
4286, 2426, 56.60, 252, 68.48, 4, 1799
4287, 2426, 56.59, 252, 68.48, 4, 1800
4288, 2427, 56.60, 252, 68.48, 4, 1800
4289, 2428, 56.61, 252, 68.48, 4, 1800
4290, 2429, 56.62, 252, 68.48, 4, 1800
4291, 2430, 56.63, 252, 68.48, 4, 1800
4292, 2431, 56.64, 252, 68.48, 4, 1800
4293, 2432, 56.65, 252, 68.48, 4, 1800
4294, 2433, 56.66, 252, 68.48, 4, 1800
4295, 2434, 56.67, 252, 68.48, 4, 1800
4296, 2435, 56.68, 252, 68.48, 4, 1800
4297, 2435, 56.67, 252, 68.48, 4, 1801
4298, 2436, 56.68, 252, 68.48, 4, 1801
4299, 2437, 56.69, 252, 68.48, 4, 1801
4300, 2437, 56.67, 252, 68.48, 4, 1802
4301, 2437, 56.66, 252, 68.48, 4, 1803
4302, 2438, 56.67, 252, 68.48, 4, 1803
4303, 2439, 56.68, 252, 68.48, 4, 1803
4304, 2439, 56.67, 252, 68.48, 4, 1804
4305, 2440, 56.68, 252, 68.48, 4, 1804
4306, 2440, 56.67, 252, 68.48, 4, 1805
4307, 2441, 56.68, 252, 68.48, 4, 1805
4308, 2442, 56.69, 252, 68.48, 4, 1805
4309, 2442, 56.67, 252, 68.48, 4, 1806
4310, 2442, 56.66, 252, 68.48, 4, 1807
4311, 2443, 56.67, 252, 68.48, 4, 1807
4312, 2443, 56.66, 252, 68.48, 4, 1808
4313, 2443, 56.64, 252, 68.48, 4, 1809
4314, 2444, 56.65, 252, 68.48, 4, 1809
4315, 2445, 56.66, 252, 68.48, 4, 1809
4316, 2446, 56.67, 252, 68.48, 4, 1809
4317, 2447, 56.68, 252, 68.48, 4, 1809
4318, 2448, 56.69, 252, 68.48, 4, 1809
4319, 2448, 56.68, 252, 68.48, 4, 1810
4320, 2448, 56.67, 252, 68.48, 4, 1811
4321, 2448, 56.65, 252, 68.48, 4, 1811
4322, 2449, 56.66, 252, 68.48, 4, 1811
4323, 2450, 56.67, 252, 68.48, 4, 1811
4324, 2451, 56.68, 252, 68.48, 4, 1811
4325, 2451, 56.67, 252, 68.48, 4, 1812
4326, 2452, 56.68, 252, 68.48, 4, 1812
4327, 2452, 56.67, 252, 68.48, 4, 1813
4328, 2452, 56.65, 252, 68.48, 4, 1814
4329, 2453, 56.66, 252, 68.48, 4, 1814
4330, 2453, 56.65, 252, 68.48, 4, 1815
4331, 2453, 56.64, 252, 68.48, 4, 1816
4332, 2454, 56.65, 252, 68.48, 4, 1816
4333, 2455, 56.66, 252, 68.48, 4, 1816
4334, 2455, 56.65, 252, 68.48, 4, 1817
4335, 2455, 56.63, 252, 68.48, 4, 1818
4336, 2455, 56.62, 252, 68.48, 4, 1819
4337, 2456, 56.63, 252, 68.48, 4, 1819
4338, 2457, 56.64, 252, 68.48, 4, 1819
4339, 2457, 56.63, 252, 68.48, 4, 1820
4340, 2458, 56.64, 252, 68.48, 4, 1820
4341, 2458, 56.62, 252, 68.48, 4, 1821
4342, 2459, 56.63, 252, 68.48, 4, 1821
4343, 2459, 56.62, 252, 68.48, 4, 1822
4344, 2459, 56.61, 252, 68.48, 4, 1823
4345, 2459, 56.59, 252, 68.48, 4, 1824
4346, 2459, 56.58, 252, 68.48, 4, 1825
4347, 2460, 56.59, 252, 68.48, 4, 1825
4348, 2461, 56.60, 252, 68.48, 4, 1825
4349, 2462, 56.61, 252, 68.48, 4, 1825
4350, 2462, 56.60, 252, 68.48, 4, 1825
4351, 2462, 56.58, 252, 68.48, 4, 1826
4352, 2462, 56.57, 252, 68.48, 4, 1827
4353, 2462, 56.56, 252, 68.48, 4, 1828
4354, 2463, 56.57, 252, 68.48, 4, 1828
4355, 2464, 56.58, 252, 68.48, 4, 1828
4356, 2465, 56.59, 252, 68.48, 4, 1828
4357, 2466, 56.60, 252, 68.48, 4, 1828
4358, 2467, 56.61, 252, 68.48, 4, 1828
4359, 2467, 56.60, 252, 68.48, 4, 1829
4360, 2468, 56.61, 252, 68.48, 4, 1829
4361, 2468, 56.59, 252, 68.48, 4, 1830
4362, 2469, 56.60, 252, 68.48, 4, 1830
4363, 2469, 56.59, 252, 68.48, 4, 1831
4364, 2470, 56.60, 252, 68.48, 4, 1831
4365, 2471, 56.61, 252, 68.48, 4, 1831
4366, 2472, 56.62, 252, 68.48, 4, 1831
4367, 2472, 56.61, 252, 68.48, 4, 1832
4368, 2472, 56.59, 252, 68.48, 4, 1833
4369, 2473, 56.60, 252, 68.48, 4, 1833
4370, 2473, 56.59, 252, 68.48, 4, 1834
4371, 2473, 56.58, 252, 68.48, 4, 1835
4372, 2474, 56.59, 252, 68.48, 4, 1835
4373, 2474, 56.57, 252, 68.48, 4, 1836
4374, 2474, 56.56, 252, 68.48, 4, 1837
4375, 2475, 56.57, 252, 68.48, 4, 1837
4376, 2476, 56.58, 252, 68.48, 4, 1837
4377, 2476, 56.57, 252, 68.48, 4, 1838
4378, 2477, 56.58, 252, 68.48, 4, 1838
4379, 2478, 56.59, 252, 68.48, 4, 1838
4380, 2478, 56.58, 252, 68.48, 4, 1839
4381, 2478, 56.56, 252, 68.48, 4, 1840
4382, 2479, 56.57, 252, 68.48, 4, 1840
4383, 2479, 56.56, 252, 68.48, 4, 1841
4384, 2480, 56.57, 252, 68.48, 4, 1841
4385, 2480, 56.56, 252, 68.48, 4, 1842
4386, 2481, 56.57, 252, 68.48, 4, 1842
4387, 2482, 56.58, 252, 68.48, 4, 1842
4388, 2482, 56.56, 252, 68.48, 4, 1843
4389, 2483, 56.57, 252, 68.48, 4, 1843
4390, 2483, 56.56, 252, 68.48, 4, 1844
4391, 2484, 56.57, 252, 68.48, 4, 1844
4392, 2484, 56.56, 252, 68.48, 4, 1845
4393, 2484, 56.54, 252, 68.48, 4, 1846
4394, 2485, 56.55, 252, 68.48, 4, 1846
4395, 2485, 56.54, 252, 68.48, 4, 1847
4396, 2485, 56.53, 252, 68.48, 4, 1848
4397, 2485, 56.52, 252, 68.48, 4, 1849
4398, 2486, 56.53, 252, 68.48, 4, 1849
4399, 2486, 56.51, 252, 68.48, 4, 1850
4400, 2486, 56.50, 252, 68.48, 4, 1851
4401, 2486, 56.49, 252, 68.48, 4, 1852
4402, 2486, 56.47, 252, 68.48, 4, 1853
4403, 2486, 56.46, 252, 68.48, 4, 1854
4404, 2487, 56.47, 252, 68.48, 4, 1854
4405, 2487, 56.46, 252, 68.48, 4, 1855
4406, 2487, 56.45, 252, 68.48, 4, 1856
4407, 2487, 56.43, 252, 68.48, 4, 1857
4408, 2488, 56.44, 252, 68.48, 4, 1857
4409, 2488, 56.43, 252, 68.48, 4, 1858
4410, 2488, 56.42, 252, 68.48, 4, 1859
4411, 2488, 56.40, 252, 68.48, 4, 1860
4412, 2488, 56.39, 252, 68.48, 4, 1861
4413, 2489, 56.40, 252, 68.48, 4, 1861
4414, 2489, 56.39, 252, 68.48, 4, 1862
4415, 2489, 56.38, 252, 68.48, 4, 1863
4416, 2490, 56.39, 252, 68.48, 4, 1863
4417, 2491, 56.40, 252, 68.48, 4, 1863
4418, 2491, 56.38, 252, 68.48, 4, 1864
4419, 2491, 56.37, 252, 68.48, 4, 1865
4420, 2492, 56.38, 252, 68.48, 4, 1865
4421, 2493, 56.39, 252, 68.48, 4, 1865
4422, 2494, 56.40, 252, 68.48, 4, 1865
4423, 2494, 56.39, 252, 68.48, 4, 1866
4424, 2494, 56.37, 252, 68.48, 4, 1867
4425, 2495, 56.38, 252, 68.48, 4, 1867
4426, 2495, 56.37, 252, 68.48, 4, 1868
4427, 2495, 56.36, 252, 68.48, 4, 1869
4428, 2495, 56.35, 252, 68.48, 4, 1870
4429, 2496, 56.36, 252, 68.48, 4, 1870
4430, 2496, 56.34, 252, 68.48, 4, 1871
4431, 2497, 56.35, 252, 68.48, 4, 1871
4432, 2498, 56.36, 252, 68.48, 4, 1871
4433, 2499, 56.37, 252, 68.48, 4, 1871
4434, 2500, 56.38, 252, 68.48, 4, 1871
4435, 2500, 56.37, 252, 68.48, 4, 1872
4436, 2500, 56.36, 252, 68.48, 4, 1873
4437, 2501, 56.37, 252, 68.48, 4, 1873
4438, 2501, 56.35, 252, 68.48, 4, 1874
4439, 2502, 56.36, 252, 68.48, 4, 1874
4440, 2502, 56.35, 252, 68.48, 4, 1875
4441, 2502, 56.34, 252, 68.48, 4, 1876
4442, 2503, 56.35, 252, 68.48, 4, 1876
4443, 2503, 56.34, 252, 68.48, 4, 1877
4444, 2503, 56.32, 252, 68.48, 4, 1877
4445, 2503, 56.31, 252, 68.48, 4, 1878
4446, 2504, 56.32, 252, 68.48, 4, 1878
4447, 2505, 56.33, 252, 68.48, 4, 1878
4448, 2505, 56.32, 252, 68.48, 4, 1879
4449, 2506, 56.33, 252, 68.48, 4, 1879
4450, 2507, 56.34, 252, 68.48, 4, 1879
4451, 2508, 56.35, 252, 68.48, 4, 1879
4452, 2509, 56.36, 252, 68.48, 4, 1879
4453, 2509, 56.34, 252, 68.48, 4, 1880
4454, 2509, 56.33, 252, 68.48, 4, 1881
4455, 2510, 56.34, 252, 68.48, 4, 1881
4456, 2511, 56.35, 252, 68.48, 4, 1881
4457, 2512, 56.36, 252, 68.48, 4, 1881
4458, 2512, 56.35, 252, 68.48, 4, 1882
4459, 2513, 56.36, 252, 68.48, 4, 1882
4460, 2514, 56.37, 252, 68.48, 4, 1882
4461, 2514, 56.36, 252, 68.48, 4, 1883
4462, 2514, 56.34, 252, 68.48, 4, 1884
4463, 2515, 56.35, 252, 68.48, 4, 1884
4464, 2516, 56.36, 252, 68.48, 4, 1884
4465, 2516, 56.35, 252, 68.48, 4, 1885
4466, 2517, 56.36, 252, 68.48, 4, 1885
4467, 2517, 56.35, 252, 68.48, 4, 1886
4468, 2518, 56.36, 252, 68.48, 4, 1886
4469, 2518, 56.34, 252, 68.48, 4, 1887
4470, 2518, 56.33, 252, 68.48, 4, 1888
4471, 2519, 56.34, 252, 68.48, 4, 1888
4472, 2520, 56.35, 252, 68.48, 4, 1888
4473, 2520, 56.34, 252, 68.48, 4, 1889
4474, 2521, 56.35, 252, 68.48, 4, 1889
4475, 2521, 56.34, 252, 68.48, 4, 1890
4476, 2521, 56.32, 252, 68.48, 4, 1891
4477, 2522, 56.33, 252, 68.48, 4, 1891
4478, 2522, 56.32, 252, 68.48, 4, 1892
4479, 2523, 56.33, 252, 68.48, 4, 1892
4480, 2523, 56.32, 252, 68.48, 4, 1893
4481, 2523, 56.30, 252, 68.48, 4, 1894
4482, 2524, 56.31, 252, 68.48, 4, 1894
4483, 2524, 56.30, 252, 68.48, 4, 1895
4484, 2524, 56.29, 252, 68.48, 4, 1896
4485, 2525, 56.30, 252, 68.48, 4, 1896
4486, 2525, 56.29, 252, 68.48, 4, 1897
4487, 2525, 56.27, 252, 68.48, 4, 1898
4488, 2526, 56.28, 252, 68.48, 4, 1898
4489, 2527, 56.29, 252, 68.48, 4, 1898
4490, 2527, 56.28, 252, 68.48, 4, 1899
4491, 2528, 56.29, 252, 68.48, 4, 1899
4492, 2529, 56.30, 252, 68.48, 4, 1899
4493, 2529, 56.29, 252, 68.48, 4, 1900
4494, 2529, 56.28, 252, 68.48, 4, 1901
4495, 2529, 56.26, 252, 68.48, 4, 1902
4496, 2529, 56.25, 252, 68.48, 4, 1903
4497, 2529, 56.24, 252, 68.48, 4, 1904
4498, 2530, 56.25, 252, 68.48, 4, 1904
4499, 2530, 56.23, 252, 68.48, 4, 1905
4500, 2530, 56.22, 252, 68.48, 4, 1906
4501, 2531, 56.23, 252, 68.48, 4, 1906
4502, 2532, 56.24, 252, 68.48, 4, 1906
4503, 2532, 56.23, 252, 68.48, 4, 1907
4504, 2533, 56.24, 252, 68.48, 4, 1907
4505, 2533, 56.23, 252, 68.48, 4, 1908
4506, 2534, 56.24, 252, 68.48, 4, 1908
4507, 2534, 56.22, 252, 68.48, 4, 1909
4508, 2535, 56.23, 252, 68.48, 4, 1909
4509, 2535, 56.22, 252, 68.48, 4, 1909
4510, 2536, 56.23, 252, 68.48, 4, 1909
4511, 2536, 56.22, 252, 68.48, 4, 1909
4512, 2536, 56.21, 252, 68.48, 4, 1910
4513, 2537, 56.22, 252, 68.48, 4, 1910
4514, 2538, 56.23, 252, 68.48, 4, 1910
4515, 2538, 56.21, 252, 68.48, 4, 1911
4516, 2539, 56.22, 252, 68.48, 4, 1911
4517, 2539, 56.21, 252, 68.48, 4, 1911
4518, 2540, 56.22, 252, 68.48, 4, 1911
4519, 2541, 56.23, 252, 68.48, 4, 1911
4520, 2541, 56.22, 252, 68.48, 4, 1912
4521, 2542, 56.23, 252, 68.48, 4, 1912
4522, 2542, 56.21, 252, 68.48, 4, 1913
4523, 2543, 56.22, 252, 68.48, 4, 1913
4524, 2544, 56.23, 252, 68.48, 4, 1913
4525, 2545, 56.24, 252, 68.48, 4, 1913
4526, 2545, 56.23, 252, 68.48, 4, 1914
4527, 2545, 56.22, 252, 68.48, 4, 1915
4528, 2545, 56.21, 252, 68.48, 4, 1916
4529, 2545, 56.19, 252, 68.48, 4, 1917
4530, 2545, 56.18, 252, 68.48, 4, 1918
4531, 2545, 56.17, 252, 68.48, 4, 1919
4532, 2546, 56.18, 252, 68.48, 4, 1919
4533, 2547, 56.19, 252, 68.48, 4, 1919
4534, 2547, 56.18, 252, 68.48, 4, 1920
4535, 2548, 56.19, 252, 68.48, 4, 1920
4536, 2549, 56.19, 252, 68.48, 4, 1920
4537, 2550, 56.20, 252, 68.48, 4, 1920
4538, 2551, 56.21, 252, 68.48, 4, 1920
4539, 2551, 56.20, 252, 68.48, 4, 1921
4540, 2552, 56.21, 252, 68.48, 4, 1921
4541, 2553, 56.22, 252, 68.48, 4, 1921
4542, 2553, 56.21, 252, 68.48, 4, 1922
4543, 2553, 56.20, 252, 68.48, 4, 1923
4544, 2553, 56.18, 252, 68.48, 4, 1924
4545, 2553, 56.17, 252, 68.48, 4, 1925
4546, 2553, 56.16, 252, 68.48, 4, 1926
4547, 2553, 56.15, 252, 68.48, 4, 1927
4548, 2553, 56.13, 252, 68.48, 4, 1928
4549, 2553, 56.12, 252, 68.48, 4, 1929
4550, 2553, 56.11, 252, 68.48, 4, 1930
4551, 2553, 56.10, 252, 68.48, 4, 1931
4552, 2554, 56.11, 252, 68.48, 4, 1931
4553, 2554, 56.09, 252, 68.48, 4, 1932
4554, 2555, 56.10, 252, 68.48, 4, 1932
4555, 2555, 56.09, 252, 68.48, 4, 1933
4556, 2556, 56.10, 252, 68.48, 4, 1933
4557, 2557, 56.11, 252, 68.48, 4, 1933
4558, 2558, 56.12, 252, 68.48, 4, 1933
4559, 2558, 56.11, 252, 68.48, 4, 1934
4560, 2559, 56.12, 252, 68.48, 4, 1934
4561, 2560, 56.13, 252, 68.48, 4, 1934
4562, 2560, 56.12, 252, 68.48, 4, 1935
4563, 2561, 56.13, 252, 68.48, 4, 1935
4564, 2562, 56.13, 252, 68.48, 4, 1935
4565, 2562, 56.12, 252, 68.48, 4, 1936
4566, 2562, 56.11, 252, 68.48, 4, 1937
4567, 2562, 56.10, 252, 68.48, 4, 1938
4568, 2563, 56.11, 252, 68.48, 4, 1938
4569, 2563, 56.10, 252, 68.48, 4, 1939
4570, 2563, 56.08, 252, 68.48, 4, 1940
4571, 2564, 56.09, 252, 68.48, 4, 1940
4572, 2564, 56.08, 252, 68.48, 4, 1941
4573, 2565, 56.09, 252, 68.48, 4, 1941
4574, 2565, 56.08, 252, 68.48, 4, 1942
4575, 2565, 56.07, 252, 68.48, 4, 1943
4576, 2565, 56.05, 252, 68.48, 4, 1944
4577, 2565, 56.04, 252, 68.48, 4, 1945
4578, 2565, 56.03, 252, 68.48, 4, 1946
4579, 2566, 56.04, 252, 68.48, 4, 1946
4580, 2567, 56.05, 252, 68.48, 4, 1946
4581, 2567, 56.04, 252, 68.48, 4, 1947
4582, 2568, 56.05, 252, 68.48, 4, 1947
4583, 2568, 56.03, 252, 68.48, 4, 1948
4584, 2569, 56.04, 252, 68.48, 4, 1948
4585, 2570, 56.05, 252, 68.48, 4, 1948
4586, 2571, 56.06, 252, 68.48, 4, 1948
4587, 2572, 56.07, 252, 68.48, 4, 1948
4588, 2573, 56.08, 252, 68.48, 4, 1948
4589, 2574, 56.09, 252, 68.48, 4, 1948
4590, 2575, 56.10, 252, 68.48, 4, 1948
4591, 2575, 56.09, 252, 68.48, 4, 1949
4592, 2576, 56.10, 252, 68.48, 4, 1949
4593, 2577, 56.11, 252, 68.48, 4, 1949
4594, 2577, 56.09, 252, 68.48, 4, 1950
4595, 2577, 56.08, 252, 68.48, 4, 1951
4596, 2578, 56.09, 252, 68.48, 4, 1951
4597, 2579, 56.10, 252, 68.48, 4, 1951
4598, 2580, 56.11, 252, 68.48, 4, 1951
4599, 2580, 56.10, 252, 68.48, 4, 1952
4600, 2580, 56.09, 252, 68.48, 4, 1953
4601, 2581, 56.10, 252, 68.48, 4, 1953
4602, 2582, 56.11, 252, 68.48, 4, 1953
4603, 2582, 56.09, 252, 68.48, 4, 1954
4604, 2582, 56.08, 252, 68.48, 4, 1955
4605, 2582, 56.07, 252, 68.48, 4, 1956
4606, 2583, 56.08, 252, 68.48, 4, 1956
4607, 2584, 56.09, 252, 68.48, 4, 1956
4608, 2585, 56.10, 252, 68.48, 4, 1956
4609, 2586, 56.11, 252, 68.48, 4, 1956
4610, 2587, 56.12, 252, 68.48, 4, 1956
4611, 2588, 56.13, 252, 68.48, 4, 1956
4612, 2589, 56.14, 252, 68.48, 4, 1956
4613, 2590, 56.15, 252, 68.48, 4, 1956
4614, 2591, 56.16, 252, 68.48, 4, 1956
4615, 2591, 56.14, 252, 68.48, 4, 1957
4616, 2592, 56.15, 252, 68.48, 4, 1957
4617, 2592, 56.14, 252, 68.48, 4, 1958
4618, 2592, 56.13, 252, 68.48, 4, 1959
4619, 2592, 56.12, 252, 68.48, 4, 1960
4620, 2593, 56.13, 252, 68.48, 4, 1960
4621, 2594, 56.14, 252, 68.48, 4, 1960
4622, 2595, 56.14, 252, 68.48, 4, 1960
4623, 2596, 56.15, 252, 68.48, 4, 1960
4624, 2596, 56.14, 252, 68.48, 4, 1961
4625, 2597, 56.15, 252, 68.48, 4, 1961
4626, 2597, 56.14, 252, 68.48, 4, 1962
4627, 2598, 56.15, 252, 68.48, 4, 1962
4628, 2598, 56.14, 252, 68.48, 4, 1963
4629, 2598, 56.12, 252, 68.48, 4, 1964
4630, 2599, 56.13, 252, 68.48, 4, 1964
4631, 2599, 56.12, 252, 68.48, 4, 1965
4632, 2600, 56.13, 252, 68.48, 4, 1965
4633, 2601, 56.14, 252, 68.48, 4, 1965
4634, 2602, 56.15, 252, 68.48, 4, 1965
4635, 2603, 56.16, 252, 68.48, 4, 1965
4636, 2604, 56.17, 252, 68.48, 4, 1965
4637, 2605, 56.18, 252, 68.48, 4, 1965
4638, 2606, 56.19, 252, 68.48, 4, 1965
4639, 2607, 56.20, 252, 68.48, 4, 1965
4640, 2607, 56.19, 252, 68.48, 4, 1966
4641, 2607, 56.17, 252, 68.48, 4, 1967
4642, 2608, 56.18, 252, 68.48, 4, 1967
4643, 2609, 56.19, 252, 68.48, 4, 1967
4644, 2610, 56.20, 252, 68.48, 4, 1967
4645, 2611, 56.21, 252, 68.48, 4, 1967
4646, 2612, 56.22, 252, 68.48, 4, 1967
4647, 2613, 56.23, 252, 68.48, 4, 1967
4648, 2613, 56.22, 252, 68.48, 4, 1968
4649, 2613, 56.21, 252, 68.48, 4, 1969
4650, 2613, 56.19, 252, 68.48, 4, 1970
4651, 2614, 56.20, 252, 68.48, 4, 1970
4652, 2614, 56.19, 252, 68.48, 4, 1971
4653, 2614, 56.18, 252, 68.48, 4, 1972
4654, 2614, 56.17, 252, 68.48, 4, 1973
4655, 2614, 56.15, 252, 68.48, 4, 1974
4656, 2614, 56.14, 252, 68.48, 4, 1975
4657, 2615, 56.15, 252, 68.48, 4, 1975
4658, 2615, 56.14, 252, 68.48, 4, 1976
4659, 2615, 56.13, 252, 68.48, 4, 1977
4660, 2615, 56.12, 252, 68.48, 4, 1978
4661, 2616, 56.13, 252, 68.48, 4, 1978
4662, 2617, 56.13, 252, 68.48, 4, 1978
4663, 2618, 56.14, 252, 68.48, 4, 1978
4664, 2619, 56.15, 252, 68.48, 4, 1978
4665, 2620, 56.16, 252, 68.48, 4, 1978
4666, 2621, 56.17, 252, 68.48, 4, 1978
4667, 2621, 56.16, 252, 68.48, 4, 1979
4668, 2621, 56.15, 252, 68.48, 4, 1980
4669, 2622, 56.16, 252, 68.48, 4, 1980
4670, 2623, 56.17, 252, 68.48, 4, 1980
4671, 2624, 56.18, 252, 68.48, 4, 1980
4672, 2625, 56.19, 252, 68.48, 4, 1980
4673, 2625, 56.17, 252, 68.48, 4, 1981
4674, 2626, 56.18, 252, 68.48, 4, 1981
4675, 2627, 56.19, 252, 68.48, 4, 1981
4676, 2628, 56.20, 252, 68.48, 4, 1981
4677, 2628, 56.19, 252, 68.48, 4, 1982
4678, 2629, 56.20, 252, 68.48, 4, 1982
4679, 2630, 56.21, 252, 68.48, 4, 1982
4680, 2630, 56.20, 252, 68.48, 4, 1983
4681, 2630, 56.18, 252, 68.48, 4, 1984
4682, 2630, 56.17, 252, 68.48, 4, 1985
4683, 2631, 56.18, 252, 68.48, 4, 1985
4684, 2631, 56.17, 252, 68.48, 4, 1986
4685, 2631, 56.16, 252, 68.48, 4, 1987
4686, 2632, 56.17, 252, 68.48, 4, 1987
4687, 2633, 56.18, 252, 68.48, 4, 1987
4688, 2633, 56.16, 252, 68.48, 4, 1988
4689, 2634, 56.17, 252, 68.48, 4, 1988
4690, 2635, 56.18, 252, 68.48, 4, 1988
4691, 2635, 56.17, 252, 68.48, 4, 1989
4692, 2636, 56.18, 252, 68.48, 4, 1989
4693, 2637, 56.19, 252, 68.48, 4, 1989
4694, 2638, 56.20, 252, 68.48, 4, 1989
4695, 2638, 56.19, 252, 68.48, 4, 1990
4696, 2639, 56.20, 252, 68.48, 4, 1990
4697, 2640, 56.21, 252, 68.48, 4, 1990
4698, 2641, 56.22, 252, 68.48, 4, 1990
4699, 2641, 56.20, 252, 68.48, 4, 1991
4700, 2642, 56.21, 252, 68.48, 4, 1991
4701, 2643, 56.22, 252, 68.48, 4, 1991
4702, 2643, 56.21, 252, 68.48, 4, 1992
4703, 2643, 56.20, 252, 68.48, 4, 1993
4704, 2644, 56.21, 252, 68.48, 4, 1993
4705, 2644, 56.20, 252, 68.48, 4, 1994
4706, 2644, 56.18, 252, 68.48, 4, 1995
4707, 2645, 56.19, 252, 68.48, 4, 1995
4708, 2645, 56.18, 252, 68.48, 4, 1995
4709, 2646, 56.19, 252, 68.48, 4, 1995
4710, 2647, 56.20, 252, 68.48, 4, 1995
4711, 2647, 56.19, 252, 68.48, 4, 1996
4712, 2647, 56.18, 252, 68.48, 4, 1997
4713, 2647, 56.16, 252, 68.48, 4, 1998
4714, 2647, 56.15, 252, 68.48, 4, 1999
4715, 2647, 56.14, 252, 68.48, 4, 1999
4716, 2648, 56.15, 252, 68.48, 4, 1999
4717, 2649, 56.16, 252, 68.48, 4, 1999
4718, 2649, 56.15, 252, 68.48, 4, 1999
4719, 2649, 56.13, 252, 68.48, 4, 2000
4720, 2649, 56.12, 252, 68.48, 4, 2001
4721, 2650, 56.13, 252, 68.48, 4, 2001
4722, 2651, 56.14, 252, 68.48, 4, 2001
4723, 2651, 56.13, 252, 68.48, 4, 2002
4724, 2652, 56.14, 252, 68.48, 4, 2002
4725, 2653, 56.15, 252, 68.48, 4, 2002
4726, 2654, 56.16, 252, 68.48, 4, 2002
4727, 2654, 56.15, 252, 68.48, 4, 2003
4728, 2654, 56.13, 252, 68.48, 4, 2004
4729, 2654, 56.12, 252, 68.48, 4, 2005
4730, 2654, 56.11, 252, 68.48, 4, 2006
4731, 2655, 56.12, 252, 68.48, 4, 2006
4732, 2656, 56.13, 252, 68.48, 4, 2006
4733, 2657, 56.14, 252, 68.48, 4, 2006
4734, 2657, 56.13, 252, 68.48, 4, 2007
4735, 2658, 56.14, 252, 68.48, 4, 2007
4736, 2658, 56.12, 252, 68.48, 4, 2008
4737, 2658, 56.11, 252, 68.48, 4, 2009
4738, 2658, 56.10, 252, 68.48, 4, 2010
4739, 2658, 56.09, 252, 68.48, 4, 2011
4740, 2659, 56.10, 252, 68.48, 4, 2011
4741, 2659, 56.09, 252, 68.48, 4, 2012
4742, 2659, 56.07, 252, 68.48, 4, 2013
4743, 2660, 56.08, 252, 68.48, 4, 2013
4744, 2660, 56.07, 252, 68.48, 4, 2014
4745, 2660, 56.06, 252, 68.48, 4, 2015
4746, 2660, 56.05, 252, 68.48, 4, 2016
4747, 2660, 56.04, 252, 68.48, 4, 2017
4748, 2661, 56.04, 252, 68.48, 4, 2017
4749, 2662, 56.05, 252, 68.48, 4, 2017
4750, 2662, 56.04, 252, 68.48, 4, 2018
4751, 2662, 56.03, 252, 68.48, 4, 2019
4752, 2663, 56.04, 252, 68.48, 4, 2019
4753, 2663, 56.03, 252, 68.48, 4, 2020
4754, 2663, 56.02, 252, 68.48, 4, 2021
4755, 2663, 56.00, 252, 68.48, 4, 2022
4756, 2664, 56.01, 252, 68.48, 4, 2022
4757, 2665, 56.02, 252, 68.48, 4, 2022
4758, 2665, 56.01, 252, 68.48, 4, 2023
4759, 2666, 56.02, 252, 68.48, 4, 2023
4760, 2667, 56.03, 252, 68.48, 4, 2023
4761, 2668, 56.04, 252, 68.48, 4, 2023
4762, 2668, 56.03, 252, 68.48, 4, 2024
4763, 2668, 56.02, 252, 68.48, 4, 2025
4764, 2668, 56.00, 252, 68.48, 4, 2026
4765, 2668, 55.99, 252, 68.48, 4, 2027
4766, 2669, 56.00, 252, 68.48, 4, 2027
4767, 2669, 55.99, 252, 68.48, 4, 2028
4768, 2670, 56.00, 252, 68.48, 4, 2028
4769, 2670, 55.99, 252, 68.48, 4, 2028
4770, 2671, 56.00, 252, 68.48, 4, 2028
4771, 2671, 55.98, 252, 68.48, 4, 2028
4772, 2671, 55.97, 252, 68.48, 4, 2029
4773, 2671, 55.96, 252, 68.48, 4, 2030
4774, 2671, 55.95, 252, 68.48, 4, 2031
4775, 2672, 55.96, 252, 68.48, 4, 2031
4776, 2672, 55.95, 252, 68.48, 4, 2032
4777, 2672, 55.93, 252, 68.48, 4, 2033
4778, 2672, 55.92, 252, 68.48, 4, 2034
4779, 2672, 55.91, 252, 68.48, 4, 2035
4780, 2673, 55.92, 252, 68.48, 4, 2035
4781, 2674, 55.93, 252, 68.48, 4, 2035
4782, 2675, 55.94, 252, 68.48, 4, 2035
4783, 2675, 55.93, 252, 68.48, 4, 2036
4784, 2675, 55.92, 252, 68.48, 4, 2037
4785, 2675, 55.90, 252, 68.48, 4, 2038
4786, 2675, 55.89, 252, 68.48, 4, 2039
4787, 2675, 55.88, 252, 68.48, 4, 2040
4788, 2676, 55.89, 252, 68.48, 4, 2040
4789, 2676, 55.88, 252, 68.48, 4, 2041
4790, 2676, 55.87, 252, 68.48, 4, 2042
4791, 2676, 55.85, 252, 68.48, 4, 2043
4792, 2676, 55.84, 252, 68.48, 4, 2044
4793, 2677, 55.85, 252, 68.48, 4, 2044
4794, 2678, 55.86, 252, 68.48, 4, 2044
4795, 2678, 55.85, 252, 68.48, 4, 2045
4796, 2679, 55.86, 252, 68.48, 4, 2045
4797, 2679, 55.85, 252, 68.48, 4, 2046
4798, 2679, 55.84, 252, 68.48, 4, 2047
4799, 2680, 55.84, 252, 68.48, 4, 2047
4800, 2681, 55.85, 252, 68.48, 4, 2047
4801, 2681, 55.84, 252, 68.48, 4, 2048
4802, 2681, 55.83, 252, 68.48, 4, 2049
4803, 2681, 55.82, 252, 68.48, 4, 2050
4804, 2681, 55.81, 252, 68.48, 4, 2051
4805, 2681, 55.80, 252, 68.48, 4, 2052
4806, 2681, 55.78, 252, 68.48, 4, 2053
4807, 2681, 55.77, 252, 68.48, 4, 2054
4808, 2681, 55.76, 252, 68.48, 4, 2055
4809, 2682, 55.77, 252, 68.48, 4, 2055
4810, 2683, 55.78, 252, 68.48, 4, 2055
4811, 2684, 55.79, 252, 68.48, 4, 2055
4812, 2685, 55.80, 252, 68.48, 4, 2055
4813, 2686, 55.81, 252, 68.48, 4, 2055
4814, 2686, 55.80, 252, 68.48, 4, 2056
4815, 2686, 55.78, 252, 68.48, 4, 2057
4816, 2687, 55.79, 252, 68.48, 4, 2057
4817, 2688, 55.80, 252, 68.48, 4, 2057
4818, 2689, 55.81, 252, 68.48, 4, 2057
4819, 2690, 55.82, 252, 68.48, 4, 2057
4820, 2690, 55.81, 252, 68.48, 4, 2058
4821, 2691, 55.82, 252, 68.48, 4, 2058
4822, 2691, 55.81, 252, 68.48, 4, 2059
4823, 2692, 55.82, 252, 68.48, 4, 2059
4824, 2692, 55.80, 252, 68.48, 4, 2060
4825, 2693, 55.81, 252, 68.48, 4, 2060
4826, 2694, 55.82, 252, 68.48, 4, 2060
4827, 2694, 55.81, 252, 68.48, 4, 2061
4828, 2695, 55.82, 252, 68.48, 4, 2061
4829, 2696, 55.83, 252, 68.48, 4, 2061
4830, 2697, 55.84, 252, 68.48, 4, 2061
4831, 2698, 55.85, 252, 68.48, 4, 2061
4832, 2699, 55.86, 252, 68.48, 4, 2061
4833, 2699, 55.85, 252, 68.48, 4, 2062
4834, 2699, 55.83, 252, 68.48, 4, 2063
4835, 2699, 55.82, 252, 68.48, 4, 2064
4836, 2699, 55.81, 252, 68.48, 4, 2065
4837, 2699, 55.80, 252, 68.48, 4, 2066
4838, 2700, 55.81, 252, 68.48, 4, 2066
4839, 2700, 55.80, 252, 68.48, 4, 2067
4840, 2700, 55.79, 252, 68.48, 4, 2068
4841, 2701, 55.79, 252, 68.48, 4, 2068
4842, 2701, 55.78, 252, 68.48, 4, 2069
4843, 2702, 55.79, 252, 68.48, 4, 2069
4844, 2702, 55.78, 252, 68.48, 4, 2070
4845, 2703, 55.79, 252, 68.48, 4, 2070
4846, 2703, 55.78, 252, 68.48, 4, 2071
4847, 2704, 55.79, 252, 68.48, 4, 2071
4848, 2704, 55.78, 252, 68.48, 4, 2072
4849, 2705, 55.78, 252, 68.48, 4, 2072
4850, 2706, 55.79, 252, 68.48, 4, 2072
4851, 2707, 55.80, 252, 68.48, 4, 2072
4852, 2708, 55.81, 252, 68.48, 4, 2072
4853, 2709, 55.82, 252, 68.48, 4, 2072
4854, 2710, 55.83, 252, 68.48, 4, 2072
4855, 2710, 55.82, 252, 68.48, 4, 2073
4856, 2711, 55.83, 252, 68.48, 4, 2073
4857, 2711, 55.82, 252, 68.48, 4, 2074
4858, 2712, 55.83, 252, 68.48, 4, 2074
4859, 2713, 55.83, 252, 68.48, 4, 2074
4860, 2714, 55.84, 252, 68.48, 4, 2074
4861, 2714, 55.83, 252, 68.48, 4, 2075
4862, 2714, 55.82, 252, 68.48, 4, 2076
4863, 2714, 55.81, 252, 68.48, 4, 2077
4864, 2714, 55.80, 252, 68.48, 4, 2078
4865, 2714, 55.79, 252, 68.48, 4, 2079
4866, 2715, 55.80, 252, 68.48, 4, 2079
4867, 2715, 55.78, 252, 68.48, 4, 2080
4868, 2716, 55.79, 252, 68.48, 4, 2080
4869, 2716, 55.78, 252, 68.48, 4, 2081
4870, 2716, 55.77, 252, 68.48, 4, 2082
4871, 2717, 55.78, 252, 68.48, 4, 2082
4872, 2718, 55.79, 252, 68.48, 4, 2082
4873, 2718, 55.78, 252, 68.48, 4, 2083
4874, 2718, 55.77, 252, 68.48, 4, 2084
4875, 2718, 55.75, 252, 68.48, 4, 2085
4876, 2719, 55.76, 252, 68.48, 4, 2085
4877, 2719, 55.75, 252, 68.48, 4, 2086
4878, 2719, 55.74, 252, 68.48, 4, 2087
4879, 2719, 55.73, 252, 68.48, 4, 2088
4880, 2719, 55.72, 252, 68.48, 4, 2089
4881, 2719, 55.71, 252, 68.48, 4, 2090
4882, 2719, 55.69, 252, 68.48, 4, 2091
4883, 2720, 55.70, 252, 68.48, 4, 2091
4884, 2720, 55.69, 252, 68.48, 4, 2092
4885, 2721, 55.70, 252, 68.48, 4, 2092
4886, 2722, 55.71, 252, 68.48, 4, 2092
4887, 2723, 55.72, 252, 68.48, 4, 2092
4888, 2724, 55.73, 252, 68.48, 4, 2092
4889, 2725, 55.74, 252, 68.48, 4, 2092
4890, 2726, 55.75, 252, 68.48, 4, 2092
4891, 2726, 55.74, 252, 68.48, 4, 2092
4892, 2726, 55.72, 252, 68.48, 4, 2092
4893, 2727, 55.73, 252, 68.48, 4, 2092
4894, 2728, 55.74, 252, 68.48, 4, 2092
4895, 2728, 55.73, 252, 68.48, 4, 2093
4896, 2729, 55.74, 252, 68.48, 4, 2093
4897, 2730, 55.75, 252, 68.48, 4, 2093
4898, 2731, 55.76, 252, 68.48, 4, 2093
4899, 2731, 55.75, 252, 68.48, 4, 2094
4900, 2731, 55.73, 252, 68.48, 4, 2095
4901, 2731, 55.72, 252, 68.48, 4, 2096
4902, 2732, 55.73, 252, 68.48, 4, 2096
4903, 2733, 55.74, 252, 68.48, 4, 2096
4904, 2734, 55.75, 252, 68.48, 4, 2096
4905, 2734, 55.74, 252, 68.48, 4, 2097
4906, 2735, 55.75, 252, 68.48, 4, 2097
4907, 2735, 55.74, 252, 68.48, 4, 2098
4908, 2736, 55.75, 252, 68.48, 4, 2098
4909, 2737, 55.75, 252, 68.48, 4, 2098
4910, 2737, 55.74, 252, 68.48, 4, 2099
4911, 2737, 55.73, 252, 68.48, 4, 2099
4912, 2738, 55.74, 252, 68.48, 4, 2099
4913, 2739, 55.75, 252, 68.48, 4, 2099
4914, 2740, 55.76, 252, 68.48, 4, 2099
4915, 2740, 55.75, 252, 68.48, 4, 2100
4916, 2741, 55.76, 252, 68.48, 4, 2100
4917, 2741, 55.75, 252, 68.48, 4, 2101
4918, 2741, 55.73, 252, 68.48, 4, 2102
4919, 2741, 55.72, 252, 68.48, 4, 2103
4920, 2742, 55.73, 252, 68.48, 4, 2103
4921, 2742, 55.72, 252, 68.48, 4, 2104
4922, 2742, 55.71, 252, 68.48, 4, 2105
4923, 2742, 55.70, 252, 68.48, 4, 2106
4924, 2742, 55.69, 252, 68.48, 4, 2107
4925, 2742, 55.68, 252, 68.48, 4, 2108
4926, 2743, 55.68, 252, 68.48, 4, 2108
4927, 2744, 55.69, 252, 68.48, 4, 2108
4928, 2744, 55.68, 252, 68.48, 4, 2109
4929, 2745, 55.69, 252, 68.48, 4, 2109
4930, 2745, 55.68, 252, 68.48, 4, 2110
4931, 2745, 55.67, 252, 68.48, 4, 2111
4932, 2745, 55.66, 252, 68.48, 4, 2112
4933, 2746, 55.67, 252, 68.48, 4, 2112
4934, 2747, 55.67, 252, 68.48, 4, 2112
4935, 2747, 55.66, 252, 68.48, 4, 2113
4936, 2748, 55.67, 252, 68.48, 4, 2113
4937, 2748, 55.66, 252, 68.48, 4, 2114
4938, 2749, 55.67, 252, 68.48, 4, 2114
4939, 2749, 55.66, 252, 68.48, 4, 2115
4940, 2749, 55.65, 252, 68.48, 4, 2116
4941, 2749, 55.64, 252, 68.48, 4, 2117
4942, 2749, 55.63, 252, 68.48, 4, 2118
4943, 2750, 55.63, 252, 68.48, 4, 2118
4944, 2751, 55.64, 252, 68.48, 4, 2118
4945, 2751, 55.63, 252, 68.48, 4, 2119
4946, 2751, 55.62, 252, 68.48, 4, 2120
4947, 2752, 55.63, 252, 68.48, 4, 2120
4948, 2753, 55.64, 252, 68.48, 4, 2120
4949, 2754, 55.65, 252, 68.48, 4, 2120
4950, 2755, 55.66, 252, 68.48, 4, 2120
4951, 2755, 55.65, 252, 68.48, 4, 2121
4952, 2756, 55.65, 252, 68.48, 4, 2121
4953, 2757, 55.66, 252, 68.48, 4, 2121
4954, 2758, 55.67, 252, 68.48, 4, 2121
4955, 2759, 55.68, 252, 68.48, 4, 2121
4956, 2760, 55.69, 252, 68.48, 4, 2121
4957, 2761, 55.70, 252, 68.48, 4, 2121
4958, 2761, 55.69, 252, 68.48, 4, 2122
4959, 2761, 55.68, 252, 68.48, 4, 2123
4960, 2761, 55.67, 252, 68.48, 4, 2124
4961, 2762, 55.67, 252, 68.48, 4, 2124
4962, 2762, 55.66, 252, 68.48, 4, 2125
4963, 2763, 55.67, 252, 68.48, 4, 2125
4964, 2764, 55.68, 252, 68.48, 4, 2125
4965, 2764, 55.67, 252, 68.48, 4, 2126
4966, 2765, 55.68, 252, 68.48, 4, 2126
4967, 2766, 55.69, 252, 68.48, 4, 2126
4968, 2767, 55.70, 252, 68.48, 4, 2126
4969, 2768, 55.71, 252, 68.48, 4, 2126
4970, 2769, 55.71, 252, 68.48, 4, 2126
4971, 2770, 55.72, 252, 68.48, 4, 2126
4972, 2771, 55.73, 252, 68.48, 4, 2126
4973, 2771, 55.72, 252, 68.48, 4, 2127
4974, 2772, 55.73, 252, 68.48, 4, 2127
4975, 2773, 55.74, 252, 68.48, 4, 2127
4976, 2773, 55.73, 252, 68.48, 4, 2128
4977, 2774, 55.74, 252, 68.48, 4, 2128
4978, 2774, 55.73, 252, 68.48, 4, 2129
4979, 2775, 55.73, 252, 68.48, 4, 2129
4980, 2775, 55.72, 252, 68.48, 4, 2130
4981, 2776, 55.73, 252, 68.48, 4, 2130
4982, 2776, 55.72, 252, 68.48, 4, 2131
4983, 2777, 55.73, 252, 68.48, 4, 2131
4984, 2777, 55.72, 252, 68.48, 4, 2132
4985, 2777, 55.71, 252, 68.48, 4, 2133
4986, 2777, 55.70, 252, 68.48, 4, 2134
4987, 2778, 55.70, 252, 68.48, 4, 2134
4988, 2779, 55.71, 252, 68.48, 4, 2134
4989, 2780, 55.72, 252, 68.48, 4, 2134
4990, 2780, 55.71, 252, 68.48, 4, 2135
4991, 2780, 55.70, 252, 68.48, 4, 2135
4992, 2781, 55.71, 252, 68.48, 4, 2135
4993, 2781, 55.70, 252, 68.48, 4, 2136
4994, 2781, 55.69, 252, 68.48, 4, 2137
4995, 2781, 55.68, 252, 68.48, 4, 2138
4996, 2782, 55.68, 252, 68.48, 4, 2138
4997, 2782, 55.67, 252, 68.48, 4, 2139
4998, 2782, 55.66, 252, 68.48, 4, 2140
4999, 2783, 55.67, 252, 68.48, 4, 2140
5000, 2784, 55.68, 252, 68.48, 4, 2140
5001, 2784, 55.67, 252, 68.48, 4, 2141
5002, 2785, 55.68, 252, 68.48, 4, 2141
5003, 2786, 55.69, 252, 68.48, 4, 2141
5004, 2786, 55.68, 252, 68.48, 4, 2142
5005, 2787, 55.68, 252, 68.48, 4, 2142
5006, 2787, 55.67, 252, 68.48, 4, 2143
5007, 2788, 55.68, 252, 68.48, 4, 2143
5008, 2789, 55.69, 252, 68.48, 4, 2143
5009, 2789, 55.68, 252, 68.48, 4, 2144
5010, 2789, 55.67, 252, 68.48, 4, 2145
5011, 2790, 55.68, 252, 68.48, 4, 2145
5012, 2791, 55.69, 252, 68.48, 4, 2145
5013, 2792, 55.70, 252, 68.48, 4, 2145
5014, 2792, 55.68, 252, 68.48, 4, 2146
5015, 2793, 55.69, 252, 68.48, 4, 2146
5016, 2794, 55.70, 252, 68.48, 4, 2146
5017, 2795, 55.71, 252, 68.48, 4, 2146
5018, 2795, 55.70, 252, 68.48, 4, 2147
5019, 2796, 55.71, 252, 68.48, 4, 2147
5020, 2796, 55.70, 252, 68.48, 4, 2148
5021, 2796, 55.69, 252, 68.48, 4, 2149
5022, 2796, 55.68, 252, 68.48, 4, 2150
5023, 2797, 55.68, 252, 68.48, 4, 2150
5024, 2797, 55.67, 252, 68.48, 4, 2151
5025, 2797, 55.66, 252, 68.48, 4, 2152
5026, 2797, 55.65, 252, 68.48, 4, 2153
5027, 2798, 55.66, 252, 68.48, 4, 2153
5028, 2798, 55.65, 252, 68.48, 4, 2154
5029, 2798, 55.64, 252, 68.48, 4, 2155
5030, 2799, 55.65, 252, 68.48, 4, 2155
5031, 2800, 55.65, 252, 68.48, 4, 2155
5032, 2801, 55.66, 252, 68.48, 4, 2155
5033, 2801, 55.65, 252, 68.48, 4, 2156
5034, 2802, 55.66, 252, 68.48, 4, 2156
5035, 2802, 55.65, 252, 68.48, 4, 2157
5036, 2803, 55.66, 252, 68.48, 4, 2157
5037, 2804, 55.67, 252, 68.48, 4, 2157
5038, 2805, 55.68, 252, 68.48, 4, 2157
5039, 2805, 55.67, 252, 68.48, 4, 2158
5040, 2805, 55.65, 252, 68.48, 4, 2159
5041, 2805, 55.64, 252, 68.48, 4, 2160
5042, 2806, 55.65, 252, 68.48, 4, 2160
5043, 2806, 55.64, 252, 68.48, 4, 2161
5044, 2806, 55.63, 252, 68.48, 4, 2162
5045, 2806, 55.62, 252, 68.48, 4, 2163
5046, 2806, 55.61, 252, 68.48, 4, 2164
5047, 2806, 55.60, 252, 68.48, 4, 2165
5048, 2806, 55.59, 252, 68.48, 4, 2166
5049, 2806, 55.58, 252, 68.48, 4, 2167
5050, 2806, 55.56, 252, 68.48, 4, 2168
5051, 2806, 55.55, 252, 68.48, 4, 2169
5052, 2806, 55.54, 252, 68.48, 4, 2170
5053, 2807, 55.55, 252, 68.48, 4, 2170
5054, 2808, 55.56, 252, 68.48, 4, 2170
5055, 2808, 55.55, 252, 68.48, 4, 2171
5056, 2808, 55.54, 252, 68.48, 4, 2172
5057, 2808, 55.53, 252, 68.48, 4, 2173
5058, 2808, 55.52, 252, 68.48, 4, 2174
5059, 2808, 55.51, 252, 68.48, 4, 2175
5060, 2808, 55.49, 252, 68.48, 4, 2175
5061, 2808, 55.48, 252, 68.48, 4, 2176
5062, 2809, 55.49, 252, 68.48, 4, 2176
5063, 2810, 55.50, 252, 68.48, 4, 2176
5064, 2811, 55.51, 252, 68.48, 4, 2176
5065, 2812, 55.52, 252, 68.48, 4, 2176
5066, 2812, 55.51, 252, 68.48, 4, 2177
5067, 2813, 55.52, 252, 68.48, 4, 2177
5068, 2813, 55.51, 252, 68.48, 4, 2178
5069, 2813, 55.49, 252, 68.48, 4, 2179
5070, 2813, 55.48, 252, 68.48, 4, 2180
5071, 2813, 55.47, 252, 68.48, 4, 2181
5072, 2813, 55.46, 252, 68.48, 4, 2182
5073, 2813, 55.45, 252, 68.48, 4, 2183
5074, 2813, 55.44, 252, 68.48, 4, 2184
5075, 2813, 55.43, 252, 68.48, 4, 2185
5076, 2814, 55.44, 252, 68.48, 4, 2185
5077, 2814, 55.43, 252, 68.48, 4, 2185
5078, 2814, 55.42, 252, 68.48, 4, 2185
5079, 2814, 55.40, 252, 68.48, 4, 2186
5080, 2815, 55.41, 252, 68.48, 4, 2186
5081, 2815, 55.40, 252, 68.48, 4, 2187
5082, 2815, 55.39, 252, 68.48, 4, 2188
5083, 2816, 55.40, 252, 68.48, 4, 2188
5084, 2817, 55.41, 252, 68.48, 4, 2188
5085, 2817, 55.40, 252, 68.48, 4, 2189
5086, 2818, 55.41, 252, 68.48, 4, 2189
5087, 2819, 55.42, 252, 68.48, 4, 2189
5088, 2819, 55.40, 252, 68.48, 4, 2190
5089, 2820, 55.41, 252, 68.48, 4, 2190
5090, 2820, 55.40, 252, 68.48, 4, 2191
5091, 2820, 55.39, 252, 68.48, 4, 2192
5092, 2821, 55.40, 252, 68.48, 4, 2192
5093, 2821, 55.39, 252, 68.48, 4, 2193
5094, 2821, 55.38, 252, 68.48, 4, 2194
5095, 2822, 55.39, 252, 68.48, 4, 2194
5096, 2822, 55.38, 252, 68.48, 4, 2195
5097, 2822, 55.37, 252, 68.48, 4, 2196
5098, 2823, 55.37, 252, 68.48, 4, 2196
5099, 2824, 55.38, 252, 68.48, 4, 2196
5100, 2825, 55.39, 252, 68.48, 4, 2196
5101, 2825, 55.38, 252, 68.48, 4, 2197
5102, 2826, 55.39, 252, 68.48, 4, 2197
5103, 2827, 55.40, 252, 68.48, 4, 2197
5104, 2827, 55.39, 252, 68.48, 4, 2198
5105, 2828, 55.40, 252, 68.48, 4, 2198
5106, 2829, 55.41, 252, 68.48, 4, 2198
5107, 2830, 55.41, 252, 68.48, 4, 2198
5108, 2831, 55.42, 252, 68.48, 4, 2198
5109, 2832, 55.43, 252, 68.48, 4, 2198
5110, 2832, 55.42, 252, 68.48, 4, 2199
5111, 2832, 55.41, 252, 68.48, 4, 2200
5112, 2832, 55.40, 252, 68.48, 4, 2201
5113, 2833, 55.41, 252, 68.48, 4, 2201
5114, 2834, 55.42, 252, 68.48, 4, 2201
5115, 2834, 55.41, 252, 68.48, 4, 2202
5116, 2834, 55.39, 252, 68.48, 4, 2203
5117, 2835, 55.40, 252, 68.48, 4, 2203
5118, 2836, 55.41, 252, 68.48, 4, 2203
5119, 2837, 55.42, 252, 68.48, 4, 2203
5120, 2838, 55.43, 252, 68.48, 4, 2203
5121, 2839, 55.44, 252, 68.48, 4, 2203
5122, 2839, 55.43, 252, 68.48, 4, 2204
5123, 2840, 55.44, 252, 68.48, 4, 2204
5124, 2840, 55.43, 252, 68.48, 4, 2205
5125, 2841, 55.43, 252, 68.48, 4, 2205
5126, 2841, 55.42, 252, 68.48, 4, 2206
5127, 2842, 55.43, 252, 68.48, 4, 2206
5128, 2842, 55.42, 252, 68.48, 4, 2207
5129, 2843, 55.43, 252, 68.48, 4, 2207
5130, 2844, 55.44, 252, 68.48, 4, 2207
5131, 2845, 55.45, 252, 68.48, 4, 2207
5132, 2846, 55.46, 252, 68.48, 4, 2207
5133, 2846, 55.45, 252, 68.48, 4, 2208
5134, 2847, 55.45, 252, 68.48, 4, 2208
5135, 2848, 55.46, 252, 68.48, 4, 2208
5136, 2849, 55.47, 252, 68.48, 4, 2208
5137, 2850, 55.48, 252, 68.48, 4, 2208
5138, 2850, 55.47, 252, 68.48, 4, 2209
5139, 2850, 55.46, 252, 68.48, 4, 2210
5140, 2851, 55.47, 252, 68.48, 4, 2210
5141, 2852, 55.48, 252, 68.48, 4, 2210
5142, 2853, 55.48, 252, 68.48, 4, 2210
5143, 2853, 55.47, 252, 68.48, 4, 2211
5144, 2854, 55.48, 252, 68.48, 4, 2211
5145, 2854, 55.47, 252, 68.48, 4, 2212
5146, 2855, 55.48, 252, 68.48, 4, 2212
5147, 2855, 55.47, 252, 68.48, 4, 2213
5148, 2855, 55.46, 252, 68.48, 4, 2214
5149, 2855, 55.45, 252, 68.48, 4, 2215
5150, 2855, 55.44, 252, 68.48, 4, 2216
5151, 2856, 55.45, 252, 68.48, 4, 2216
5152, 2857, 55.45, 252, 68.48, 4, 2216
5153, 2857, 55.44, 252, 68.48, 4, 2217
5154, 2858, 55.45, 252, 68.48, 4, 2217
5155, 2859, 55.46, 252, 68.48, 4, 2217
5156, 2860, 55.47, 252, 68.48, 4, 2217
5157, 2861, 55.48, 252, 68.48, 4, 2217
5158, 2862, 55.49, 252, 68.48, 4, 2217
5159, 2862, 55.48, 252, 68.48, 4, 2218
5160, 2862, 55.47, 252, 68.48, 4, 2219
5161, 2862, 55.45, 252, 68.48, 4, 2220
5162, 2862, 55.44, 252, 68.48, 4, 2221
5163, 2863, 55.45, 252, 68.48, 4, 2221
5164, 2863, 55.44, 252, 68.48, 4, 2222
5165, 2864, 55.45, 252, 68.48, 4, 2222
5166, 2864, 55.44, 252, 68.48, 4, 2223
5167, 2864, 55.43, 252, 68.48, 4, 2224
5168, 2864, 55.42, 252, 68.48, 4, 2225
5169, 2865, 55.43, 252, 68.48, 4, 2225
5170, 2866, 55.44, 252, 68.48, 4, 2225
5171, 2867, 55.44, 252, 68.48, 4, 2225
5172, 2867, 55.43, 252, 68.48, 4, 2226
5173, 2867, 55.42, 252, 68.48, 4, 2226
5174, 2868, 55.43, 252, 68.48, 4, 2226
5175, 2869, 55.44, 252, 68.48, 4, 2226
5176, 2869, 55.43, 252, 68.48, 4, 2226
5177, 2869, 55.42, 252, 68.48, 4, 2226
5178, 2870, 55.43, 252, 68.48, 4, 2226
5179, 2871, 55.44, 252, 68.48, 4, 2226
5180, 2871, 55.42, 252, 68.48, 4, 2227
5181, 2872, 55.43, 252, 68.48, 4, 2227
5182, 2873, 55.44, 252, 68.48, 4, 2227
5183, 2874, 55.45, 252, 68.48, 4, 2227
5184, 2875, 55.46, 252, 68.48, 4, 2227
5185, 2876, 55.47, 252, 68.48, 4, 2227
5186, 2877, 55.48, 252, 68.48, 4, 2227
5187, 2878, 55.48, 252, 68.48, 4, 2227
5188, 2878, 55.47, 252, 68.48, 4, 2228
5189, 2878, 55.46, 252, 68.48, 4, 2229
5190, 2878, 55.45, 252, 68.48, 4, 2230
5191, 2878, 55.44, 252, 68.48, 4, 2231
5192, 2879, 55.45, 252, 68.48, 4, 2231
5193, 2880, 55.46, 252, 68.48, 4, 2231
5194, 2881, 55.47, 252, 68.48, 4, 2231
5195, 2882, 55.48, 252, 68.48, 4, 2231
5196, 2882, 55.47, 252, 68.48, 4, 2232
5197, 2883, 55.47, 252, 68.48, 4, 2232
5198, 2884, 55.48, 252, 68.48, 4, 2232
5199, 2884, 55.47, 252, 68.48, 4, 2233
5200, 2885, 55.48, 252, 68.48, 4, 2233
5201, 2886, 55.49, 252, 68.48, 4, 2233
5202, 2887, 55.50, 252, 68.48, 4, 2233
5203, 2887, 55.49, 252, 68.48, 4, 2234
5204, 2888, 55.50, 252, 68.48, 4, 2234
5205, 2889, 55.50, 252, 68.48, 4, 2234
5206, 2890, 55.51, 252, 68.48, 4, 2234
5207, 2890, 55.50, 252, 68.48, 4, 2235
5208, 2891, 55.51, 252, 68.48, 4, 2235
5209, 2891, 55.50, 252, 68.48, 4, 2236
5210, 2892, 55.51, 252, 68.48, 4, 2236
5211, 2893, 55.52, 252, 68.48, 4, 2236
5212, 2894, 55.53, 252, 68.48, 4, 2236
5213, 2894, 55.52, 252, 68.48, 4, 2237
5214, 2894, 55.50, 252, 68.48, 4, 2238
5215, 2895, 55.51, 252, 68.48, 4, 2238
5216, 2896, 55.52, 252, 68.48, 4, 2238
5217, 2897, 55.53, 252, 68.48, 4, 2238
5218, 2897, 55.52, 252, 68.48, 4, 2239
5219, 2897, 55.51, 252, 68.48, 4, 2240
5220, 2897, 55.50, 252, 68.48, 4, 2241
5221, 2898, 55.51, 252, 68.48, 4, 2241
5222, 2898, 55.50, 252, 68.48, 4, 2242
5223, 2898, 55.49, 252, 68.48, 4, 2243
5224, 2899, 55.49, 252, 68.48, 4, 2243
5225, 2900, 55.50, 252, 68.48, 4, 2243
5226, 2900, 55.49, 252, 68.48, 4, 2244
5227, 2900, 55.48, 252, 68.48, 4, 2245
5228, 2901, 55.49, 252, 68.48, 4, 2245
5229, 2901, 55.48, 252, 68.48, 4, 2246
5230, 2902, 55.49, 252, 68.48, 4, 2246
5231, 2903, 55.50, 252, 68.48, 4, 2246
5232, 2904, 55.50, 252, 68.48, 4, 2246
5233, 2905, 55.51, 252, 68.48, 4, 2246
5234, 2906, 55.52, 252, 68.48, 4, 2246
5235, 2906, 55.51, 252, 68.48, 4, 2247
5236, 2907, 55.52, 252, 68.48, 4, 2247
5237, 2907, 55.51, 252, 68.48, 4, 2248
5238, 2907, 55.50, 252, 68.48, 4, 2249
5239, 2908, 55.51, 252, 68.48, 4, 2249
5240, 2908, 55.50, 252, 68.48, 4, 2250
5241, 2908, 55.49, 252, 68.48, 4, 2251
5242, 2908, 55.48, 252, 68.48, 4, 2252
5243, 2908, 55.46, 252, 68.48, 4, 2253
5244, 2908, 55.45, 252, 68.48, 4, 2254
5245, 2909, 55.46, 252, 68.48, 4, 2254
5246, 2910, 55.47, 252, 68.48, 4, 2254
5247, 2910, 55.46, 252, 68.48, 4, 2255
5248, 2911, 55.47, 252, 68.48, 4, 2255
5249, 2912, 55.48, 252, 68.48, 4, 2255
5250, 2912, 55.47, 252, 68.48, 4, 2256
5251, 2913, 55.48, 252, 68.48, 4, 2256
5252, 2914, 55.48, 252, 68.48, 4, 2256
5253, 2915, 55.49, 252, 68.48, 4, 2256
5254, 2916, 55.50, 252, 68.48, 4, 2256
5255, 2917, 55.51, 252, 68.48, 4, 2256
5256, 2917, 55.50, 252, 68.48, 4, 2257
5257, 2918, 55.51, 252, 68.48, 4, 2257
5258, 2918, 55.50, 252, 68.48, 4, 2258
5259, 2918, 55.49, 252, 68.48, 4, 2259
5260, 2919, 55.49, 252, 68.48, 4, 2259
5261, 2920, 55.50, 252, 68.48, 4, 2259
5262, 2921, 55.51, 252, 68.48, 4, 2259
5263, 2922, 55.52, 252, 68.48, 4, 2259
5264, 2923, 55.53, 252, 68.48, 4, 2259
5265, 2923, 55.52, 252, 68.48, 4, 2260
5266, 2923, 55.51, 252, 68.48, 4, 2261
5267, 2924, 55.52, 252, 68.48, 4, 2261
5268, 2924, 55.50, 252, 68.48, 4, 2262
5269, 2925, 55.51, 252, 68.48, 4, 2262
5270, 2926, 55.52, 252, 68.48, 4, 2262
5271, 2927, 55.53, 252, 68.48, 4, 2262
5272, 2927, 55.52, 252, 68.48, 4, 2263
5273, 2928, 55.53, 252, 68.48, 4, 2263
5274, 2929, 55.54, 252, 68.48, 4, 2263
5275, 2930, 55.55, 252, 68.48, 4, 2263
5276, 2930, 55.53, 252, 68.48, 4, 2264
5277, 2931, 55.54, 252, 68.48, 4, 2264
5278, 2932, 55.55, 252, 68.48, 4, 2264
5279, 2933, 55.56, 252, 68.48, 4, 2264
5280, 2934, 55.57, 252, 68.48, 4, 2264
5281, 2935, 55.58, 252, 68.48, 4, 2264
5282, 2936, 55.59, 252, 68.48, 4, 2264
5283, 2937, 55.59, 252, 68.48, 4, 2264
5284, 2938, 55.60, 252, 68.48, 4, 2264
5285, 2939, 55.61, 252, 68.48, 4, 2264
5286, 2940, 55.62, 252, 68.48, 4, 2264
5287, 2940, 55.61, 252, 68.48, 4, 2265
5288, 2941, 55.62, 252, 68.48, 4, 2265
5289, 2942, 55.62, 252, 68.48, 4, 2265
5290, 2943, 55.63, 252, 68.48, 4, 2265
5291, 2944, 55.64, 252, 68.48, 4, 2265
5292, 2944, 55.63, 252, 68.48, 4, 2266
5293, 2944, 55.62, 252, 68.48, 4, 2267
5294, 2945, 55.63, 252, 68.48, 4, 2267
5295, 2945, 55.62, 252, 68.48, 4, 2268
5296, 2945, 55.61, 252, 68.48, 4, 2269
5297, 2945, 55.60, 252, 68.48, 4, 2270
5298, 2946, 55.61, 252, 68.48, 4, 2270
5299, 2947, 55.61, 252, 68.48, 4, 2270
5300, 2947, 55.60, 252, 68.48, 4, 2271
5301, 2948, 55.61, 252, 68.48, 4, 2271
5302, 2948, 55.60, 252, 68.48, 4, 2272
5303, 2948, 55.59, 252, 68.48, 4, 2273
5304, 2948, 55.58, 252, 68.48, 4, 2274
5305, 2949, 55.59, 252, 68.48, 4, 2274
5306, 2950, 55.60, 252, 68.48, 4, 2274
5307, 2951, 55.61, 252, 68.48, 4, 2274
5308, 2952, 55.61, 252, 68.48, 4, 2274
5309, 2952, 55.60, 252, 68.48, 4, 2275
5310, 2952, 55.59, 252, 68.48, 4, 2276
5311, 2953, 55.60, 252, 68.48, 4, 2276
5312, 2954, 55.61, 252, 68.48, 4, 2276
5313, 2955, 55.62, 252, 68.48, 4, 2276
5314, 2956, 55.63, 252, 68.48, 4, 2276
5315, 2957, 55.63, 252, 68.48, 4, 2276
5316, 2958, 55.64, 252, 68.48, 4, 2276
5317, 2959, 55.65, 252, 68.48, 4, 2276
5318, 2959, 55.64, 252, 68.48, 4, 2277
5319, 2959, 55.63, 252, 68.48, 4, 2278
5320, 2959, 55.62, 252, 68.48, 4, 2279
5321, 2959, 55.61, 252, 68.48, 4, 2280
5322, 2960, 55.62, 252, 68.48, 4, 2280
5323, 2961, 55.63, 252, 68.48, 4, 2280
5324, 2961, 55.62, 252, 68.48, 4, 2281
5325, 2961, 55.61, 252, 68.48, 4, 2282
5326, 2961, 55.60, 252, 68.48, 4, 2283
5327, 2961, 55.58, 252, 68.48, 4, 2284
5328, 2962, 55.59, 252, 68.48, 4, 2284
5329, 2963, 55.60, 252, 68.48, 4, 2284
5330, 2964, 55.61, 252, 68.48, 4, 2284
5331, 2964, 55.60, 252, 68.48, 4, 2284
5332, 2964, 55.59, 252, 68.48, 4, 2285
5333, 2964, 55.58, 252, 68.48, 4, 2286
5334, 2965, 55.59, 252, 68.48, 4, 2286
5335, 2966, 55.60, 252, 68.48, 4, 2286
5336, 2966, 55.58, 252, 68.48, 4, 2287
5337, 2966, 55.57, 252, 68.48, 4, 2288
5338, 2967, 55.58, 252, 68.48, 4, 2288
5339, 2968, 55.59, 252, 68.48, 4, 2288
5340, 2968, 55.58, 252, 68.48, 4, 2289
5341, 2968, 55.57, 252, 68.48, 4, 2290
5342, 2969, 55.58, 252, 68.48, 4, 2290
5343, 2969, 55.57, 252, 68.48, 4, 2291
5344, 2970, 55.58, 252, 68.48, 4, 2291
5345, 2970, 55.57, 252, 68.48, 4, 2292
5346, 2971, 55.57, 252, 68.48, 4, 2292
5347, 2972, 55.58, 252, 68.48, 4, 2292
5348, 2973, 55.59, 252, 68.48, 4, 2292
5349, 2973, 55.58, 252, 68.48, 4, 2293
5350, 2974, 55.59, 252, 68.48, 4, 2293
5351, 2974, 55.58, 252, 68.48, 4, 2294
5352, 2974, 55.57, 252, 68.48, 4, 2295
5353, 2975, 55.58, 252, 68.48, 4, 2295
5354, 2975, 55.57, 252, 68.48, 4, 2295
5355, 2975, 55.56, 252, 68.48, 4, 2296
5356, 2976, 55.56, 252, 68.48, 4, 2296
5357, 2976, 55.55, 252, 68.48, 4, 2297
5358, 2976, 55.54, 252, 68.48, 4, 2298
5359, 2977, 55.55, 252, 68.48, 4, 2298
5360, 2978, 55.56, 252, 68.48, 4, 2298
5361, 2979, 55.57, 252, 68.48, 4, 2298
5362, 2980, 55.58, 252, 68.48, 4, 2298
5363, 2980, 55.57, 252, 68.48, 4, 2299
5364, 2981, 55.57, 252, 68.48, 4, 2299
5365, 2982, 55.58, 252, 68.48, 4, 2299
5366, 2983, 55.59, 252, 68.48, 4, 2299
5367, 2984, 55.60, 252, 68.48, 4, 2299
5368, 2984, 55.59, 252, 68.48, 4, 2300
5369, 2984, 55.58, 252, 68.48, 4, 2301
5370, 2985, 55.59, 252, 68.48, 4, 2301
5371, 2985, 55.58, 252, 68.48, 4, 2302
5372, 2985, 55.57, 252, 68.48, 4, 2303
5373, 2986, 55.57, 252, 68.48, 4, 2303
5374, 2987, 55.58, 252, 68.48, 4, 2303
5375, 2987, 55.57, 252, 68.48, 4, 2304
5376, 2988, 55.58, 252, 68.48, 4, 2304
5377, 2989, 55.59, 252, 68.48, 4, 2304
5378, 2989, 55.58, 252, 68.48, 4, 2305
5379, 2990, 55.59, 252, 68.48, 4, 2305
5380, 2991, 55.59, 252, 68.48, 4, 2305
5381, 2992, 55.60, 252, 68.48, 4, 2305
5382, 2993, 55.61, 252, 68.48, 4, 2305
5383, 2994, 55.62, 252, 68.48, 4, 2305
5384, 2995, 55.63, 252, 68.48, 4, 2305
5385, 2995, 55.62, 252, 68.48, 4, 2306
5386, 2996, 55.63, 252, 68.48, 4, 2306
5387, 2997, 55.63, 252, 68.48, 4, 2306
5388, 2998, 55.64, 252, 68.48, 4, 2306
5389, 2998, 55.63, 252, 68.48, 4, 2307
5390, 2998, 55.62, 252, 68.48, 4, 2308
5391, 2998, 55.61, 252, 68.48, 4, 2309
5392, 2998, 55.60, 252, 68.48, 4, 2310
5393, 2999, 55.61, 252, 68.48, 4, 2310
5394, 3000, 55.62, 252, 68.48, 4, 2310
5395, 3001, 55.63, 252, 68.48, 4, 2310
5396, 3002, 55.63, 252, 68.48, 4, 2310
5397, 3002, 55.62, 252, 68.48, 4, 2311
5398, 3003, 55.63, 252, 68.48, 4, 2311
5399, 3004, 55.64, 252, 68.48, 4, 2311
5400, 3004, 55.63, 252, 68.48, 4, 2312
5401, 3004, 55.62, 252, 68.48, 4, 2313
5402, 3004, 55.61, 252, 68.48, 4, 2314
5403, 3004, 55.60, 252, 68.48, 4, 2315
5404, 3004, 55.59, 252, 68.48, 4, 2316
5405, 3005, 55.60, 252, 68.48, 4, 2316
5406, 3006, 55.60, 252, 68.48, 4, 2316
5407, 3007, 55.61, 252, 68.48, 4, 2316
5408, 3007, 55.60, 252, 68.48, 4, 2317
5409, 3007, 55.59, 252, 68.48, 4, 2318
5410, 3007, 55.58, 252, 68.48, 4, 2319
5411, 3008, 55.59, 252, 68.48, 4, 2319
5412, 3008, 55.58, 252, 68.48, 4, 2320
5413, 3009, 55.59, 252, 68.48, 4, 2320
5414, 3010, 55.60, 252, 68.48, 4, 2320
5415, 3010, 55.59, 252, 68.48, 4, 2321
5416, 3010, 55.58, 252, 68.48, 4, 2322
5417, 3010, 55.57, 252, 68.48, 4, 2323
5418, 3011, 55.57, 252, 68.48, 4, 2323
5419, 3012, 55.58, 252, 68.48, 4, 2323
5420, 3013, 55.59, 252, 68.48, 4, 2323
5421, 3013, 55.58, 252, 68.48, 4, 2324
5422, 3014, 55.59, 252, 68.48, 4, 2324
5423, 3014, 55.58, 252, 68.48, 4, 2325
5424, 3014, 55.57, 252, 68.48, 4, 2326
5425, 3014, 55.56, 252, 68.48, 4, 2327
5426, 3014, 55.55, 252, 68.48, 4, 2328
5427, 3015, 55.56, 252, 68.48, 4, 2328
5428, 3016, 55.56, 252, 68.48, 4, 2328
5429, 3016, 55.55, 252, 68.48, 4, 2328
5430, 3017, 55.56, 252, 68.48, 4, 2328
5431, 3018, 55.57, 252, 68.48, 4, 2328
5432, 3018, 55.56, 252, 68.48, 4, 2329
5433, 3019, 55.57, 252, 68.48, 4, 2329
5434, 3020, 55.58, 252, 68.48, 4, 2329
5435, 3021, 55.58, 252, 68.48, 4, 2329
5436, 3022, 55.59, 252, 68.48, 4, 2329
5437, 3023, 55.60, 252, 68.48, 4, 2329
5438, 3023, 55.59, 252, 68.48, 4, 2330
5439, 3024, 55.60, 252, 68.48, 4, 2330
5440, 3025, 55.61, 252, 68.48, 4, 2330
5441, 3026, 55.61, 252, 68.48, 4, 2330
5442, 3026, 55.60, 252, 68.48, 4, 2331
5443, 3026, 55.59, 252, 68.48, 4, 2332
5444, 3027, 55.60, 252, 68.48, 4, 2332
5445, 3027, 55.59, 252, 68.48, 4, 2333
5446, 3028, 55.60, 252, 68.48, 4, 2333
5447, 3028, 55.59, 252, 68.48, 4, 2334
5448, 3028, 55.58, 252, 68.48, 4, 2335
5449, 3028, 55.57, 252, 68.48, 4, 2336
5450, 3028, 55.56, 252, 68.48, 4, 2337
5451, 3028, 55.55, 252, 68.48, 4, 2338
5452, 3029, 55.56, 252, 68.48, 4, 2338
5453, 3029, 55.55, 252, 68.48, 4, 2339
5454, 3030, 55.56, 252, 68.48, 4, 2339
5455, 3030, 55.55, 252, 68.48, 4, 2340
5456, 3030, 55.54, 252, 68.48, 4, 2341
5457, 3031, 55.54, 252, 68.48, 4, 2341
5458, 3032, 55.55, 252, 68.48, 4, 2341
5459, 3033, 55.56, 252, 68.48, 4, 2341
5460, 3034, 55.57, 252, 68.48, 4, 2341
5461, 3034, 55.56, 252, 68.48, 4, 2342
5462, 3035, 55.57, 252, 68.48, 4, 2342
5463, 3035, 55.56, 252, 68.48, 4, 2343
5464, 3036, 55.56, 252, 68.48, 4, 2343
5465, 3036, 55.55, 252, 68.48, 4, 2344
5466, 3037, 55.56, 252, 68.48, 4, 2344
5467, 3038, 55.57, 252, 68.48, 4, 2344
5468, 3038, 55.56, 252, 68.48, 4, 2345
5469, 3038, 55.55, 252, 68.48, 4, 2346
5470, 3038, 55.54, 252, 68.48, 4, 2347
5471, 3039, 55.55, 252, 68.48, 4, 2347
5472, 3040, 55.56, 252, 68.48, 4, 2347
5473, 3040, 55.55, 252, 68.48, 4, 2348
5474, 3041, 55.55, 252, 68.48, 4, 2348
5475, 3041, 55.54, 252, 68.48, 4, 2349
5476, 3042, 55.55, 252, 68.48, 4, 2349
5477, 3043, 55.56, 252, 68.48, 4, 2349
5478, 3044, 55.57, 252, 68.48, 4, 2349
5479, 3045, 55.58, 252, 68.48, 4, 2349
5480, 3045, 55.57, 252, 68.48, 4, 2350
5481, 3046, 55.57, 252, 68.48, 4, 2350
5482, 3046, 55.56, 252, 68.48, 4, 2351
5483, 3047, 55.57, 252, 68.48, 4, 2351
5484, 3047, 55.56, 252, 68.48, 4, 2352
5485, 3047, 55.55, 252, 68.48, 4, 2353
5486, 3048, 55.56, 252, 68.48, 4, 2353
5487, 3049, 55.57, 252, 68.48, 4, 2353
5488, 3050, 55.58, 252, 68.48, 4, 2353
5489, 3050, 55.57, 252, 68.48, 4, 2354
5490, 3050, 55.56, 252, 68.48, 4, 2354
5491, 3051, 55.56, 252, 68.48, 4, 2354
5492, 3052, 55.57, 252, 68.48, 4, 2354
5493, 3053, 55.58, 252, 68.48, 4, 2354
5494, 3054, 55.59, 252, 68.48, 4, 2354
5495, 3055, 55.60, 252, 68.48, 4, 2354
5496, 3055, 55.59, 252, 68.48, 4, 2355
5497, 3055, 55.58, 252, 68.48, 4, 2356
5498, 3055, 55.57, 252, 68.48, 4, 2357
5499, 3056, 55.57, 252, 68.48, 4, 2357
5500, 3056, 55.56, 252, 68.48, 4, 2358
5501, 3056, 55.55, 252, 68.48, 4, 2359
5502, 3057, 55.56, 252, 68.48, 4, 2359
5503, 3057, 55.55, 252, 68.48, 4, 2360
5504, 3058, 55.56, 252, 68.48, 4, 2360
5505, 3059, 55.57, 252, 68.48, 4, 2360
5506, 3060, 55.58, 252, 68.48, 4, 2360
5507, 3061, 55.58, 252, 68.48, 4, 2360
5508, 3061, 55.57, 252, 68.48, 4, 2361
5509, 3062, 55.58, 252, 68.48, 4, 2361
5510, 3063, 55.59, 252, 68.48, 4, 2361
5511, 3064, 55.60, 252, 68.48, 4, 2361
5512, 3064, 55.59, 252, 68.48, 4, 2362
5513, 3064, 55.58, 252, 68.48, 4, 2363
5514, 3064, 55.57, 252, 68.48, 4, 2364
5515, 3064, 55.56, 252, 68.48, 4, 2365
5516, 3065, 55.57, 252, 68.48, 4, 2365
5517, 3065, 55.56, 252, 68.48, 4, 2366
5518, 3066, 55.56, 252, 68.48, 4, 2366
5519, 3067, 55.57, 252, 68.48, 4, 2366
5520, 3067, 55.56, 252, 68.48, 4, 2367
5521, 3067, 55.55, 252, 68.48, 4, 2367
5522, 3067, 55.54, 252, 68.48, 4, 2368
5523, 3068, 55.55, 252, 68.48, 4, 2368
5524, 3068, 55.54, 252, 68.48, 4, 2369
5525, 3068, 55.53, 252, 68.48, 4, 2370
5526, 3069, 55.54, 252, 68.48, 4, 2370
5527, 3069, 55.53, 252, 68.48, 4, 2371
5528, 3069, 55.52, 252, 68.48, 4, 2372
5529, 3069, 55.51, 252, 68.48, 4, 2373
5530, 3070, 55.52, 252, 68.48, 4, 2373
5531, 3070, 55.51, 252, 68.48, 4, 2374
5532, 3071, 55.51, 252, 68.48, 4, 2374
5533, 3071, 55.50, 252, 68.48, 4, 2375
5534, 3072, 55.51, 252, 68.48, 4, 2375
5535, 3072, 55.50, 252, 68.48, 4, 2376
5536, 3072, 55.49, 252, 68.48, 4, 2377
5537, 3072, 55.48, 252, 68.48, 4, 2378
5538, 3073, 55.49, 252, 68.48, 4, 2378
5539, 3074, 55.50, 252, 68.48, 4, 2378
5540, 3074, 55.49, 252, 68.48, 4, 2379
5541, 3075, 55.50, 252, 68.48, 4, 2379
5542, 3075, 55.49, 252, 68.48, 4, 2380
5543, 3076, 55.49, 252, 68.48, 4, 2380
5544, 3076, 55.48, 252, 68.48, 4, 2381
5545, 3077, 55.49, 252, 68.48, 4, 2381
5546, 3077, 55.48, 252, 68.48, 4, 2382
5547, 3078, 55.49, 252, 68.48, 4, 2382
5548, 3078, 55.48, 252, 68.48, 4, 2383
5549, 3079, 55.49, 252, 68.48, 4, 2383
5550, 3080, 55.50, 252, 68.48, 4, 2383
5551, 3081, 55.50, 252, 68.48, 4, 2383
5552, 3082, 55.51, 252, 68.48, 4, 2383
5553, 3082, 55.50, 252, 68.48, 4, 2384
5554, 3083, 55.51, 252, 68.48, 4, 2384
5555, 3083, 55.50, 252, 68.48, 4, 2385
5556, 3084, 55.51, 252, 68.48, 4, 2385
5557, 3084, 55.50, 252, 68.48, 4, 2386
5558, 3085, 55.51, 252, 68.48, 4, 2386
5559, 3085, 55.50, 252, 68.48, 4, 2387
5560, 3085, 55.49, 252, 68.48, 4, 2388
5561, 3086, 55.49, 252, 68.48, 4, 2388
5562, 3086, 55.48, 252, 68.48, 4, 2389
5563, 3086, 55.47, 252, 68.48, 4, 2390
5564, 3087, 55.48, 252, 68.48, 4, 2390
5565, 3088, 55.49, 252, 68.48, 4, 2390
5566, 3088, 55.48, 252, 68.48, 4, 2391
5567, 3088, 55.47, 252, 68.48, 4, 2392
5568, 3088, 55.46, 252, 68.48, 4, 2393
5569, 3089, 55.47, 252, 68.48, 4, 2393
5570, 3089, 55.46, 252, 68.48, 4, 2394
5571, 3090, 55.47, 252, 68.48, 4, 2394
5572, 3090, 55.46, 252, 68.48, 4, 2395
5573, 3091, 55.46, 252, 68.48, 4, 2395
5574, 3091, 55.45, 252, 68.48, 4, 2396
5575, 3091, 55.44, 252, 68.48, 4, 2397
5576, 3092, 55.45, 252, 68.48, 4, 2397
5577, 3093, 55.46, 252, 68.48, 4, 2397
5578, 3094, 55.47, 252, 68.48, 4, 2397
5579, 3094, 55.46, 252, 68.48, 4, 2398
5580, 3094, 55.45, 252, 68.48, 4, 2399
5581, 3095, 55.46, 252, 68.48, 4, 2399
5582, 3095, 55.45, 252, 68.48, 4, 2400
5583, 3096, 55.45, 252, 68.48, 4, 2400
5584, 3096, 55.44, 252, 68.48, 4, 2401
5585, 3097, 55.45, 252, 68.48, 4, 2401
5586, 3098, 55.46, 252, 68.48, 4, 2401
5587, 3098, 55.45, 252, 68.48, 4, 2402
5588, 3099, 55.46, 252, 68.48, 4, 2402
5589, 3099, 55.45, 252, 68.48, 4, 2403
5590, 3099, 55.44, 252, 68.48, 4, 2404
5591, 3099, 55.43, 252, 68.48, 4, 2405
5592, 3100, 55.44, 252, 68.48, 4, 2405
5593, 3100, 55.43, 252, 68.48, 4, 2406
5594, 3100, 55.42, 252, 68.48, 4, 2407
5595, 3100, 55.41, 252, 68.48, 4, 2408
5596, 3100, 55.40, 252, 68.48, 4, 2409
5597, 3101, 55.40, 252, 68.48, 4, 2409
5598, 3102, 55.41, 252, 68.48, 4, 2409
5599, 3102, 55.40, 252, 68.48, 4, 2410
5600, 3102, 55.39, 252, 68.48, 4, 2411
5601, 3102, 55.38, 252, 68.48, 4, 2412
5602, 3103, 55.39, 252, 68.48, 4, 2412
5603, 3104, 55.40, 252, 68.48, 4, 2412
5604, 3105, 55.41, 252, 68.48, 4, 2412
5605, 3106, 55.41, 252, 68.48, 4, 2412
5606, 3107, 55.42, 252, 68.48, 4, 2412
5607, 3107, 55.41, 252, 68.48, 4, 2413
5608, 3108, 55.42, 252, 68.48, 4, 2413
5609, 3108, 55.41, 252, 68.48, 4, 2414
5610, 3109, 55.42, 252, 68.48, 4, 2414
5611, 3110, 55.43, 252, 68.48, 4, 2414
5612, 3110, 55.42, 252, 68.48, 4, 2415
5613, 3110, 55.41, 252, 68.48, 4, 2416
5614, 3110, 55.40, 252, 68.48, 4, 2417
5615, 3110, 55.39, 252, 68.48, 4, 2418
5616, 3110, 55.38, 252, 68.48, 4, 2419
5617, 3110, 55.37, 252, 68.48, 4, 2420
5618, 3111, 55.38, 252, 68.48, 4, 2420
5619, 3112, 55.38, 252, 68.48, 4, 2420
5620, 3112, 55.37, 252, 68.48, 4, 2420
5621, 3112, 55.36, 252, 68.48, 4, 2421
5622, 3113, 55.37, 252, 68.48, 4, 2421
5623, 3113, 55.36, 252, 68.48, 4, 2422
5624, 3113, 55.35, 252, 68.48, 4, 2422
5625, 3113, 55.34, 252, 68.48, 4, 2422
5626, 3114, 55.35, 252, 68.48, 4, 2422
5627, 3114, 55.34, 252, 68.48, 4, 2422
5628, 3115, 55.35, 252, 68.48, 4, 2422
5629, 3116, 55.36, 252, 68.48, 4, 2422
5630, 3117, 55.36, 252, 68.48, 4, 2422
5631, 3117, 55.35, 252, 68.48, 4, 2423
5632, 3118, 55.36, 252, 68.48, 4, 2423
5633, 3118, 55.35, 252, 68.48, 4, 2424
5634, 3119, 55.36, 252, 68.48, 4, 2424
5635, 3120, 55.37, 252, 68.48, 4, 2424
5636, 3120, 55.36, 252, 68.48, 4, 2425
5637, 3121, 55.37, 252, 68.48, 4, 2425
5638, 3122, 55.37, 252, 68.48, 4, 2425
5639, 3122, 55.36, 252, 68.48, 4, 2426
5640, 3123, 55.37, 252, 68.48, 4, 2426
5641, 3124, 55.38, 252, 68.48, 4, 2426
5642, 3125, 55.39, 252, 68.48, 4, 2426
5643, 3126, 55.40, 252, 68.48, 4, 2426
5644, 3127, 55.40, 252, 68.48, 4, 2426
5645, 3127, 55.39, 252, 68.48, 4, 2427
5646, 3128, 55.40, 252, 68.48, 4, 2427
5647, 3129, 55.41, 252, 68.48, 4, 2427
5648, 3129, 55.40, 252, 68.48, 4, 2428
5649, 3130, 55.41, 252, 68.48, 4, 2428
5650, 3131, 55.42, 252, 68.48, 4, 2428
5651, 3132, 55.42, 252, 68.48, 4, 2428
5652, 3133, 55.43, 252, 68.48, 4, 2428
5653, 3134, 55.44, 252, 68.48, 4, 2428
5654, 3135, 55.45, 252, 68.48, 4, 2428
5655, 3136, 55.46, 252, 68.48, 4, 2428
5656, 3137, 55.46, 252, 68.48, 4, 2428
5657, 3138, 55.47, 252, 68.48, 4, 2428
5658, 3138, 55.46, 252, 68.48, 4, 2429
5659, 3139, 55.47, 252, 68.48, 4, 2429
5660, 3139, 55.46, 252, 68.48, 4, 2430
5661, 3139, 55.45, 252, 68.48, 4, 2431
5662, 3139, 55.44, 252, 68.48, 4, 2432
5663, 3140, 55.45, 252, 68.48, 4, 2432
5664, 3141, 55.46, 252, 68.48, 4, 2432
5665, 3141, 55.45, 252, 68.48, 4, 2433
5666, 3142, 55.45, 252, 68.48, 4, 2433
5667, 3142, 55.44, 252, 68.48, 4, 2434
5668, 3142, 55.43, 252, 68.48, 4, 2435
5669, 3142, 55.42, 252, 68.48, 4, 2436
5670, 3143, 55.43, 252, 68.48, 4, 2436
5671, 3144, 55.44, 252, 68.48, 4, 2436
5672, 3144, 55.43, 252, 68.48, 4, 2437
5673, 3144, 55.42, 252, 68.48, 4, 2438
5674, 3145, 55.43, 252, 68.48, 4, 2438
5675, 3146, 55.44, 252, 68.48, 4, 2438
5676, 3147, 55.44, 252, 68.48, 4, 2438
5677, 3147, 55.43, 252, 68.48, 4, 2439
5678, 3148, 55.44, 252, 68.48, 4, 2439
5679, 3149, 55.45, 252, 68.48, 4, 2439
5680, 3150, 55.46, 252, 68.48, 4, 2439
5681, 3151, 55.47, 252, 68.48, 4, 2439
5682, 3151, 55.46, 252, 68.48, 4, 2440
5683, 3151, 55.45, 252, 68.48, 4, 2441
5684, 3151, 55.44, 252, 68.48, 4, 2442
5685, 3152, 55.44, 252, 68.48, 4, 2442
5686, 3152, 55.43, 252, 68.48, 4, 2443
5687, 3153, 55.44, 252, 68.48, 4, 2443
5688, 3154, 55.45, 252, 68.48, 4, 2443
5689, 3154, 55.44, 252, 68.48, 4, 2444
5690, 3155, 55.45, 252, 68.48, 4, 2444
5691, 3156, 55.46, 252, 68.48, 4, 2444
5692, 3157, 55.46, 252, 68.48, 4, 2444
5693, 3157, 55.45, 252, 68.48, 4, 2445
5694, 3157, 55.44, 252, 68.48, 4, 2446
5695, 3158, 55.45, 252, 68.48, 4, 2446
5696, 3159, 55.46, 252, 68.48, 4, 2446
5697, 3159, 55.45, 252, 68.48, 4, 2447
5698, 3160, 55.46, 252, 68.48, 4, 2447
5699, 3161, 55.47, 252, 68.48, 4, 2447
5700, 3162, 55.47, 252, 68.48, 4, 2447
5701, 3162, 55.46, 252, 68.48, 4, 2448
5702, 3162, 55.45, 252, 68.48, 4, 2449
5703, 3163, 55.46, 252, 68.48, 4, 2449
5704, 3164, 55.47, 252, 68.48, 4, 2449
5705, 3164, 55.46, 252, 68.48, 4, 2450
5706, 3165, 55.47, 252, 68.48, 4, 2450
5707, 3166, 55.48, 252, 68.48, 4, 2450
5708, 3166, 55.47, 252, 68.48, 4, 2451
5709, 3167, 55.47, 252, 68.48, 4, 2451
5710, 3167, 55.46, 252, 68.48, 4, 2452
5711, 3168, 55.47, 252, 68.48, 4, 2452
5712, 3169, 55.48, 252, 68.48, 4, 2452
5713, 3170, 55.49, 252, 68.48, 4, 2452
5714, 3170, 55.48, 252, 68.48, 4, 2453
5715, 3171, 55.49, 252, 68.48, 4, 2453
5716, 3172, 55.49, 252, 68.48, 4, 2453
5717, 3173, 55.50, 252, 68.48, 4, 2453
5718, 3174, 55.51, 252, 68.48, 4, 2453
5719, 3175, 55.52, 252, 68.48, 4, 2453
5720, 3175, 55.51, 252, 68.48, 4, 2454
5721, 3176, 55.51, 252, 68.48, 4, 2454
5722, 3177, 55.52, 252, 68.48, 4, 2454
5723, 3177, 55.51, 252, 68.48, 4, 2455
5724, 3177, 55.50, 252, 68.48, 4, 2456
5725, 3177, 55.49, 252, 68.48, 4, 2457
5726, 3177, 55.48, 252, 68.48, 4, 2458
5727, 3178, 55.49, 252, 68.48, 4, 2458
5728, 3178, 55.48, 252, 68.48, 4, 2459
5729, 3179, 55.49, 252, 68.48, 4, 2459
5730, 3180, 55.50, 252, 68.48, 4, 2459
5731, 3181, 55.51, 252, 68.48, 4, 2459
5732, 3182, 55.51, 252, 68.48, 4, 2459
5733, 3183, 55.52, 252, 68.48, 4, 2459
5734, 3183, 55.51, 252, 68.48, 4, 2460
5735, 3183, 55.50, 252, 68.48, 4, 2461
5736, 3184, 55.51, 252, 68.48, 4, 2461
5737, 3184, 55.50, 252, 68.48, 4, 2462
5738, 3184, 55.49, 252, 68.48, 4, 2463
5739, 3184, 55.48, 252, 68.48, 4, 2464
5740, 3184, 55.47, 252, 68.48, 4, 2464
5741, 3184, 55.46, 252, 68.48, 4, 2465
5742, 3184, 55.45, 252, 68.48, 4, 2466
5743, 3185, 55.46, 252, 68.48, 4, 2466
5744, 3186, 55.47, 252, 68.48, 4, 2466
5745, 3187, 55.47, 252, 68.48, 4, 2466
5746, 3187, 55.46, 252, 68.48, 4, 2467
5747, 3187, 55.46, 252, 68.48, 4, 2468
5748, 3187, 55.45, 252, 68.48, 4, 2469
5749, 3187, 55.44, 252, 68.48, 4, 2470
5750, 3187, 55.43, 252, 68.48, 4, 2471
5751, 3187, 55.42, 252, 68.48, 4, 2472
5752, 3187, 55.41, 252, 68.48, 4, 2473
5753, 3188, 55.41, 252, 68.48, 4, 2473
5754, 3188, 55.40, 252, 68.48, 4, 2474
5755, 3189, 55.41, 252, 68.48, 4, 2474
5756, 3190, 55.42, 252, 68.48, 4, 2474
5757, 3190, 55.41, 252, 68.48, 4, 2475
5758, 3191, 55.42, 252, 68.48, 4, 2475
5759, 3192, 55.43, 252, 68.48, 4, 2475
5760, 3192, 55.42, 252, 68.48, 4, 2476
5761, 3193, 55.42, 252, 68.48, 4, 2476
5762, 3194, 55.43, 252, 68.48, 4, 2476
5763, 3195, 55.44, 252, 68.48, 4, 2476
5764, 3196, 55.45, 252, 68.48, 4, 2476
5765, 3197, 55.46, 252, 68.48, 4, 2476
5766, 3198, 55.46, 252, 68.48, 4, 2476
5767, 3199, 55.47, 252, 68.48, 4, 2476
5768, 3200, 55.48, 252, 68.48, 4, 2476
5769, 3200, 55.47, 252, 68.48, 4, 2477
5770, 3201, 55.48, 252, 68.48, 4, 2477
5771, 3201, 55.47, 252, 68.48, 4, 2478
5772, 3202, 55.47, 252, 68.48, 4, 2478
5773, 3203, 55.48, 252, 68.48, 4, 2478
5774, 3203, 55.47, 252, 68.48, 4, 2479
5775, 3203, 55.46, 252, 68.48, 4, 2480
5776, 3204, 55.47, 252, 68.48, 4, 2480
5777, 3204, 55.46, 252, 68.48, 4, 2481
5778, 3204, 55.45, 252, 68.48, 4, 2482
5779, 3205, 55.46, 252, 68.48, 4, 2482
5780, 3206, 55.47, 252, 68.48, 4, 2482
5781, 3206, 55.46, 252, 68.48, 4, 2483
5782, 3207, 55.47, 252, 68.48, 4, 2483
5783, 3207, 55.46, 252, 68.48, 4, 2484
5784, 3207, 55.45, 252, 68.48, 4, 2485
5785, 3207, 55.44, 252, 68.48, 4, 2486
5786, 3208, 55.44, 252, 68.48, 4, 2486
5787, 3208, 55.43, 252, 68.48, 4, 2487
5788, 3208, 55.43, 252, 68.48, 4, 2488
5789, 3209, 55.43, 252, 68.48, 4, 2488
5790, 3210, 55.44, 252, 68.48, 4, 2488
5791, 3210, 55.43, 252, 68.48, 4, 2489
5792, 3211, 55.44, 252, 68.48, 4, 2489
5793, 3211, 55.43, 252, 68.48, 4, 2490
5794, 3212, 55.44, 252, 68.48, 4, 2490
5795, 3212, 55.43, 252, 68.48, 4, 2491
5796, 3213, 55.43, 252, 68.48, 4, 2491
5797, 3213, 55.43, 252, 68.48, 4, 2492
5798, 3214, 55.43, 252, 68.48, 4, 2492
5799, 3214, 55.42, 252, 68.48, 4, 2493
5800, 3214, 55.41, 252, 68.48, 4, 2494
5801, 3214, 55.40, 252, 68.48, 4, 2495
5802, 3215, 55.41, 252, 68.48, 4, 2495
5803, 3216, 55.42, 252, 68.48, 4, 2495
5804, 3216, 55.41, 252, 68.48, 4, 2496
5805, 3217, 55.42, 252, 68.48, 4, 2496
5806, 3218, 55.43, 252, 68.48, 4, 2496
5807, 3219, 55.43, 252, 68.48, 4, 2496
5808, 3220, 55.44, 252, 68.48, 4, 2496
5809, 3221, 55.45, 252, 68.48, 4, 2496
5810, 3221, 55.44, 252, 68.48, 4, 2497
5811, 3221, 55.43, 252, 68.48, 4, 2498
5812, 3222, 55.44, 252, 68.48, 4, 2498
5813, 3223, 55.44, 252, 68.48, 4, 2498
5814, 3223, 55.44, 252, 68.48, 4, 2499
5815, 3224, 55.44, 252, 68.48, 4, 2499
5816, 3224, 55.43, 252, 68.48, 4, 2500
5817, 3225, 55.44, 252, 68.48, 4, 2500
5818, 3226, 55.45, 252, 68.48, 4, 2500
5819, 3226, 55.44, 252, 68.48, 4, 2501
5820, 3226, 55.43, 252, 68.48, 4, 2502
5821, 3226, 55.42, 252, 68.48, 4, 2503
5822, 3227, 55.43, 252, 68.48, 4, 2503
5823, 3227, 55.42, 252, 68.48, 4, 2504
5824, 3228, 55.43, 252, 68.48, 4, 2504
5825, 3228, 55.42, 252, 68.48, 4, 2505
5826, 3229, 55.42, 252, 68.48, 4, 2505
5827, 3229, 55.41, 252, 68.48, 4, 2506
5828, 3229, 55.40, 252, 68.48, 4, 2507
5829, 3229, 55.40, 252, 68.48, 4, 2508
5830, 3230, 55.40, 252, 68.48, 4, 2508
5831, 3231, 55.41, 252, 68.48, 4, 2508
5832, 3231, 55.40, 252, 68.48, 4, 2509
5833, 3231, 55.39, 252, 68.48, 4, 2510
5834, 3231, 55.38, 252, 68.48, 4, 2511
5835, 3231, 55.37, 252, 68.48, 4, 2512
5836, 3232, 55.38, 252, 68.48, 4, 2512
5837, 3232, 55.37, 252, 68.48, 4, 2513
5838, 3233, 55.38, 252, 68.48, 4, 2513
5839, 3234, 55.39, 252, 68.48, 4, 2513
5840, 3235, 55.39, 252, 68.48, 4, 2513
5841, 3235, 55.38, 252, 68.48, 4, 2514
5842, 3236, 55.39, 252, 68.48, 4, 2514
5843, 3237, 55.40, 252, 68.48, 4, 2514
5844, 3238, 55.41, 252, 68.48, 4, 2514
5845, 3239, 55.41, 252, 68.48, 4, 2514
5846, 3240, 55.42, 252, 68.48, 4, 2514
5847, 3241, 55.43, 252, 68.48, 4, 2514
5848, 3241, 55.42, 252, 68.48, 4, 2515
5849, 3242, 55.43, 252, 68.48, 4, 2515
5850, 3243, 55.44, 252, 68.48, 4, 2515
5851, 3243, 55.43, 252, 68.48, 4, 2516
5852, 3244, 55.43, 252, 68.48, 4, 2516
5853, 3245, 55.44, 252, 68.48, 4, 2516
5854, 3246, 55.45, 252, 68.48, 4, 2516
5855, 3246, 55.44, 252, 68.48, 4, 2517
5856, 3246, 55.43, 252, 68.48, 4, 2518
5857, 3246, 55.42, 252, 68.48, 4, 2519
5858, 3247, 55.43, 252, 68.48, 4, 2519
5859, 3247, 55.42, 252, 68.48, 4, 2520
5860, 3247, 55.41, 252, 68.48, 4, 2521
5861, 3247, 55.40, 252, 68.48, 4, 2522
5862, 3248, 55.41, 252, 68.48, 4, 2522
5863, 3248, 55.40, 252, 68.48, 4, 2523
5864, 3248, 55.39, 252, 68.48, 4, 2524
5865, 3248, 55.38, 252, 68.48, 4, 2525
5866, 3249, 55.39, 252, 68.48, 4, 2525
5867, 3249, 55.38, 252, 68.48, 4, 2526
5868, 3249, 55.37, 252, 68.48, 4, 2527
5869, 3249, 55.36, 252, 68.48, 4, 2528
5870, 3250, 55.37, 252, 68.48, 4, 2528
5871, 3250, 55.36, 252, 68.48, 4, 2529
5872, 3250, 55.35, 252, 68.48, 4, 2530
5873, 3251, 55.36, 252, 68.48, 4, 2530
5874, 3252, 55.36, 252, 68.48, 4, 2530
5875, 3253, 55.37, 252, 68.48, 4, 2530
5876, 3254, 55.38, 252, 68.48, 4, 2530
5877, 3255, 55.39, 252, 68.48, 4, 2530
5878, 3255, 55.38, 252, 68.48, 4, 2531
5879, 3255, 55.37, 252, 68.48, 4, 2532
5880, 3255, 55.36, 252, 68.48, 4, 2533
5881, 3255, 55.35, 252, 68.48, 4, 2534
5882, 3256, 55.36, 252, 68.48, 4, 2534
5883, 3256, 55.35, 252, 68.48, 4, 2535
5884, 3256, 55.34, 252, 68.48, 4, 2535
5885, 3256, 55.33, 252, 68.48, 4, 2536
5886, 3257, 55.33, 252, 68.48, 4, 2536
5887, 3258, 55.34, 252, 68.48, 4, 2536
5888, 3258, 55.33, 252, 68.48, 4, 2537
5889, 3259, 55.34, 252, 68.48, 4, 2537
5890, 3260, 55.35, 252, 68.48, 4, 2537
5891, 3261, 55.36, 252, 68.48, 4, 2537
5892, 3261, 55.35, 252, 68.48, 4, 2538
5893, 3262, 55.35, 252, 68.48, 4, 2538
5894, 3262, 55.34, 252, 68.48, 4, 2539
5895, 3263, 55.35, 252, 68.48, 4, 2539
5896, 3263, 55.34, 252, 68.48, 4, 2540
5897, 3264, 55.35, 252, 68.48, 4, 2540
5898, 3264, 55.34, 252, 68.48, 4, 2541
5899, 3264, 55.33, 252, 68.48, 4, 2542
5900, 3265, 55.34, 252, 68.48, 4, 2542
5901, 3266, 55.35, 252, 68.48, 4, 2542
5902, 3267, 55.35, 252, 68.48, 4, 2542
5903, 3267, 55.34, 252, 68.48, 4, 2543
5904, 3267, 55.34, 252, 68.48, 4, 2544
5905, 3268, 55.34, 252, 68.48, 4, 2544
5906, 3268, 55.33, 252, 68.48, 4, 2545
5907, 3269, 55.34, 252, 68.48, 4, 2545
5908, 3269, 55.33, 252, 68.48, 4, 2546
5909, 3270, 55.34, 252, 68.48, 4, 2546
5910, 3270, 55.33, 252, 68.48, 4, 2547
5911, 3271, 55.34, 252, 68.48, 4, 2547
5912, 3272, 55.35, 252, 68.48, 4, 2547
5913, 3273, 55.35, 252, 68.48, 4, 2547
5914, 3273, 55.34, 252, 68.48, 4, 2548
5915, 3273, 55.33, 252, 68.48, 4, 2549
5916, 3273, 55.32, 252, 68.48, 4, 2550
5917, 3273, 55.32, 252, 68.48, 4, 2551
5918, 3274, 55.32, 252, 68.48, 4, 2551
5919, 3274, 55.31, 252, 68.48, 4, 2552
5920, 3274, 55.30, 252, 68.48, 4, 2553
5921, 3274, 55.29, 252, 68.48, 4, 2554
5922, 3274, 55.29, 252, 68.48, 4, 2555
5923, 3274, 55.28, 252, 68.48, 4, 2556
5924, 3275, 55.28, 252, 68.48, 4, 2556
5925, 3275, 55.27, 252, 68.48, 4, 2557
5926, 3276, 55.28, 252, 68.48, 4, 2557
5927, 3276, 55.27, 252, 68.48, 4, 2558
5928, 3277, 55.28, 252, 68.48, 4, 2558
5929, 3278, 55.29, 252, 68.48, 4, 2558
5930, 3278, 55.28, 252, 68.48, 4, 2559
5931, 3278, 55.27, 252, 68.48, 4, 2560
5932, 3278, 55.26, 252, 68.48, 4, 2561
5933, 3279, 55.27, 252, 68.48, 4, 2561
5934, 3279, 55.26, 252, 68.48, 4, 2562
5935, 3279, 55.25, 252, 68.48, 4, 2563
5936, 3280, 55.26, 252, 68.48, 4, 2563
5937, 3281, 55.26, 252, 68.48, 4, 2563
5938, 3282, 55.27, 252, 68.48, 4, 2563
5939, 3282, 55.26, 252, 68.48, 4, 2564
5940, 3283, 55.27, 252, 68.48, 4, 2564
5941, 3283, 55.26, 252, 68.48, 4, 2565
5942, 3284, 55.27, 252, 68.48, 4, 2565
5943, 3284, 55.26, 252, 68.48, 4, 2566
5944, 3285, 55.27, 252, 68.48, 4, 2566
5945, 3285, 55.26, 252, 68.48, 4, 2567
5946, 3286, 55.26, 252, 68.48, 4, 2567
5947, 3287, 55.27, 252, 68.48, 4, 2567
5948, 3287, 55.26, 252, 68.48, 4, 2568
5949, 3288, 55.27, 252, 68.48, 4, 2568
5950, 3289, 55.28, 252, 68.48, 4, 2568
5951, 3290, 55.28, 252, 68.48, 4, 2568
5952, 3291, 55.29, 252, 68.48, 4, 2568
5953, 3292, 55.30, 252, 68.48, 4, 2568
5954, 3292, 55.29, 252, 68.48, 4, 2569
5955, 3292, 55.28, 252, 68.48, 4, 2570
5956, 3292, 55.27, 252, 68.48, 4, 2571
5957, 3292, 55.26, 252, 68.48, 4, 2572
5958, 3293, 55.27, 252, 68.48, 4, 2572
5959, 3294, 55.28, 252, 68.48, 4, 2572
5960, 3295, 55.29, 252, 68.48, 4, 2572
5961, 3296, 55.29, 252, 68.48, 4, 2572
5962, 3297, 55.30, 252, 68.48, 4, 2572
5963, 3298, 55.31, 252, 68.48, 4, 2572
5964, 3298, 55.30, 252, 68.48, 4, 2573
5965, 3299, 55.31, 252, 68.48, 4, 2573
5966, 3300, 55.31, 252, 68.48, 4, 2573
5967, 3301, 55.32, 252, 68.48, 4, 2573
5968, 3302, 55.33, 252, 68.48, 4, 2573
5969, 3303, 55.34, 252, 68.48, 4, 2573
5970, 3304, 55.34, 252, 68.48, 4, 2573
5971, 3304, 55.33, 252, 68.48, 4, 2574
5972, 3304, 55.32, 252, 68.48, 4, 2575
5973, 3305, 55.33, 252, 68.48, 4, 2575
5974, 3306, 55.34, 252, 68.48, 4, 2575
5975, 3306, 55.33, 252, 68.48, 4, 2576
5976, 3307, 55.34, 252, 68.48, 4, 2576
5977, 3308, 55.35, 252, 68.48, 4, 2576
5978, 3308, 55.34, 252, 68.48, 4, 2577
5979, 3309, 55.34, 252, 68.48, 4, 2577
5980, 3310, 55.35, 252, 68.48, 4, 2577
5981, 3310, 55.34, 252, 68.48, 4, 2578
5982, 3310, 55.33, 252, 68.48, 4, 2579
5983, 3310, 55.32, 252, 68.48, 4, 2580
5984, 3311, 55.33, 252, 68.48, 4, 2580
5985, 3312, 55.34, 252, 68.48, 4, 2580
5986, 3313, 55.35, 252, 68.48, 4, 2580
5987, 3313, 55.34, 252, 68.48, 4, 2581
5988, 3314, 55.34, 252, 68.48, 4, 2581
5989, 3314, 55.33, 252, 68.48, 4, 2582
5990, 3314, 55.33, 252, 68.48, 4, 2583
5991, 3314, 55.32, 252, 68.48, 4, 2584
5992, 3314, 55.31, 252, 68.48, 4, 2585
5993, 3315, 55.31, 252, 68.48, 4, 2585
5994, 3315, 55.31, 252, 68.48, 4, 2586
5995, 3316, 55.31, 252, 68.48, 4, 2586
5996, 3317, 55.32, 252, 68.48, 4, 2586
5997, 3318, 55.33, 252, 68.48, 4, 2586
5998, 3318, 55.32, 252, 68.48, 4, 2587
5999, 3318, 55.31, 252, 68.48, 4, 2588
6000, 3319, 55.32, 252, 68.48, 4, 2588
6001, 3319, 55.31, 252, 68.48, 4, 2589
6002, 3320, 55.31, 252, 68.48, 4, 2589
6003, 3320, 55.31, 252, 68.48, 4, 2590
6004, 3320, 55.30, 252, 68.48, 4, 2591
6005, 3321, 55.30, 252, 68.48, 4, 2591
6006, 3321, 55.29, 252, 68.48, 4, 2592
6007, 3322, 55.30, 252, 68.48, 4, 2592
6008, 3323, 55.31, 252, 68.48, 4, 2592
6009, 3323, 55.30, 252, 68.48, 4, 2593
6010, 3323, 55.29, 252, 68.48, 4, 2594
6011, 3324, 55.30, 252, 68.48, 4, 2594
6012, 3324, 55.29, 252, 68.48, 4, 2595
6013, 3324, 55.28, 252, 68.48, 4, 2596
6014, 3324, 55.27, 252, 68.48, 4, 2597
6015, 3325, 55.28, 252, 68.48, 4, 2597
6016, 3326, 55.29, 252, 68.48, 4, 2597
6017, 3326, 55.28, 252, 68.48, 4, 2598
6018, 3327, 55.28, 252, 68.48, 4, 2598
6019, 3328, 55.29, 252, 68.48, 4, 2598
6020, 3329, 55.30, 252, 68.48, 4, 2598
6021, 3330, 55.31, 252, 68.48, 4, 2598
6022, 3331, 55.31, 252, 68.48, 4, 2598
6023, 3332, 55.32, 252, 68.48, 4, 2598
6024, 3333, 55.33, 252, 68.48, 4, 2598
6025, 3333, 55.32, 252, 68.48, 4, 2599
6026, 3333, 55.31, 252, 68.48, 4, 2600
6027, 3334, 55.32, 252, 68.48, 4, 2600
6028, 3334, 55.31, 252, 68.48, 4, 2601
6029, 3334, 55.30, 252, 68.48, 4, 2602
6030, 3335, 55.31, 252, 68.48, 4, 2602
6031, 3336, 55.31, 252, 68.48, 4, 2602
6032, 3336, 55.31, 252, 68.48, 4, 2603
6033, 3336, 55.30, 252, 68.48, 4, 2604
6034, 3337, 55.30, 252, 68.48, 4, 2604
6035, 3337, 55.29, 252, 68.48, 4, 2605
6036, 3337, 55.28, 252, 68.48, 4, 2606
6037, 3337, 55.28, 252, 68.48, 4, 2607
6038, 3337, 55.27, 252, 68.48, 4, 2608
6039, 3338, 55.27, 252, 68.48, 4, 2608
6040, 3339, 55.28, 252, 68.48, 4, 2608
6041, 3339, 55.27, 252, 68.48, 4, 2609
6042, 3340, 55.28, 252, 68.48, 4, 2609
6043, 3341, 55.29, 252, 68.48, 4, 2609
6044, 3342, 55.29, 252, 68.48, 4, 2609
6045, 3343, 55.30, 252, 68.48, 4, 2609
6046, 3343, 55.29, 252, 68.48, 4, 2610
6047, 3343, 55.28, 252, 68.48, 4, 2611
6048, 3343, 55.27, 252, 68.48, 4, 2612
6049, 3344, 55.28, 252, 68.48, 4, 2612
6050, 3344, 55.27, 252, 68.48, 4, 2613
6051, 3344, 55.26, 252, 68.48, 4, 2614
6052, 3344, 55.25, 252, 68.48, 4, 2615
6053, 3345, 55.26, 252, 68.48, 4, 2615
6054, 3345, 55.25, 252, 68.48, 4, 2616
6055, 3346, 55.26, 252, 68.48, 4, 2616
6056, 3347, 55.27, 252, 68.48, 4, 2616
6057, 3348, 55.27, 252, 68.48, 4, 2616
6058, 3348, 55.27, 252, 68.48, 4, 2617
6059, 3349, 55.27, 252, 68.48, 4, 2617
6060, 3350, 55.28, 252, 68.48, 4, 2617
6061, 3350, 55.27, 252, 68.48, 4, 2618
6062, 3350, 55.26, 252, 68.48, 4, 2619
6063, 3350, 55.25, 252, 68.48, 4, 2620
6064, 3351, 55.26, 252, 68.48, 4, 2620
6065, 3352, 55.27, 252, 68.48, 4, 2620
6066, 3353, 55.28, 252, 68.48, 4, 2620
6067, 3354, 55.28, 252, 68.48, 4, 2620
6068, 3354, 55.27, 252, 68.48, 4, 2621
6069, 3354, 55.26, 252, 68.48, 4, 2622
6070, 3354, 55.26, 252, 68.48, 4, 2623
6071, 3354, 55.25, 252, 68.48, 4, 2624
6072, 3355, 55.25, 252, 68.48, 4, 2624
6073, 3355, 55.24, 252, 68.48, 4, 2625
6074, 3355, 55.24, 252, 68.48, 4, 2626
6075, 3355, 55.23, 252, 68.48, 4, 2627
6076, 3356, 55.23, 252, 68.48, 4, 2627
6077, 3356, 55.22, 252, 68.48, 4, 2628
6078, 3357, 55.23, 252, 68.48, 4, 2628
6079, 3358, 55.24, 252, 68.48, 4, 2628
6080, 3358, 55.23, 252, 68.48, 4, 2629
6081, 3358, 55.22, 252, 68.48, 4, 2630
6082, 3359, 55.23, 252, 68.48, 4, 2630
6083, 3359, 55.22, 252, 68.48, 4, 2631
6084, 3359, 55.21, 252, 68.48, 4, 2632
6085, 3359, 55.20, 252, 68.48, 4, 2633
6086, 3359, 55.19, 252, 68.48, 4, 2634
6087, 3360, 55.20, 252, 68.48, 4, 2634
6088, 3361, 55.21, 252, 68.48, 4, 2634
6089, 3361, 55.20, 252, 68.48, 4, 2635
6090, 3362, 55.21, 252, 68.48, 4, 2635
6091, 3362, 55.20, 252, 68.48, 4, 2636
6092, 3362, 55.19, 252, 68.48, 4, 2637
6093, 3362, 55.18, 252, 68.48, 4, 2638
6094, 3363, 55.19, 252, 68.48, 4, 2638
6095, 3364, 55.19, 252, 68.48, 4, 2638
6096, 3364, 55.18, 252, 68.48, 4, 2639
6097, 3365, 55.19, 252, 68.48, 4, 2639
6098, 3365, 55.18, 252, 68.48, 4, 2640
6099, 3365, 55.17, 252, 68.48, 4, 2641
6100, 3366, 55.18, 252, 68.48, 4, 2641
6101, 3367, 55.19, 252, 68.48, 4, 2641
6102, 3367, 55.18, 252, 68.48, 4, 2642
6103, 3367, 55.17, 252, 68.48, 4, 2643
6104, 3368, 55.18, 252, 68.48, 4, 2643
6105, 3369, 55.18, 252, 68.48, 4, 2643
6106, 3369, 55.18, 252, 68.48, 4, 2644
6107, 3370, 55.18, 252, 68.48, 4, 2644
6108, 3370, 55.17, 252, 68.48, 4, 2645
6109, 3370, 55.16, 252, 68.48, 4, 2646
6110, 3370, 55.16, 252, 68.48, 4, 2647
6111, 3371, 55.16, 252, 68.48, 4, 2647
6112, 3371, 55.15, 252, 68.48, 4, 2648
6113, 3371, 55.14, 252, 68.48, 4, 2649
6114, 3372, 55.15, 252, 68.48, 4, 2649
6115, 3373, 55.16, 252, 68.48, 4, 2649
6116, 3374, 55.17, 252, 68.48, 4, 2649
6117, 3375, 55.17, 252, 68.48, 4, 2649
6118, 3376, 55.18, 252, 68.48, 4, 2649
6119, 3376, 55.17, 252, 68.48, 4, 2650
6120, 3376, 55.16, 252, 68.48, 4, 2651
6121, 3377, 55.17, 252, 68.48, 4, 2651
6122, 3377, 55.16, 252, 68.48, 4, 2652
6123, 3378, 55.17, 252, 68.48, 4, 2652
6124, 3379, 55.18, 252, 68.48, 4, 2652
6125, 3380, 55.18, 252, 68.48, 4, 2652
6126, 3381, 55.19, 252, 68.48, 4, 2652
6127, 3381, 55.18, 252, 68.48, 4, 2653
6128, 3382, 55.19, 252, 68.48, 4, 2653
6129, 3383, 55.20, 252, 68.48, 4, 2653
6130, 3384, 55.20, 252, 68.48, 4, 2653
6131, 3384, 55.19, 252, 68.48, 4, 2654
6132, 3385, 55.20, 252, 68.48, 4, 2654
6133, 3386, 55.21, 252, 68.48, 4, 2654
6134, 3386, 55.20, 252, 68.48, 4, 2655
6135, 3386, 55.19, 252, 68.48, 4, 2656
6136, 3386, 55.18, 252, 68.48, 4, 2657
6137, 3387, 55.19, 252, 68.48, 4, 2657
6138, 3388, 55.20, 252, 68.48, 4, 2657
6139, 3389, 55.20, 252, 68.48, 4, 2657
6140, 3389, 55.20, 252, 68.48, 4, 2658
6141, 3389, 55.19, 252, 68.48, 4, 2659
6142, 3390, 55.19, 252, 68.48, 4, 2659
6143, 3390, 55.18, 252, 68.48, 4, 2660
6144, 3391, 55.19, 252, 68.48, 4, 2660
6145, 3392, 55.20, 252, 68.48, 4, 2660
6146, 3393, 55.21, 252, 68.48, 4, 2660
6147, 3393, 55.20, 252, 68.48, 4, 2661
6148, 3393, 55.19, 252, 68.48, 4, 2662
6149, 3393, 55.18, 252, 68.48, 4, 2663
6150, 3394, 55.19, 252, 68.48, 4, 2663
6151, 3395, 55.19, 252, 68.48, 4, 2663
6152, 3396, 55.20, 252, 68.48, 4, 2663
6153, 3396, 55.19, 252, 68.48, 4, 2664
6154, 3397, 55.20, 252, 68.48, 4, 2664
6155, 3398, 55.21, 252, 68.48, 4, 2664
6156, 3398, 55.20, 252, 68.48, 4, 2665
6157, 3398, 55.19, 252, 68.48, 4, 2666
6158, 3399, 55.20, 252, 68.48, 4, 2666
6159, 3400, 55.20, 252, 68.48, 4, 2666
6160, 3401, 55.21, 252, 68.48, 4, 2666
6161, 3401, 55.20, 252, 68.48, 4, 2667
6162, 3401, 55.19, 252, 68.48, 4, 2668
6163, 3402, 55.20, 252, 68.48, 4, 2668
6164, 3402, 55.19, 252, 68.48, 4, 2669
6165, 3403, 55.20, 252, 68.48, 4, 2669
6166, 3404, 55.21, 252, 68.48, 4, 2669
6167, 3404, 55.20, 252, 68.48, 4, 2670
6168, 3405, 55.20, 252, 68.48, 4, 2670
6169, 3406, 55.21, 252, 68.48, 4, 2670
6170, 3406, 55.20, 252, 68.48, 4, 2671
6171, 3406, 55.19, 252, 68.48, 4, 2672
6172, 3406, 55.18, 252, 68.48, 4, 2673
6173, 3407, 55.19, 252, 68.48, 4, 2673
6174, 3408, 55.20, 252, 68.48, 4, 2673
6175, 3408, 55.19, 252, 68.48, 4, 2674
6176, 3409, 55.20, 252, 68.48, 4, 2674
6177, 3410, 55.20, 252, 68.48, 4, 2674
6178, 3411, 55.21, 252, 68.48, 4, 2674
6179, 3412, 55.22, 252, 68.48, 4, 2674
6180, 3413, 55.23, 252, 68.48, 4, 2674
6181, 3414, 55.23, 252, 68.48, 4, 2674
6182, 3414, 55.22, 252, 68.48, 4, 2675
6183, 3415, 55.23, 252, 68.48, 4, 2675
6184, 3416, 55.24, 252, 68.48, 4, 2675
6185, 3417, 55.25, 252, 68.48, 4, 2675
6186, 3418, 55.25, 252, 68.48, 4, 2675
6187, 3419, 55.26, 252, 68.48, 4, 2675
6188, 3420, 55.27, 252, 68.48, 4, 2675
6189, 3420, 55.26, 252, 68.48, 4, 2676
6190, 3420, 55.25, 252, 68.48, 4, 2677
6191, 3421, 55.26, 252, 68.48, 4, 2677
6192, 3421, 55.25, 252, 68.48, 4, 2678
6193, 3421, 55.24, 252, 68.48, 4, 2679
6194, 3421, 55.23, 252, 68.48, 4, 2680
6195, 3421, 55.22, 252, 68.48, 4, 2681
6196, 3422, 55.23, 252, 68.48, 4, 2681
6197, 3422, 55.22, 252, 68.48, 4, 2682
6198, 3423, 55.23, 252, 68.48, 4, 2682
6199, 3423, 55.22, 252, 68.48, 4, 2683
6200, 3424, 55.23, 252, 68.48, 4, 2683
6201, 3425, 55.23, 252, 68.48, 4, 2683
6202, 3426, 55.24, 252, 68.48, 4, 2683
6203, 3426, 55.23, 252, 68.48, 4, 2684
6204, 3427, 55.24, 252, 68.48, 4, 2684
6205, 3428, 55.25, 252, 68.48, 4, 2684
6206, 3429, 55.25, 252, 68.48, 4, 2684
6207, 3429, 55.24, 252, 68.48, 4, 2685
6208, 3429, 55.24, 252, 68.48, 4, 2686
6209, 3430, 55.24, 252, 68.48, 4, 2686
6210, 3431, 55.25, 252, 68.48, 4, 2686
6211, 3431, 55.24, 252, 68.48, 4, 2687
6212, 3431, 55.23, 252, 68.48, 4, 2688
6213, 3432, 55.24, 252, 68.48, 4, 2688
6214, 3432, 55.23, 252, 68.48, 4, 2689
6215, 3432, 55.22, 252, 68.48, 4, 2690
6216, 3433, 55.23, 252, 68.48, 4, 2690
6217, 3433, 55.22, 252, 68.48, 4, 2691
6218, 3433, 55.21, 252, 68.48, 4, 2692
6219, 3434, 55.22, 252, 68.48, 4, 2692
6220, 3435, 55.23, 252, 68.48, 4, 2692
6221, 3436, 55.23, 252, 68.48, 4, 2692
6222, 3437, 55.24, 252, 68.48, 4, 2692
6223, 3438, 55.25, 252, 68.48, 4, 2692
6224, 3439, 55.25, 252, 68.48, 4, 2692
6225, 3440, 55.26, 252, 68.48, 4, 2692
6226, 3441, 55.27, 252, 68.48, 4, 2692
6227, 3441, 55.26, 252, 68.48, 4, 2693
6228, 3442, 55.27, 252, 68.48, 4, 2693
6229, 3443, 55.27, 252, 68.48, 4, 2693
6230, 3444, 55.28, 252, 68.48, 4, 2693
6231, 3444, 55.27, 252, 68.48, 4, 2694
6232, 3444, 55.26, 252, 68.48, 4, 2695
6233, 3445, 55.27, 252, 68.48, 4, 2695
6234, 3446, 55.28, 252, 68.48, 4, 2695
6235, 3446, 55.27, 252, 68.48, 4, 2696
6236, 3447, 55.28, 252, 68.48, 4, 2696
6237, 3447, 55.27, 252, 68.48, 4, 2697
6238, 3447, 55.26, 252, 68.48, 4, 2698
6239, 3448, 55.27, 252, 68.48, 4, 2698
6240, 3449, 55.27, 252, 68.48, 4, 2698
6241, 3449, 55.26, 252, 68.48, 4, 2699
6242, 3449, 55.25, 252, 68.48, 4, 2700
6243, 3450, 55.26, 252, 68.48, 4, 2700
6244, 3451, 55.27, 252, 68.48, 4, 2700
6245, 3452, 55.28, 252, 68.48, 4, 2700
6246, 3452, 55.27, 252, 68.48, 4, 2701
6247, 3452, 55.26, 252, 68.48, 4, 2702
6248, 3452, 55.25, 252, 68.48, 4, 2703
6249, 3452, 55.24, 252, 68.48, 4, 2704
6250, 3452, 55.23, 252, 68.48, 4, 2705
6251, 3453, 55.24, 252, 68.48, 4, 2705
6252, 3454, 55.25, 252, 68.48, 4, 2705
6253, 3454, 55.24, 252, 68.48, 4, 2706
6254, 3454, 55.23, 252, 68.48, 4, 2707
6255, 3455, 55.24, 252, 68.48, 4, 2707
6256, 3455, 55.23, 252, 68.48, 4, 2708
6257, 3456, 55.23, 252, 68.48, 4, 2708
6258, 3456, 55.23, 252, 68.48, 4, 2709
6259, 3457, 55.23, 252, 68.48, 4, 2709
6260, 3457, 55.22, 252, 68.48, 4, 2710
6261, 3458, 55.23, 252, 68.48, 4, 2710
6262, 3459, 55.24, 252, 68.48, 4, 2710
6263, 3459, 55.23, 252, 68.48, 4, 2711
6264, 3459, 55.22, 252, 68.48, 4, 2712
6265, 3460, 55.23, 252, 68.48, 4, 2712
6266, 3461, 55.23, 252, 68.48, 4, 2712
6267, 3461, 55.23, 252, 68.48, 4, 2713
6268, 3462, 55.23, 252, 68.48, 4, 2713
6269, 3463, 55.24, 252, 68.48, 4, 2713
6270, 3464, 55.25, 252, 68.48, 4, 2713
6271, 3465, 55.25, 252, 68.48, 4, 2713
6272, 3466, 55.26, 252, 68.48, 4, 2713
6273, 3467, 55.27, 252, 68.48, 4, 2713
6274, 3468, 55.28, 252, 68.48, 4, 2713
6275, 3468, 55.27, 252, 68.48, 4, 2714
6276, 3469, 55.27, 252, 68.48, 4, 2714
6277, 3470, 55.28, 252, 68.48, 4, 2714
6278, 3470, 55.27, 252, 68.48, 4, 2715
6279, 3471, 55.28, 252, 68.48, 4, 2715
6280, 3472, 55.29, 252, 68.48, 4, 2715
6281, 3473, 55.29, 252, 68.48, 4, 2715
6282, 3474, 55.30, 252, 68.48, 4, 2715
6283, 3474, 55.29, 252, 68.48, 4, 2716
6284, 3474, 55.28, 252, 68.48, 4, 2717
6285, 3474, 55.27, 252, 68.48, 4, 2718
6286, 3474, 55.27, 252, 68.48, 4, 2719
6287, 3475, 55.27, 252, 68.48, 4, 2719
6288, 3476, 55.28, 252, 68.48, 4, 2719
6289, 3476, 55.27, 252, 68.48, 4, 2720
6290, 3476, 55.26, 252, 68.48, 4, 2721
6291, 3477, 55.27, 252, 68.48, 4, 2721
6292, 3477, 55.26, 252, 68.48, 4, 2722
6293, 3478, 55.27, 252, 68.48, 4, 2722
6294, 3479, 55.27, 252, 68.48, 4, 2722
6295, 3480, 55.28, 252, 68.48, 4, 2722
6296, 3481, 55.29, 252, 68.48, 4, 2722
6297, 3482, 55.30, 252, 68.48, 4, 2722
6298, 3482, 55.29, 252, 68.48, 4, 2723
6299, 3482, 55.28, 252, 68.48, 4, 2724
6300, 3482, 55.27, 252, 68.48, 4, 2725
6301, 3483, 55.28, 252, 68.48, 4, 2725
6302, 3483, 55.27, 252, 68.48, 4, 2726
6303, 3484, 55.28, 252, 68.48, 4, 2726
6304, 3485, 55.28, 252, 68.48, 4, 2726
6305, 3485, 55.27, 252, 68.48, 4, 2727
6306, 3486, 55.28, 252, 68.48, 4, 2727
6307, 3487, 55.29, 252, 68.48, 4, 2727
6308, 3487, 55.28, 252, 68.48, 4, 2728
6309, 3487, 55.27, 252, 68.48, 4, 2729
6310, 3488, 55.28, 252, 68.48, 4, 2729
6311, 3489, 55.28, 252, 68.48, 4, 2729
6312, 3490, 55.29, 252, 68.48, 4, 2729
6313, 3490, 55.28, 252, 68.48, 4, 2730
6314, 3490, 55.27, 252, 68.48, 4, 2731
6315, 3490, 55.27, 252, 68.48, 4, 2732
6316, 3491, 55.27, 252, 68.48, 4, 2732
6317, 3491, 55.26, 252, 68.48, 4, 2733
6318, 3492, 55.27, 252, 68.48, 4, 2733
6319, 3493, 55.28, 252, 68.48, 4, 2733
6320, 3494, 55.28, 252, 68.48, 4, 2733
6321, 3494, 55.28, 252, 68.48, 4, 2734
6322, 3494, 55.27, 252, 68.48, 4, 2735
6323, 3495, 55.27, 252, 68.48, 4, 2735
6324, 3496, 55.28, 252, 68.48, 4, 2735
6325, 3496, 55.27, 252, 68.48, 4, 2736
6326, 3497, 55.28, 252, 68.48, 4, 2736
6327, 3498, 55.29, 252, 68.48, 4, 2736
6328, 3499, 55.29, 252, 68.48, 4, 2736
6329, 3499, 55.29, 252, 68.48, 4, 2737
6330, 3499, 55.28, 252, 68.48, 4, 2738
6331, 3499, 55.27, 252, 68.48, 4, 2739
6332, 3499, 55.26, 252, 68.48, 4, 2740
6333, 3499, 55.25, 252, 68.48, 4, 2741
6334, 3499, 55.24, 252, 68.48, 4, 2742
6335, 3500, 55.25, 252, 68.48, 4, 2742
6336, 3501, 55.26, 252, 68.48, 4, 2742
6337, 3502, 55.26, 252, 68.48, 4, 2742
6338, 3503, 55.27, 252, 68.48, 4, 2742
6339, 3504, 55.28, 252, 68.48, 4, 2742
6340, 3504, 55.27, 252, 68.48, 4, 2743
6341, 3505, 55.28, 252, 68.48, 4, 2743
6342, 3506, 55.28, 252, 68.48, 4, 2743
6343, 3507, 55.29, 252, 68.48, 4, 2743
6344, 3507, 55.28, 252, 68.48, 4, 2744
6345, 3508, 55.29, 252, 68.48, 4, 2744
6346, 3509, 55.29, 252, 68.48, 4, 2744
6347, 3510, 55.30, 252, 68.48, 4, 2744
6348, 3511, 55.31, 252, 68.48, 4, 2744
6349, 3512, 55.32, 252, 68.48, 4, 2744
6350, 3512, 55.31, 252, 68.48, 4, 2745
6351, 3512, 55.30, 252, 68.48, 4, 2746
6352, 3512, 55.29, 252, 68.48, 4, 2747
6353, 3513, 55.30, 252, 68.48, 4, 2747
6354, 3513, 55.29, 252, 68.48, 4, 2748
6355, 3514, 55.30, 252, 68.48, 4, 2748
6356, 3515, 55.30, 252, 68.48, 4, 2748
6357, 3515, 55.29, 252, 68.48, 4, 2749
6358, 3515, 55.28, 252, 68.48, 4, 2750
6359, 3516, 55.29, 252, 68.48, 4, 2750
6360, 3517, 55.30, 252, 68.48, 4, 2750
6361, 3518, 55.31, 252, 68.48, 4, 2750
6362, 3519, 55.31, 252, 68.48, 4, 2750
6363, 3520, 55.32, 252, 68.48, 4, 2750
6364, 3521, 55.33, 252, 68.48, 4, 2750
6365, 3522, 55.33, 252, 68.48, 4, 2750
6366, 3522, 55.33, 252, 68.48, 4, 2751
6367, 3523, 55.33, 252, 68.48, 4, 2751
6368, 3523, 55.32, 252, 68.48, 4, 2752
6369, 3524, 55.33, 252, 68.48, 4, 2752
6370, 3525, 55.34, 252, 68.48, 4, 2752
6371, 3526, 55.34, 252, 68.48, 4, 2752
6372, 3526, 55.34, 252, 68.48, 4, 2753
6373, 3526, 55.33, 252, 68.48, 4, 2754
6374, 3527, 55.33, 252, 68.48, 4, 2754
6375, 3527, 55.33, 252, 68.48, 4, 2755
6376, 3528, 55.33, 252, 68.48, 4, 2755
6377, 3528, 55.32, 252, 68.48, 4, 2756
6378, 3528, 55.32, 252, 68.48, 4, 2757
6379, 3529, 55.32, 252, 68.48, 4, 2757
6380, 3530, 55.33, 252, 68.48, 4, 2757
6381, 3531, 55.34, 252, 68.48, 4, 2757
6382, 3531, 55.33, 252, 68.48, 4, 2758
6383, 3532, 55.33, 252, 68.48, 4, 2758
6384, 3532, 55.33, 252, 68.48, 4, 2759
6385, 3533, 55.33, 252, 68.48, 4, 2759
6386, 3533, 55.32, 252, 68.48, 4, 2760
6387, 3534, 55.33, 252, 68.48, 4, 2760
6388, 3535, 55.34, 252, 68.48, 4, 2760
6389, 3535, 55.33, 252, 68.48, 4, 2761
6390, 3536, 55.34, 252, 68.48, 4, 2761
6391, 3536, 55.33, 252, 68.48, 4, 2762
6392, 3537, 55.33, 252, 68.48, 4, 2762
6393, 3538, 55.34, 252, 68.48, 4, 2762
6394, 3538, 55.33, 252, 68.48, 4, 2763
6395, 3538, 55.32, 252, 68.48, 4, 2764
6396, 3538, 55.32, 252, 68.48, 4, 2765
6397, 3538, 55.31, 252, 68.48, 4, 2766
6398, 3538, 55.30, 252, 68.48, 4, 2767
6399, 3538, 55.29, 252, 68.48, 4, 2768
6400, 3538, 55.28, 252, 68.48, 4, 2769
6401, 3539, 55.29, 252, 68.48, 4, 2769
6402, 3540, 55.30, 252, 68.48, 4, 2769
6403, 3540, 55.29, 252, 68.48, 4, 2770
6404, 3541, 55.29, 252, 68.48, 4, 2770
6405, 3541, 55.28, 252, 68.48, 4, 2771
6406, 3542, 55.29, 252, 68.48, 4, 2771
6407, 3542, 55.28, 252, 68.48, 4, 2772
6408, 3543, 55.29, 252, 68.48, 4, 2772
6409, 3543, 55.28, 252, 68.48, 4, 2773
6410, 3544, 55.29, 252, 68.48, 4, 2773
6411, 3544, 55.28, 252, 68.48, 4, 2774
6412, 3545, 55.29, 252, 68.48, 4, 2774
6413, 3546, 55.29, 252, 68.48, 4, 2774
6414, 3547, 55.30, 252, 68.48, 4, 2774
6415, 3547, 55.29, 252, 68.48, 4, 2775
6416, 3547, 55.28, 252, 68.48, 4, 2776
6417, 3548, 55.29, 252, 68.48, 4, 2776
6418, 3549, 55.30, 252, 68.48, 4, 2776
6419, 3550, 55.30, 252, 68.48, 4, 2776
6420, 3551, 55.31, 252, 68.48, 4, 2776
6421, 3551, 55.30, 252, 68.48, 4, 2777
6422, 3552, 55.31, 252, 68.48, 4, 2777
6423, 3552, 55.30, 252, 68.48, 4, 2778
6424, 3553, 55.31, 252, 68.48, 4, 2778
6425, 3554, 55.32, 252, 68.48, 4, 2778
6426, 3554, 55.31, 252, 68.48, 4, 2779
6427, 3554, 55.30, 252, 68.48, 4, 2780
6428, 3555, 55.30, 252, 68.48, 4, 2780
6429, 3556, 55.31, 252, 68.48, 4, 2780
6430, 3556, 55.30, 252, 68.48, 4, 2781
6431, 3556, 55.29, 252, 68.48, 4, 2782
6432, 3556, 55.29, 252, 68.48, 4, 2783
6433, 3556, 55.28, 252, 68.48, 4, 2784
6434, 3556, 55.27, 252, 68.48, 4, 2785
6435, 3557, 55.28, 252, 68.48, 4, 2785
6436, 3558, 55.28, 252, 68.48, 4, 2785
6437, 3559, 55.29, 252, 68.48, 4, 2785
6438, 3560, 55.30, 252, 68.48, 4, 2785
6439, 3560, 55.29, 252, 68.48, 4, 2786
6440, 3560, 55.28, 252, 68.48, 4, 2787
6441, 3560, 55.27, 252, 68.48, 4, 2788
6442, 3561, 55.28, 252, 68.48, 4, 2788
6443, 3562, 55.28, 252, 68.48, 4, 2788
6444, 3562, 55.28, 252, 68.48, 4, 2789
6445, 3563, 55.28, 252, 68.48, 4, 2789
6446, 3563, 55.27, 252, 68.48, 4, 2790
6447, 3564, 55.28, 252, 68.48, 4, 2790
6448, 3565, 55.29, 252, 68.48, 4, 2790
6449, 3566, 55.30, 252, 68.48, 4, 2790
6450, 3567, 55.30, 252, 68.48, 4, 2790
6451, 3568, 55.31, 252, 68.48, 4, 2790
6452, 3569, 55.32, 252, 68.48, 4, 2790
6453, 3569, 55.31, 252, 68.48, 4, 2791
6454, 3569, 55.30, 252, 68.48, 4, 2792
6455, 3570, 55.31, 252, 68.48, 4, 2792
6456, 3570, 55.30, 252, 68.48, 4, 2793
6457, 3571, 55.30, 252, 68.48, 4, 2793
6458, 3572, 55.31, 252, 68.48, 4, 2793
6459, 3572, 55.30, 252, 68.48, 4, 2794
6460, 3572, 55.29, 252, 68.48, 4, 2795
6461, 3572, 55.29, 252, 68.48, 4, 2796
6462, 3573, 55.29, 252, 68.48, 4, 2796
6463, 3574, 55.30, 252, 68.48, 4, 2796
6464, 3575, 55.31, 252, 68.48, 4, 2796
6465, 3575, 55.30, 252, 68.48, 4, 2797
6466, 3576, 55.30, 252, 68.48, 4, 2797
6467, 3576, 55.30, 252, 68.48, 4, 2798
6468, 3576, 55.29, 252, 68.48, 4, 2799
6469, 3577, 55.29, 252, 68.48, 4, 2799
6470, 3577, 55.29, 252, 68.48, 4, 2800
6471, 3577, 55.28, 252, 68.48, 4, 2801
6472, 3577, 55.27, 252, 68.48, 4, 2802
6473, 3578, 55.28, 252, 68.48, 4, 2802
6474, 3578, 55.27, 252, 68.48, 4, 2803
6475, 3579, 55.27, 252, 68.48, 4, 2803
6476, 3580, 55.28, 252, 68.48, 4, 2803
6477, 3581, 55.29, 252, 68.48, 4, 2803
6478, 3582, 55.29, 252, 68.48, 4, 2803
6479, 3583, 55.30, 252, 68.48, 4, 2803
6480, 3583, 55.29, 252, 68.48, 4, 2804
6481, 3583, 55.28, 252, 68.48, 4, 2805
6482, 3583, 55.28, 252, 68.48, 4, 2806
6483, 3584, 55.28, 252, 68.48, 4, 2806
6484, 3584, 55.27, 252, 68.48, 4, 2807
6485, 3584, 55.27, 252, 68.48, 4, 2808
6486, 3584, 55.26, 252, 68.48, 4, 2808
6487, 3585, 55.26, 252, 68.48, 4, 2808
6488, 3585, 55.26, 252, 68.48, 4, 2809
6489, 3585, 55.25, 252, 68.48, 4, 2810
6490, 3586, 55.25, 252, 68.48, 4, 2810
6491, 3586, 55.25, 252, 68.48, 4, 2811
6492, 3587, 55.25, 252, 68.48, 4, 2811
6493, 3587, 55.24, 252, 68.48, 4, 2812
6494, 3588, 55.25, 252, 68.48, 4, 2812
6495, 3589, 55.26, 252, 68.48, 4, 2812
6496, 3589, 55.25, 252, 68.48, 4, 2813
6497, 3589, 55.24, 252, 68.48, 4, 2814
6498, 3589, 55.23, 252, 68.48, 4, 2815
6499, 3590, 55.24, 252, 68.48, 4, 2815
6500, 3591, 55.25, 252, 68.48, 4, 2815
6501, 3592, 55.25, 252, 68.48, 4, 2815
6502, 3593, 55.26, 252, 68.48, 4, 2815
6503, 3593, 55.25, 252, 68.48, 4, 2816
6504, 3593, 55.24, 252, 68.48, 4, 2817
6505, 3594, 55.25, 252, 68.48, 4, 2817
6506, 3594, 55.24, 252, 68.48, 4, 2818
6507, 3594, 55.23, 252, 68.48, 4, 2819
6508, 3594, 55.22, 252, 68.48, 4, 2820
6509, 3594, 55.22, 252, 68.48, 4, 2821
6510, 3595, 55.22, 252, 68.48, 4, 2821
6511, 3596, 55.23, 252, 68.48, 4, 2821
6512, 3597, 55.24, 252, 68.48, 4, 2821
6513, 3598, 55.24, 252, 68.48, 4, 2821
6514, 3599, 55.25, 252, 68.48, 4, 2821
6515, 3599, 55.24, 252, 68.48, 4, 2822
6516, 3599, 55.23, 252, 68.48, 4, 2823
6517, 3599, 55.22, 252, 68.48, 4, 2824
6518, 3600, 55.23, 252, 68.48, 4, 2824
6519, 3601, 55.24, 252, 68.48, 4, 2824
6520, 3602, 55.25, 252, 68.48, 4, 2824
6521, 3603, 55.25, 252, 68.48, 4, 2824
6522, 3604, 55.26, 252, 68.48, 4, 2824
6523, 3605, 55.27, 252, 68.48, 4, 2824
6524, 3606, 55.27, 252, 68.48, 4, 2824
6525, 3607, 55.28, 252, 68.48, 4, 2824
6526, 3607, 55.27, 252, 68.48, 4, 2825
6527, 3608, 55.28, 252, 68.48, 4, 2825
6528, 3609, 55.28, 252, 68.48, 4, 2825
6529, 3610, 55.29, 252, 68.48, 4, 2825
6530, 3610, 55.28, 252, 68.48, 4, 2826
6531, 3611, 55.29, 252, 68.48, 4, 2826
6532, 3612, 55.30, 252, 68.48, 4, 2826
6533, 3612, 55.29, 252, 68.48, 4, 2827
6534, 3612, 55.28, 252, 68.48, 4, 2828
6535, 3613, 55.29, 252, 68.48, 4, 2828
6536, 3613, 55.28, 252, 68.48, 4, 2829
6537, 3613, 55.27, 252, 68.48, 4, 2830
6538, 3613, 55.26, 252, 68.48, 4, 2831
6539, 3614, 55.27, 252, 68.48, 4, 2831
6540, 3615, 55.28, 252, 68.48, 4, 2831
6541, 3615, 55.27, 252, 68.48, 4, 2832
6542, 3616, 55.27, 252, 68.48, 4, 2832
6543, 3616, 55.27, 252, 68.48, 4, 2833
6544, 3616, 55.26, 252, 68.48, 4, 2834
6545, 3617, 55.26, 252, 68.48, 4, 2834
6546, 3617, 55.26, 252, 68.48, 4, 2835
6547, 3618, 55.26, 252, 68.48, 4, 2835
6548, 3618, 55.25, 252, 68.48, 4, 2836
6549, 3619, 55.26, 252, 68.48, 4, 2836
6550, 3620, 55.27, 252, 68.48, 4, 2836
6551, 3620, 55.26, 252, 68.48, 4, 2837
6552, 3621, 55.27, 252, 68.48, 4, 2837
6553, 3622, 55.27, 252, 68.48, 4, 2837
6554, 3622, 55.26, 252, 68.48, 4, 2838
6555, 3622, 55.26, 252, 68.48, 4, 2839
6556, 3622, 55.25, 252, 68.48, 4, 2840
6557, 3622, 55.24, 252, 68.48, 4, 2841
6558, 3623, 55.25, 252, 68.48, 4, 2841
6559, 3623, 55.24, 252, 68.48, 4, 2842
6560, 3623, 55.23, 252, 68.48, 4, 2843
6561, 3623, 55.22, 252, 68.48, 4, 2844
6562, 3623, 55.21, 252, 68.48, 4, 2845
6563, 3623, 55.20, 252, 68.48, 4, 2846
6564, 3623, 55.20, 252, 68.48, 4, 2847
6565, 3624, 55.20, 252, 68.48, 4, 2847
6566, 3624, 55.19, 252, 68.48, 4, 2848
6567, 3624, 55.19, 252, 68.48, 4, 2849
6568, 3625, 55.19, 252, 68.48, 4, 2849
6569, 3626, 55.20, 252, 68.48, 4, 2849
6570, 3627, 55.21, 252, 68.48, 4, 2849
6571, 3628, 55.21, 252, 68.48, 4, 2849
6572, 3628, 55.20, 252, 68.48, 4, 2850
6573, 3629, 55.21, 252, 68.48, 4, 2850
6574, 3629, 55.20, 252, 68.48, 4, 2851
6575, 3629, 55.19, 252, 68.48, 4, 2852
6576, 3629, 55.19, 252, 68.48, 4, 2853
6577, 3629, 55.18, 252, 68.48, 4, 2853
6578, 3630, 55.18, 252, 68.48, 4, 2853
6579, 3630, 55.18, 252, 68.48, 4, 2854
6580, 3630, 55.17, 252, 68.48, 4, 2855
6581, 3630, 55.16, 252, 68.48, 4, 2856
6582, 3630, 55.15, 252, 68.48, 4, 2857
6583, 3630, 55.14, 252, 68.48, 4, 2858
6584, 3631, 55.15, 252, 68.48, 4, 2858
6585, 3632, 55.16, 252, 68.48, 4, 2858
6586, 3632, 55.15, 252, 68.48, 4, 2859
6587, 3633, 55.15, 252, 68.48, 4, 2859
6588, 3634, 55.16, 252, 68.48, 4, 2859
6589, 3634, 55.15, 252, 68.48, 4, 2860
6590, 3634, 55.14, 252, 68.48, 4, 2861
6591, 3634, 55.14, 252, 68.48, 4, 2862
6592, 3635, 55.14, 252, 68.48, 4, 2862
6593, 3636, 55.15, 252, 68.48, 4, 2862
6594, 3637, 55.16, 252, 68.48, 4, 2862
6595, 3638, 55.16, 252, 68.48, 4, 2862
6596, 3639, 55.17, 252, 68.48, 4, 2862
6597, 3640, 55.18, 252, 68.48, 4, 2862
6598, 3640, 55.17, 252, 68.48, 4, 2863
6599, 3640, 55.16, 252, 68.48, 4, 2864
6600, 3641, 55.17, 252, 68.48, 4, 2864
6601, 3642, 55.17, 252, 68.48, 4, 2864
6602, 3643, 55.18, 252, 68.48, 4, 2864
6603, 3644, 55.19, 252, 68.48, 4, 2864
6604, 3645, 55.19, 252, 68.48, 4, 2864
6605, 3646, 55.20, 252, 68.48, 4, 2864
6606, 3646, 55.19, 252, 68.48, 4, 2865
6607, 3646, 55.18, 252, 68.48, 4, 2866
6608, 3646, 55.18, 252, 68.48, 4, 2867
6609, 3647, 55.18, 252, 68.48, 4, 2867
6610, 3647, 55.17, 252, 68.48, 4, 2868
6611, 3647, 55.17, 252, 68.48, 4, 2869
6612, 3648, 55.17, 252, 68.48, 4, 2869
6613, 3649, 55.18, 252, 68.48, 4, 2869
6614, 3649, 55.17, 252, 68.48, 4, 2870
6615, 3649, 55.16, 252, 68.48, 4, 2871
6616, 3650, 55.17, 252, 68.48, 4, 2871
6617, 3651, 55.18, 252, 68.48, 4, 2871
6618, 3652, 55.18, 252, 68.48, 4, 2871
6619, 3653, 55.19, 252, 68.48, 4, 2871
6620, 3654, 55.20, 252, 68.48, 4, 2871
6621, 3655, 55.20, 252, 68.48, 4, 2871
6622, 3656, 55.21, 252, 68.48, 4, 2871
6623, 3656, 55.20, 252, 68.48, 4, 2872
6624, 3657, 55.21, 252, 68.48, 4, 2872
6625, 3658, 55.22, 252, 68.48, 4, 2872
6626, 3658, 55.21, 252, 68.48, 4, 2873
6627, 3659, 55.21, 252, 68.48, 4, 2873
6628, 3660, 55.22, 252, 68.48, 4, 2873
6629, 3661, 55.23, 252, 68.48, 4, 2873
6630, 3662, 55.23, 252, 68.48, 4, 2873
6631, 3663, 55.24, 252, 68.48, 4, 2873
6632, 3663, 55.23, 252, 68.48, 4, 2874
6633, 3663, 55.22, 252, 68.48, 4, 2875
6634, 3663, 55.22, 252, 68.48, 4, 2876
6635, 3663, 55.21, 252, 68.48, 4, 2877
6636, 3664, 55.21, 252, 68.48, 4, 2877
6637, 3665, 55.22, 252, 68.48, 4, 2877
6638, 3665, 55.21, 252, 68.48, 4, 2878
6639, 3665, 55.20, 252, 68.48, 4, 2879
6640, 3666, 55.21, 252, 68.48, 4, 2879
6641, 3667, 55.22, 252, 68.48, 4, 2879
6642, 3668, 55.22, 252, 68.48, 4, 2879
6643, 3668, 55.22, 252, 68.48, 4, 2880
6644, 3669, 55.22, 252, 68.48, 4, 2880
6645, 3670, 55.23, 252, 68.48, 4, 2880
6646, 3671, 55.24, 252, 68.48, 4, 2880
6647, 3671, 55.23, 252, 68.48, 4, 2881
6648, 3671, 55.22, 252, 68.48, 4, 2882
6649, 3671, 55.21, 252, 68.48, 4, 2882
6650, 3671, 55.20, 252, 68.48, 4, 2883
6651, 3672, 55.21, 252, 68.48, 4, 2883
6652, 3672, 55.20, 252, 68.48, 4, 2884
6653, 3673, 55.21, 252, 68.48, 4, 2884
6654, 3673, 55.20, 252, 68.48, 4, 2885
6655, 3674, 55.21, 252, 68.48, 4, 2885
6656, 3674, 55.20, 252, 68.48, 4, 2886
6657, 3675, 55.21, 252, 68.48, 4, 2886
6658, 3676, 55.21, 252, 68.48, 4, 2886
6659, 3677, 55.22, 252, 68.48, 4, 2886
6660, 3678, 55.23, 252, 68.48, 4, 2886
6661, 3679, 55.23, 252, 68.48, 4, 2886
6662, 3679, 55.22, 252, 68.48, 4, 2887
6663, 3680, 55.23, 252, 68.48, 4, 2887
6664, 3680, 55.22, 252, 68.48, 4, 2888
6665, 3680, 55.21, 252, 68.48, 4, 2889
6666, 3680, 55.21, 252, 68.48, 4, 2890
6667, 3681, 55.21, 252, 68.48, 4, 2890
6668, 3681, 55.20, 252, 68.48, 4, 2891
6669, 3682, 55.21, 252, 68.48, 4, 2891
6670, 3682, 55.20, 252, 68.48, 4, 2892
6671, 3683, 55.21, 252, 68.48, 4, 2892
6672, 3684, 55.22, 252, 68.48, 4, 2892
6673, 3685, 55.22, 252, 68.48, 4, 2892
6674, 3686, 55.23, 252, 68.48, 4, 2892
6675, 3687, 55.24, 252, 68.48, 4, 2892
6676, 3687, 55.23, 252, 68.48, 4, 2893
6677, 3687, 55.22, 252, 68.48, 4, 2894
6678, 3687, 55.21, 252, 68.48, 4, 2895
6679, 3687, 55.20, 252, 68.48, 4, 2896
6680, 3688, 55.21, 252, 68.48, 4, 2896
6681, 3689, 55.22, 252, 68.48, 4, 2896
6682, 3690, 55.22, 252, 68.48, 4, 2896
6683, 3690, 55.21, 252, 68.48, 4, 2897
6684, 3691, 55.22, 252, 68.48, 4, 2897
6685, 3692, 55.23, 252, 68.48, 4, 2897
6686, 3692, 55.22, 252, 68.48, 4, 2898
6687, 3692, 55.21, 252, 68.48, 4, 2899
6688, 3692, 55.20, 252, 68.48, 4, 2900
6689, 3692, 55.20, 252, 68.48, 4, 2901
6690, 3693, 55.20, 252, 68.48, 4, 2901
6691, 3693, 55.19, 252, 68.48, 4, 2902
6692, 3693, 55.19, 252, 68.48, 4, 2903
6693, 3694, 55.19, 252, 68.48, 4, 2903
6694, 3695, 55.20, 252, 68.48, 4, 2903
6695, 3696, 55.21, 252, 68.48, 4, 2903
6696, 3697, 55.21, 252, 68.48, 4, 2903
6697, 3698, 55.22, 252, 68.48, 4, 2903
6698, 3698, 55.21, 252, 68.48, 4, 2904
6699, 3698, 55.20, 252, 68.48, 4, 2905
6700, 3699, 55.21, 252, 68.48, 4, 2905
6701, 3699, 55.20, 252, 68.48, 4, 2906
6702, 3700, 55.21, 252, 68.48, 4, 2906
6703, 3700, 55.20, 252, 68.48, 4, 2907
6704, 3700, 55.19, 252, 68.48, 4, 2908
6705, 3701, 55.20, 252, 68.48, 4, 2908
6706, 3702, 55.20, 252, 68.48, 4, 2908
6707, 3702, 55.20, 252, 68.48, 4, 2909
6708, 3702, 55.19, 252, 68.48, 4, 2910
6709, 3703, 55.19, 252, 68.48, 4, 2910
6710, 3703, 55.19, 252, 68.48, 4, 2911
6711, 3704, 55.19, 252, 68.48, 4, 2911
6712, 3704, 55.18, 252, 68.48, 4, 2912
6713, 3704, 55.18, 252, 68.48, 4, 2913
6714, 3705, 55.18, 252, 68.48, 4, 2913
6715, 3706, 55.19, 252, 68.48, 4, 2913
6716, 3706, 55.18, 252, 68.48, 4, 2914
6717, 3706, 55.17, 252, 68.48, 4, 2915
6718, 3707, 55.18, 252, 68.48, 4, 2915
6719, 3708, 55.19, 252, 68.48, 4, 2915
6720, 3708, 55.18, 252, 68.48, 4, 2916
6721, 3709, 55.19, 252, 68.48, 4, 2916
6722, 3710, 55.19, 252, 68.48, 4, 2916
6723, 3711, 55.20, 252, 68.48, 4, 2916
6724, 3712, 55.21, 252, 68.48, 4, 2916
6725, 3713, 55.21, 252, 68.48, 4, 2916
6726, 3714, 55.22, 252, 68.48, 4, 2916
6727, 3715, 55.23, 252, 68.48, 4, 2916
6728, 3716, 55.23, 252, 68.48, 4, 2916
6729, 3716, 55.22, 252, 68.48, 4, 2917
6730, 3716, 55.22, 252, 68.48, 4, 2918
6731, 3717, 55.22, 252, 68.48, 4, 2918
6732, 3717, 55.21, 252, 68.48, 4, 2919
6733, 3717, 55.21, 252, 68.48, 4, 2920
6734, 3717, 55.20, 252, 68.48, 4, 2921
6735, 3718, 55.20, 252, 68.48, 4, 2921
6736, 3719, 55.21, 252, 68.48, 4, 2921
6737, 3720, 55.22, 252, 68.48, 4, 2921
6738, 3721, 55.22, 252, 68.48, 4, 2921
6739, 3721, 55.22, 252, 68.48, 4, 2922
6740, 3722, 55.22, 252, 68.48, 4, 2922
6741, 3723, 55.23, 252, 68.48, 4, 2922
6742, 3723, 55.22, 252, 68.48, 4, 2923
6743, 3723, 55.21, 252, 68.48, 4, 2924
6744, 3724, 55.22, 252, 68.48, 4, 2924
6745, 3724, 55.21, 252, 68.48, 4, 2925
6746, 3725, 55.22, 252, 68.48, 4, 2925
6747, 3725, 55.21, 252, 68.48, 4, 2926
6748, 3726, 55.22, 252, 68.48, 4, 2926
6749, 3727, 55.22, 252, 68.48, 4, 2926
6750, 3728, 55.23, 252, 68.48, 4, 2926
6751, 3729, 55.24, 252, 68.48, 4, 2926
6752, 3730, 55.24, 252, 68.48, 4, 2926
6753, 3730, 55.23, 252, 68.48, 4, 2927
6754, 3730, 55.23, 252, 68.48, 4, 2928
6755, 3731, 55.23, 252, 68.48, 4, 2928
6756, 3732, 55.24, 252, 68.48, 4, 2928
6757, 3732, 55.23, 252, 68.48, 4, 2929
6758, 3733, 55.24, 252, 68.48, 4, 2929
6759, 3733, 55.23, 252, 68.48, 4, 2930
6760, 3734, 55.24, 252, 68.48, 4, 2930
6761, 3734, 55.23, 252, 68.48, 4, 2931
6762, 3734, 55.22, 252, 68.48, 4, 2932
6763, 3734, 55.21, 252, 68.48, 4, 2933
6764, 3734, 55.20, 252, 68.48, 4, 2934
6765, 3735, 55.21, 252, 68.48, 4, 2934
6766, 3736, 55.22, 252, 68.48, 4, 2934
6767, 3736, 55.21, 252, 68.48, 4, 2935
6768, 3737, 55.22, 252, 68.48, 4, 2935
6769, 3738, 55.22, 252, 68.48, 4, 2935
6770, 3739, 55.23, 252, 68.48, 4, 2935
6771, 3739, 55.22, 252, 68.48, 4, 2936
6772, 3740, 55.23, 252, 68.48, 4, 2936
6773, 3740, 55.22, 252, 68.48, 4, 2937
6774, 3741, 55.23, 252, 68.48, 4, 2937
6775, 3742, 55.23, 252, 68.48, 4, 2937
6776, 3743, 55.24, 252, 68.48, 4, 2937
6777, 3744, 55.25, 252, 68.48, 4, 2937
6778, 3744, 55.24, 252, 68.48, 4, 2938
6779, 3745, 55.24, 252, 68.48, 4, 2938
6780, 3745, 55.24, 252, 68.48, 4, 2939
6781, 3745, 55.23, 252, 68.48, 4, 2940
6782, 3745, 55.22, 252, 68.48, 4, 2941
6783, 3745, 55.21, 252, 68.48, 4, 2942
6784, 3745, 55.20, 252, 68.48, 4, 2942
6785, 3746, 55.21, 252, 68.48, 4, 2942
6786, 3747, 55.22, 252, 68.48, 4, 2942
6787, 3747, 55.21, 252, 68.48, 4, 2943
6788, 3747, 55.20, 252, 68.48, 4, 2944
6789, 3747, 55.19, 252, 68.48, 4, 2945
6790, 3748, 55.20, 252, 68.48, 4, 2945
6791, 3749, 55.21, 252, 68.48, 4, 2945
6792, 3750, 55.21, 252, 68.48, 4, 2945
6793, 3751, 55.22, 252, 68.48, 4, 2945
6794, 3752, 55.23, 252, 68.48, 4, 2945
6795, 3753, 55.23, 252, 68.48, 4, 2945
6796, 3753, 55.22, 252, 68.48, 4, 2946
6797, 3753, 55.22, 252, 68.48, 4, 2946
6798, 3754, 55.22, 252, 68.48, 4, 2946
6799, 3754, 55.21, 252, 68.48, 4, 2946
6800, 3755, 55.22, 252, 68.48, 4, 2946
6801, 3755, 55.21, 252, 68.48, 4, 2947
6802, 3756, 55.22, 252, 68.48, 4, 2947
6803, 3756, 55.21, 252, 68.48, 4, 2948
6804, 3757, 55.22, 252, 68.48, 4, 2948
6805, 3757, 55.21, 252, 68.48, 4, 2949
6806, 3757, 55.20, 252, 68.48, 4, 2950
6807, 3758, 55.21, 252, 68.48, 4, 2950
6808, 3758, 55.20, 252, 68.48, 4, 2951
6809, 3759, 55.21, 252, 68.48, 4, 2951
6810, 3760, 55.21, 252, 68.48, 4, 2951
6811, 3761, 55.22, 252, 68.48, 4, 2951
6812, 3761, 55.21, 252, 68.48, 4, 2952
6813, 3761, 55.20, 252, 68.48, 4, 2953
6814, 3761, 55.20, 252, 68.48, 4, 2954
6815, 3761, 55.19, 252, 68.48, 4, 2955
6816, 3761, 55.18, 252, 68.48, 4, 2956
6817, 3761, 55.17, 252, 68.48, 4, 2957
6818, 3762, 55.18, 252, 68.48, 4, 2957
6819, 3763, 55.18, 252, 68.48, 4, 2957
6820, 3763, 55.18, 252, 68.48, 4, 2958
6821, 3763, 55.17, 252, 68.48, 4, 2959
6822, 3763, 55.16, 252, 68.48, 4, 2959
6823, 3763, 55.15, 252, 68.48, 4, 2960
6824, 3764, 55.16, 252, 68.48, 4, 2960
6825, 3765, 55.16, 252, 68.48, 4, 2960
6826, 3766, 55.17, 252, 68.48, 4, 2960
6827, 3766, 55.16, 252, 68.48, 4, 2961
6828, 3766, 55.16, 252, 68.48, 4, 2961
6829, 3766, 55.15, 252, 68.48, 4, 2962
6830, 3767, 55.15, 252, 68.48, 4, 2962
6831, 3768, 55.16, 252, 68.48, 4, 2962
6832, 3769, 55.17, 252, 68.48, 4, 2962
6833, 3770, 55.17, 252, 68.48, 4, 2962
6834, 3770, 55.17, 252, 68.48, 4, 2963
6835, 3770, 55.16, 252, 68.48, 4, 2964
6836, 3770, 55.15, 252, 68.48, 4, 2965
6837, 3771, 55.16, 252, 68.48, 4, 2965
6838, 3771, 55.15, 252, 68.48, 4, 2966
6839, 3772, 55.15, 252, 68.48, 4, 2966
6840, 3772, 55.15, 252, 68.48, 4, 2967
6841, 3772, 55.14, 252, 68.48, 4, 2967
6842, 3773, 55.14, 252, 68.48, 4, 2967
6843, 3774, 55.15, 252, 68.48, 4, 2967
6844, 3774, 55.14, 252, 68.48, 4, 2968
6845, 3775, 55.15, 252, 68.48, 4, 2968
6846, 3775, 55.14, 252, 68.48, 4, 2969
6847, 3776, 55.15, 252, 68.48, 4, 2969
6848, 3776, 55.14, 252, 68.48, 4, 2970
6849, 3776, 55.13, 252, 68.48, 4, 2971
6850, 3776, 55.12, 252, 68.48, 4, 2972
6851, 3776, 55.12, 252, 68.48, 4, 2973
6852, 3777, 55.12, 252, 68.48, 4, 2973
6853, 3777, 55.11, 252, 68.48, 4, 2974
6854, 3778, 55.12, 252, 68.48, 4, 2974
6855, 3778, 55.11, 252, 68.48, 4, 2975
6856, 3778, 55.11, 252, 68.48, 4, 2976
6857, 3778, 55.10, 252, 68.48, 4, 2977
6858, 3778, 55.09, 252, 68.48, 4, 2978
6859, 3778, 55.08, 252, 68.48, 4, 2979
6860, 3778, 55.07, 252, 68.48, 4, 2980
6861, 3779, 55.08, 252, 68.48, 4, 2980
6862, 3779, 55.07, 252, 68.48, 4, 2981
6863, 3780, 55.08, 252, 68.48, 4, 2981
6864, 3780, 55.07, 252, 68.48, 4, 2982
6865, 3780, 55.06, 252, 68.48, 4, 2983
6866, 3780, 55.05, 252, 68.48, 4, 2984
6867, 3780, 55.05, 252, 68.48, 4, 2985
6868, 3780, 55.04, 252, 68.48, 4, 2986
6869, 3781, 55.04, 252, 68.48, 4, 2986
6870, 3782, 55.05, 252, 68.48, 4, 2986
6871, 3782, 55.04, 252, 68.48, 4, 2987
6872, 3783, 55.05, 252, 68.48, 4, 2987
6873, 3784, 55.06, 252, 68.48, 4, 2987
6874, 3784, 55.05, 252, 68.48, 4, 2988
6875, 3785, 55.05, 252, 68.48, 4, 2988
6876, 3785, 55.05, 252, 68.48, 4, 2989
6877, 3785, 55.04, 252, 68.48, 4, 2990
6878, 3786, 55.05, 252, 68.48, 4, 2990
6879, 3787, 55.05, 252, 68.48, 4, 2990
6880, 3787, 55.04, 252, 68.48, 4, 2991
6881, 3787, 55.04, 252, 68.48, 4, 2992
6882, 3787, 55.03, 252, 68.48, 4, 2993
6883, 3788, 55.03, 252, 68.48, 4, 2993
6884, 3789, 55.04, 252, 68.48, 4, 2993
6885, 3789, 55.03, 252, 68.48, 4, 2994
6886, 3790, 55.04, 252, 68.48, 4, 2994
6887, 3790, 55.03, 252, 68.48, 4, 2995
6888, 3790, 55.02, 252, 68.48, 4, 2996
6889, 3791, 55.03, 252, 68.48, 4, 2996
6890, 3791, 55.02, 252, 68.48, 4, 2997
6891, 3791, 55.01, 252, 68.48, 4, 2998
6892, 3792, 55.02, 252, 68.48, 4, 2998
6893, 3793, 55.03, 252, 68.48, 4, 2998
6894, 3794, 55.03, 252, 68.48, 4, 2998
6895, 3794, 55.03, 252, 68.48, 4, 2999
6896, 3794, 55.02, 252, 68.48, 4, 3000
6897, 3795, 55.02, 252, 68.48, 4, 3000
6898, 3795, 55.02, 252, 68.48, 4, 3001
6899, 3795, 55.01, 252, 68.48, 4, 3002
6900, 3796, 55.01, 252, 68.48, 4, 3002
6901, 3797, 55.02, 252, 68.48, 4, 3002
6902, 3798, 55.03, 252, 68.48, 4, 3002
6903, 3798, 55.02, 252, 68.48, 4, 3003
6904, 3799, 55.03, 252, 68.48, 4, 3003
6905, 3799, 55.02, 252, 68.48, 4, 3004
6906, 3799, 55.01, 252, 68.48, 4, 3005
6907, 3800, 55.02, 252, 68.48, 4, 3005
6908, 3800, 55.01, 252, 68.48, 4, 3006
6909, 3801, 55.02, 252, 68.48, 4, 3006
6910, 3801, 55.01, 252, 68.48, 4, 3007
6911, 3802, 55.01, 252, 68.48, 4, 3007
6912, 3803, 55.02, 252, 68.48, 4, 3007
6913, 3803, 55.01, 252, 68.48, 4, 3008
6914, 3804, 55.02, 252, 68.48, 4, 3008
6915, 3804, 55.01, 252, 68.48, 4, 3009
6916, 3805, 55.02, 252, 68.48, 4, 3009
6917, 3805, 55.01, 252, 68.48, 4, 3010
6918, 3806, 55.02, 252, 68.48, 4, 3010
6919, 3806, 55.01, 252, 68.48, 4, 3011
6920, 3806, 55.00, 252, 68.48, 4, 3012
6921, 3807, 55.01, 252, 68.48, 4, 3012
6922, 3807, 55.00, 252, 68.48, 4, 3013
6923, 3807, 54.99, 252, 68.48, 4, 3014
6924, 3808, 55.00, 252, 68.48, 4, 3014
6925, 3808, 54.99, 252, 68.48, 4, 3015
6926, 3809, 55.00, 252, 68.48, 4, 3015
6927, 3810, 55.00, 252, 68.48, 4, 3015
6928, 3810, 54.99, 252, 68.48, 4, 3016
6929, 3811, 55.00, 252, 68.48, 4, 3016
6930, 3812, 55.01, 252, 68.48, 4, 3016
6931, 3812, 55.00, 252, 68.48, 4, 3017
6932, 3812, 54.99, 252, 68.48, 4, 3018
6933, 3813, 55.00, 252, 68.48, 4, 3018
6934, 3814, 55.00, 252, 68.48, 4, 3018
6935, 3815, 55.01, 252, 68.48, 4, 3018
6936, 3816, 55.02, 252, 68.48, 4, 3018
6937, 3817, 55.02, 252, 68.48, 4, 3018
6938, 3817, 55.02, 252, 68.48, 4, 3019
6939, 3818, 55.02, 252, 68.48, 4, 3019
6940, 3818, 55.01, 252, 68.48, 4, 3020
6941, 3818, 55.01, 252, 68.48, 4, 3021
6942, 3819, 55.01, 252, 68.48, 4, 3021
6943, 3819, 55.01, 252, 68.48, 4, 3022
6944, 3820, 55.01, 252, 68.48, 4, 3022
6945, 3820, 55.00, 252, 68.48, 4, 3023
6946, 3821, 55.01, 252, 68.48, 4, 3023
6947, 3822, 55.02, 252, 68.48, 4, 3023
6948, 3823, 55.02, 252, 68.48, 4, 3023
6949, 3824, 55.03, 252, 68.48, 4, 3023
6950, 3825, 55.04, 252, 68.48, 4, 3023
6951, 3825, 55.03, 252, 68.48, 4, 3024
6952, 3825, 55.02, 252, 68.48, 4, 3025
6953, 3826, 55.03, 252, 68.48, 4, 3025
6954, 3826, 55.02, 252, 68.48, 4, 3026
6955, 3827, 55.03, 252, 68.48, 4, 3026
6956, 3827, 55.02, 252, 68.48, 4, 3027
6957, 3828, 55.02, 252, 68.48, 4, 3027
6958, 3828, 55.02, 252, 68.48, 4, 3027
6959, 3829, 55.02, 252, 68.48, 4, 3027
6960, 3829, 55.01, 252, 68.48, 4, 3028
6961, 3830, 55.02, 252, 68.48, 4, 3028
6962, 3830, 55.01, 252, 68.48, 4, 3029
6963, 3830, 55.01, 252, 68.48, 4, 3030
6964, 3831, 55.01, 252, 68.48, 4, 3030
6965, 3831, 55.00, 252, 68.48, 4, 3031
6966, 3832, 55.01, 252, 68.48, 4, 3031
6967, 3832, 55.00, 252, 68.48, 4, 3032
6968, 3833, 55.01, 252, 68.48, 4, 3032
6969, 3834, 55.02, 252, 68.48, 4, 3032
6970, 3835, 55.02, 252, 68.48, 4, 3032
6971, 3836, 55.03, 252, 68.48, 4, 3032
6972, 3837, 55.03, 252, 68.48, 4, 3032
6973, 3838, 55.04, 252, 68.48, 4, 3032
6974, 3838, 55.03, 252, 68.48, 4, 3033
6975, 3838, 55.03, 252, 68.48, 4, 3034
6976, 3838, 55.02, 252, 68.48, 4, 3035
6977, 3838, 55.01, 252, 68.48, 4, 3036
6978, 3839, 55.02, 252, 68.48, 4, 3036
6979, 3840, 55.02, 252, 68.48, 4, 3036
6980, 3841, 55.03, 252, 68.48, 4, 3036
6981, 3842, 55.04, 252, 68.48, 4, 3036
6982, 3843, 55.04, 252, 68.48, 4, 3036
6983, 3844, 55.05, 252, 68.48, 4, 3036
6984, 3845, 55.05, 252, 68.48, 4, 3036
6985, 3846, 55.06, 252, 68.48, 4, 3036
6986, 3846, 55.05, 252, 68.48, 4, 3037
6987, 3846, 55.05, 252, 68.48, 4, 3038
6988, 3847, 55.05, 252, 68.48, 4, 3038
6989, 3847, 55.04, 252, 68.48, 4, 3039
6990, 3848, 55.05, 252, 68.48, 4, 3039
6991, 3849, 55.06, 252, 68.48, 4, 3039
6992, 3849, 55.05, 252, 68.48, 4, 3040
6993, 3849, 55.04, 252, 68.48, 4, 3041
6994, 3849, 55.03, 252, 68.48, 4, 3042
6995, 3850, 55.04, 252, 68.48, 4, 3042
6996, 3851, 55.05, 252, 68.48, 4, 3042
6997, 3851, 55.04, 252, 68.48, 4, 3043
6998, 3852, 55.04, 252, 68.48, 4, 3043
6999, 3852, 55.04, 252, 68.48, 4, 3044
7000, 3853, 55.04, 252, 68.48, 4, 3044
7001, 3854, 55.05, 252, 68.48, 4, 3044
7002, 3854, 55.04, 252, 68.48, 4, 3045
7003, 3855, 55.05, 252, 68.48, 4, 3045
7004, 3856, 55.05, 252, 68.48, 4, 3045
7005, 3856, 55.05, 252, 68.48, 4, 3046
7006, 3857, 55.05, 252, 68.48, 4, 3046
7007, 3857, 55.04, 252, 68.48, 4, 3047
7008, 3857, 55.04, 252, 68.48, 4, 3048
7009, 3857, 55.03, 252, 68.48, 4, 3049
7010, 3858, 55.04, 252, 68.48, 4, 3049
7011, 3858, 55.03, 252, 68.48, 4, 3050
7012, 3858, 55.02, 252, 68.48, 4, 3051
7013, 3858, 55.01, 252, 68.48, 4, 3052
7014, 3859, 55.02, 252, 68.48, 4, 3052
7015, 3859, 55.01, 252, 68.48, 4, 3053
7016, 3860, 55.02, 252, 68.48, 4, 3053
7017, 3861, 55.02, 252, 68.48, 4, 3053
7018, 3861, 55.02, 252, 68.48, 4, 3053
7019, 3861, 55.01, 252, 68.48, 4, 3053
7020, 3861, 55.00, 252, 68.48, 4, 3054
7021, 3861, 54.99, 252, 68.48, 4, 3055
7022, 3861, 54.98, 252, 68.48, 4, 3056
7023, 3861, 54.98, 252, 68.48, 4, 3057
7024, 3862, 54.98, 252, 68.48, 4, 3057
7025, 3863, 54.99, 252, 68.48, 4, 3057
7026, 3864, 55.00, 252, 68.48, 4, 3057
7027, 3864, 54.99, 252, 68.48, 4, 3058
7028, 3865, 54.99, 252, 68.48, 4, 3058
7029, 3865, 54.99, 252, 68.48, 4, 3059
7030, 3866, 54.99, 252, 68.48, 4, 3059
7031, 3867, 55.00, 252, 68.48, 4, 3059
7032, 3868, 55.01, 252, 68.48, 4, 3059
7033, 3869, 55.01, 252, 68.48, 4, 3059
7034, 3869, 55.00, 252, 68.48, 4, 3060
7035, 3870, 55.01, 252, 68.48, 4, 3060
7036, 3870, 55.00, 252, 68.48, 4, 3061
7037, 3871, 55.01, 252, 68.48, 4, 3061
7038, 3871, 55.00, 252, 68.48, 4, 3062
7039, 3871, 54.99, 252, 68.48, 4, 3063
7040, 3871, 54.99, 252, 68.48, 4, 3064
7041, 3872, 54.99, 252, 68.48, 4, 3064
7042, 3873, 55.00, 252, 68.48, 4, 3064
7043, 3873, 54.99, 252, 68.48, 4, 3065
7044, 3874, 55.00, 252, 68.48, 4, 3065
7045, 3874, 54.99, 252, 68.48, 4, 3066
7046, 3874, 54.98, 252, 68.48, 4, 3067
7047, 3875, 54.99, 252, 68.48, 4, 3067
7048, 3875, 54.98, 252, 68.48, 4, 3068
7049, 3876, 54.99, 252, 68.48, 4, 3068
7050, 3876, 54.98, 252, 68.48, 4, 3069
7051, 3876, 54.97, 252, 68.48, 4, 3070
7052, 3877, 54.98, 252, 68.48, 4, 3070
7053, 3878, 54.98, 252, 68.48, 4, 3070
7054, 3879, 54.99, 252, 68.48, 4, 3070
7055, 3880, 55.00, 252, 68.48, 4, 3070
7056, 3881, 55.00, 252, 68.48, 4, 3070
7057, 3881, 55.00, 252, 68.48, 4, 3071
7058, 3881, 54.99, 252, 68.48, 4, 3072
7059, 3882, 54.99, 252, 68.48, 4, 3072
7060, 3883, 55.00, 252, 68.48, 4, 3072
7061, 3884, 55.01, 252, 68.48, 4, 3072
7062, 3884, 55.00, 252, 68.48, 4, 3073
7063, 3885, 55.00, 252, 68.48, 4, 3073
7064, 3885, 55.00, 252, 68.48, 4, 3074
7065, 3886, 55.00, 252, 68.48, 4, 3074
7066, 3887, 55.01, 252, 68.48, 4, 3074
7067, 3887, 55.00, 252, 68.48, 4, 3075
7068, 3888, 55.01, 252, 68.48, 4, 3075
7069, 3889, 55.01, 252, 68.48, 4, 3075
7070, 3890, 55.02, 252, 68.48, 4, 3075
7071, 3890, 55.01, 252, 68.48, 4, 3076
7072, 3890, 55.01, 252, 68.48, 4, 3077
7073, 3891, 55.01, 252, 68.48, 4, 3077
7074, 3892, 55.02, 252, 68.48, 4, 3077
7075, 3893, 55.02, 252, 68.48, 4, 3077
7076, 3894, 55.03, 252, 68.48, 4, 3077
7077, 3894, 55.02, 252, 68.48, 4, 3078
7078, 3895, 55.03, 252, 68.48, 4, 3078
7079, 3895, 55.02, 252, 68.48, 4, 3079
7080, 3896, 55.03, 252, 68.48, 4, 3079
7081, 3896, 55.02, 252, 68.48, 4, 3080
7082, 3896, 55.01, 252, 68.48, 4, 3081
7083, 3896, 55.00, 252, 68.48, 4, 3082
7084, 3897, 55.01, 252, 68.48, 4, 3082
7085, 3898, 55.02, 252, 68.48, 4, 3082
7086, 3898, 55.01, 252, 68.48, 4, 3083
7087, 3899, 55.02, 252, 68.48, 4, 3083
7088, 3900, 55.02, 252, 68.48, 4, 3083
7089, 3900, 55.01, 252, 68.48, 4, 3084
7090, 3901, 55.02, 252, 68.48, 4, 3084
7091, 3902, 55.03, 252, 68.48, 4, 3084
7092, 3903, 55.03, 252, 68.48, 4, 3084
7093, 3903, 55.03, 252, 68.48, 4, 3085
7094, 3904, 55.03, 252, 68.48, 4, 3085
7095, 3904, 55.02, 252, 68.48, 4, 3086
7096, 3905, 55.03, 252, 68.48, 4, 3086
7097, 3905, 55.02, 252, 68.48, 4, 3087
7098, 3905, 55.02, 252, 68.48, 4, 3088
7099, 3905, 55.01, 252, 68.48, 4, 3089
7100, 3906, 55.01, 252, 68.48, 4, 3089
7101, 3907, 55.02, 252, 68.48, 4, 3089
7102, 3907, 55.01, 252, 68.48, 4, 3090
7103, 3907, 55.00, 252, 68.48, 4, 3091
7104, 3908, 55.01, 252, 68.48, 4, 3091
7105, 3908, 55.00, 252, 68.48, 4, 3092
7106, 3908, 55.00, 252, 68.48, 4, 3093
7107, 3908, 54.99, 252, 68.48, 4, 3094
7108, 3908, 54.98, 252, 68.48, 4, 3095
7109, 3908, 54.97, 252, 68.48, 4, 3096
7110, 3908, 54.96, 252, 68.48, 4, 3097
7111, 3909, 54.97, 252, 68.48, 4, 3097
7112, 3910, 54.98, 252, 68.48, 4, 3097
7113, 3910, 54.97, 252, 68.48, 4, 3098
7114, 3911, 54.98, 252, 68.48, 4, 3098
7115, 3911, 54.97, 252, 68.48, 4, 3099
7116, 3911, 54.96, 252, 68.48, 4, 3100
7117, 3912, 54.97, 252, 68.48, 4, 3100
7118, 3913, 54.97, 252, 68.48, 4, 3100
7119, 3914, 54.98, 252, 68.48, 4, 3100
7120, 3915, 54.99, 252, 68.48, 4, 3100
7121, 3915, 54.98, 252, 68.48, 4, 3101
7122, 3916, 54.98, 252, 68.48, 4, 3101
7123, 3917, 54.99, 252, 68.48, 4, 3101
7124, 3917, 54.98, 252, 68.48, 4, 3102
7125, 3917, 54.98, 252, 68.48, 4, 3103
7126, 3917, 54.97, 252, 68.48, 4, 3104
7127, 3917, 54.96, 252, 68.48, 4, 3105
7128, 3917, 54.95, 252, 68.48, 4, 3106
7129, 3917, 54.94, 252, 68.48, 4, 3107
7130, 3917, 54.94, 252, 68.48, 4, 3108
7131, 3917, 54.93, 252, 68.48, 4, 3109
7132, 3918, 54.94, 252, 68.48, 4, 3109
7133, 3918, 54.93, 252, 68.48, 4, 3110
7134, 3918, 54.92, 252, 68.48, 4, 3111
7135, 3919, 54.93, 252, 68.48, 4, 3111
7136, 3919, 54.92, 252, 68.48, 4, 3112
7137, 3919, 54.91, 252, 68.48, 4, 3113
7138, 3919, 54.90, 252, 68.48, 4, 3114
7139, 3920, 54.91, 252, 68.48, 4, 3114
7140, 3921, 54.92, 252, 68.48, 4, 3114
7141, 3922, 54.92, 252, 68.48, 4, 3114
7142, 3923, 54.93, 252, 68.48, 4, 3114
7143, 3923, 54.92, 252, 68.48, 4, 3115
7144, 3924, 54.93, 252, 68.48, 4, 3115
7145, 3924, 54.92, 252, 68.48, 4, 3116
7146, 3924, 54.91, 252, 68.48, 4, 3117
7147, 3924, 54.90, 252, 68.48, 4, 3118
7148, 3925, 54.91, 252, 68.48, 4, 3118
7149, 3926, 54.92, 252, 68.48, 4, 3118
7150, 3926, 54.91, 252, 68.48, 4, 3119
7151, 3926, 54.90, 252, 68.48, 4, 3120
7152, 3926, 54.89, 252, 68.48, 4, 3121
7153, 3927, 54.90, 252, 68.48, 4, 3121
7154, 3927, 54.89, 252, 68.48, 4, 3122
7155, 3927, 54.88, 252, 68.48, 4, 3123
7156, 3928, 54.89, 252, 68.48, 4, 3123
7157, 3929, 54.90, 252, 68.48, 4, 3123
7158, 3930, 54.90, 252, 68.48, 4, 3123
7159, 3931, 54.91, 252, 68.48, 4, 3123
7160, 3932, 54.92, 252, 68.48, 4, 3123
7161, 3933, 54.92, 252, 68.48, 4, 3123
7162, 3934, 54.93, 252, 68.48, 4, 3123
7163, 3935, 54.94, 252, 68.48, 4, 3123
7164, 3936, 54.94, 252, 68.48, 4, 3123
7165, 3936, 54.93, 252, 68.48, 4, 3124
7166, 3937, 54.94, 252, 68.48, 4, 3124
7167, 3938, 54.95, 252, 68.48, 4, 3124
7168, 3939, 54.95, 252, 68.48, 4, 3124
7169, 3940, 54.96, 252, 68.48, 4, 3124
7170, 3941, 54.97, 252, 68.48, 4, 3124
7171, 3942, 54.97, 252, 68.48, 4, 3124
7172, 3943, 54.98, 252, 68.48, 4, 3124
7173, 3943, 54.97, 252, 68.48, 4, 3125
7174, 3943, 54.96, 252, 68.48, 4, 3126
7175, 3943, 54.95, 252, 68.48, 4, 3127
7176, 3943, 54.95, 252, 68.48, 4, 3128
7177, 3944, 54.95, 252, 68.48, 4, 3128
7178, 3945, 54.96, 252, 68.48, 4, 3128
7179, 3945, 54.95, 252, 68.48, 4, 3129
7180, 3946, 54.96, 252, 68.48, 4, 3129
7181, 3946, 54.95, 252, 68.48, 4, 3130
7182, 3947, 54.96, 252, 68.48, 4, 3130
7183, 3947, 54.95, 252, 68.48, 4, 3131
7184, 3948, 54.96, 252, 68.48, 4, 3131
7185, 3948, 54.95, 252, 68.48, 4, 3132
7186, 3949, 54.95, 252, 68.48, 4, 3132
7187, 3949, 54.95, 252, 68.48, 4, 3133
7188, 3949, 54.94, 252, 68.48, 4, 3134
7189, 3950, 54.95, 252, 68.48, 4, 3134
7190, 3951, 54.95, 252, 68.48, 4, 3134
7191, 3951, 54.94, 252, 68.48, 4, 3135
7192, 3951, 54.94, 252, 68.48, 4, 3136
7193, 3952, 54.94, 252, 68.48, 4, 3136
7194, 3952, 54.93, 252, 68.48, 4, 3137
7195, 3952, 54.93, 252, 68.48, 4, 3138
7196, 3953, 54.93, 252, 68.48, 4, 3138
7197, 3954, 54.94, 252, 68.48, 4, 3138
7198, 3954, 54.93, 252, 68.48, 4, 3139
7199, 3955, 54.94, 252, 68.48, 4, 3139
7200, 3955, 54.93, 252, 68.48, 4, 3140
7201, 3956, 54.94, 252, 68.48, 4, 3140
7202, 3957, 54.94, 252, 68.48, 4, 3140
7203, 3957, 54.94, 252, 68.48, 4, 3141
7204, 3958, 54.94, 252, 68.48, 4, 3141
7205, 3958, 54.93, 252, 68.48, 4, 3142
7206, 3959, 54.94, 252, 68.48, 4, 3142
7207, 3960, 54.95, 252, 68.48, 4, 3142
7208, 3961, 54.95, 252, 68.48, 4, 3142
7209, 3962, 54.96, 252, 68.48, 4, 3142
7210, 3963, 54.97, 252, 68.48, 4, 3142
7211, 3964, 54.97, 252, 68.48, 4, 3142
7212, 3965, 54.98, 252, 68.48, 4, 3142
7213, 3966, 54.98, 252, 68.48, 4, 3142
7214, 3966, 54.98, 252, 68.48, 4, 3143
7215, 3967, 54.98, 252, 68.48, 4, 3143
7216, 3968, 54.99, 252, 68.48, 4, 3143
7217, 3969, 55.00, 252, 68.48, 4, 3143
7218, 3969, 54.99, 252, 68.48, 4, 3144
7219, 3970, 54.99, 252, 68.48, 4, 3144
7220, 3971, 55.00, 252, 68.48, 4, 3144
7221, 3972, 55.01, 252, 68.48, 4, 3144
7222, 3973, 55.01, 252, 68.48, 4, 3144
7223, 3974, 55.02, 252, 68.48, 4, 3144
7224, 3974, 55.01, 252, 68.48, 4, 3145
7225, 3975, 55.02, 252, 68.48, 4, 3145
7226, 3976, 55.02, 252, 68.48, 4, 3145
7227, 3977, 55.03, 252, 68.48, 4, 3145
7228, 3977, 55.02, 252, 68.48, 4, 3146
7229, 3978, 55.03, 252, 68.48, 4, 3146
7230, 3979, 55.03, 252, 68.48, 4, 3146
7231, 3979, 55.03, 252, 68.48, 4, 3147
7232, 3980, 55.03, 252, 68.48, 4, 3147
7233, 3980, 55.03, 252, 68.48, 4, 3148
7234, 3980, 55.02, 252, 68.48, 4, 3149
7235, 3981, 55.02, 252, 68.48, 4, 3149
7236, 3982, 55.03, 252, 68.48, 4, 3149
7237, 3982, 55.02, 252, 68.48, 4, 3150
7238, 3982, 55.02, 252, 68.48, 4, 3151
7239, 3983, 55.02, 252, 68.48, 4, 3151
7240, 3983, 55.01, 252, 68.48, 4, 3152
7241, 3983, 55.01, 252, 68.48, 4, 3153
7242, 3984, 55.01, 252, 68.48, 4, 3153
7243, 3984, 55.00, 252, 68.48, 4, 3154
7244, 3985, 55.01, 252, 68.48, 4, 3154
7245, 3985, 55.00, 252, 68.48, 4, 3155
7246, 3986, 55.01, 252, 68.48, 4, 3155
7247, 3987, 55.02, 252, 68.48, 4, 3155
7248, 3988, 55.02, 252, 68.48, 4, 3155
7249, 3989, 55.03, 252, 68.48, 4, 3155
7250, 3990, 55.03, 252, 68.48, 4, 3155
7251, 3990, 55.03, 252, 68.48, 4, 3156
7252, 3990, 55.02, 252, 68.48, 4, 3157
7253, 3991, 55.03, 252, 68.48, 4, 3157
7254, 3991, 55.02, 252, 68.48, 4, 3158
7255, 3992, 55.02, 252, 68.48, 4, 3158
7256, 3993, 55.03, 252, 68.48, 4, 3158
7257, 3993, 55.02, 252, 68.48, 4, 3159
7258, 3994, 55.03, 252, 68.48, 4, 3159
7259, 3995, 55.04, 252, 68.48, 4, 3159
7260, 3996, 55.04, 252, 68.48, 4, 3159
7261, 3996, 55.03, 252, 68.48, 4, 3160
7262, 3997, 55.04, 252, 68.48, 4, 3160
7263, 3997, 55.03, 252, 68.48, 4, 3161
7264, 3997, 55.02, 252, 68.48, 4, 3162
7265, 3998, 55.03, 252, 68.48, 4, 3162
7266, 3998, 55.02, 252, 68.48, 4, 3163
7267, 3998, 55.02, 252, 68.48, 4, 3164
7268, 3999, 55.02, 252, 68.48, 4, 3164
7269, 4000, 55.03, 252, 68.48, 4, 3164
7270, 4000, 55.02, 252, 68.48, 4, 3165
7271, 4001, 55.03, 252, 68.48, 4, 3165
7272, 4002, 55.03, 252, 68.48, 4, 3165
7273, 4002, 55.03, 252, 68.48, 4, 3166
7274, 4003, 55.03, 252, 68.48, 4, 3166
7275, 4003, 55.02, 252, 68.48, 4, 3167
7276, 4004, 55.03, 252, 68.48, 4, 3167
7277, 4005, 55.04, 252, 68.48, 4, 3167
7278, 4005, 55.03, 252, 68.48, 4, 3168
7279, 4005, 55.02, 252, 68.48, 4, 3169
7280, 4005, 55.01, 252, 68.48, 4, 3170
7281, 4005, 55.01, 252, 68.48, 4, 3171
7282, 4006, 55.01, 252, 68.48, 4, 3171
7283, 4007, 55.02, 252, 68.48, 4, 3171
7284, 4008, 55.02, 252, 68.48, 4, 3171
7285, 4008, 55.02, 252, 68.48, 4, 3172
7286, 4008, 55.01, 252, 68.48, 4, 3173
7287, 4009, 55.02, 252, 68.48, 4, 3173
7288, 4010, 55.02, 252, 68.48, 4, 3173
7289, 4011, 55.03, 252, 68.48, 4, 3173
7290, 4012, 55.03, 252, 68.48, 4, 3173
7291, 4013, 55.04, 252, 68.48, 4, 3173
7292, 4014, 55.05, 252, 68.48, 4, 3173
7293, 4015, 55.05, 252, 68.48, 4, 3173
7294, 4016, 55.06, 252, 68.48, 4, 3173
7295, 4016, 55.05, 252, 68.48, 4, 3174
7296, 4017, 55.06, 252, 68.48, 4, 3174
7297, 4017, 55.05, 252, 68.48, 4, 3175
7298, 4017, 55.04, 252, 68.48, 4, 3176
7299, 4017, 55.03, 252, 68.48, 4, 3177
7300, 4017, 55.03, 252, 68.48, 4, 3178
7301, 4017, 55.02, 252, 68.48, 4, 3179
7302, 4017, 55.01, 252, 68.48, 4, 3180
7303, 4018, 55.02, 252, 68.48, 4, 3180
7304, 4019, 55.02, 252, 68.48, 4, 3180
7305, 4020, 55.03, 252, 68.48, 4, 3180
7306, 4020, 55.02, 252, 68.48, 4, 3181
7307, 4020, 55.02, 252, 68.48, 4, 3182
7308, 4020, 55.01, 252, 68.48, 4, 3183
7309, 4021, 55.01, 252, 68.48, 4, 3183
7310, 4021, 55.01, 252, 68.48, 4, 3184
7311, 4022, 55.01, 252, 68.48, 4, 3184
7312, 4022, 55.01, 252, 68.48, 4, 3185
7313, 4022, 55.00, 252, 68.48, 4, 3186
7314, 4023, 55.00, 252, 68.48, 4, 3186
7315, 4024, 55.01, 252, 68.48, 4, 3186
7316, 4025, 55.02, 252, 68.48, 4, 3186
7317, 4026, 55.02, 252, 68.48, 4, 3186
7318, 4026, 55.02, 252, 68.48, 4, 3187
7319, 4027, 55.02, 252, 68.48, 4, 3187
7320, 4027, 55.01, 252, 68.48, 4, 3188
7321, 4028, 55.02, 252, 68.48, 4, 3188
7322, 4029, 55.03, 252, 68.48, 4, 3188
7323, 4030, 55.03, 252, 68.48, 4, 3188
7324, 4030, 55.02, 252, 68.48, 4, 3189
7325, 4031, 55.03, 252, 68.48, 4, 3189
7326, 4031, 55.02, 252, 68.48, 4, 3190
7327, 4032, 55.03, 252, 68.48, 4, 3190
7328, 4032, 55.02, 252, 68.48, 4, 3191
7329, 4032, 55.01, 252, 68.48, 4, 3192
7330, 4032, 55.01, 252, 68.48, 4, 3193
7331, 4033, 55.01, 252, 68.48, 4, 3193
7332, 4034, 55.02, 252, 68.48, 4, 3193
7333, 4035, 55.03, 252, 68.48, 4, 3193
7334, 4036, 55.03, 252, 68.48, 4, 3193
7335, 4036, 55.02, 252, 68.48, 4, 3194
7336, 4036, 55.02, 252, 68.48, 4, 3195
7337, 4036, 55.01, 252, 68.48, 4, 3196
7338, 4036, 55.00, 252, 68.48, 4, 3197
7339, 4036, 54.99, 252, 68.48, 4, 3198
7340, 4036, 54.99, 252, 68.48, 4, 3199
7341, 4036, 54.98, 252, 68.48, 4, 3200
7342, 4036, 54.97, 252, 68.48, 4, 3201
7343, 4036, 54.96, 252, 68.48, 4, 3202
7344, 4036, 54.96, 252, 68.48, 4, 3203
7345, 4037, 54.96, 252, 68.48, 4, 3203
7346, 4038, 54.97, 252, 68.48, 4, 3203
7347, 4039, 54.97, 252, 68.48, 4, 3203
7348, 4040, 54.98, 252, 68.48, 4, 3203
7349, 4040, 54.97, 252, 68.48, 4, 3204
7350, 4040, 54.97, 252, 68.48, 4, 3205
7351, 4041, 54.97, 252, 68.48, 4, 3205
7352, 4042, 54.98, 252, 68.48, 4, 3205
7353, 4043, 54.98, 252, 68.48, 4, 3205
7354, 4043, 54.98, 252, 68.48, 4, 3206
7355, 4043, 54.97, 252, 68.48, 4, 3207
7356, 4044, 54.98, 252, 68.48, 4, 3207
7357, 4044, 54.97, 252, 68.48, 4, 3208
7358, 4045, 54.97, 252, 68.48, 4, 3208
7359, 4046, 54.98, 252, 68.48, 4, 3208
7360, 4047, 54.99, 252, 68.48, 4, 3208
7361, 4048, 54.99, 252, 68.48, 4, 3208
7362, 4049, 55.00, 252, 68.48, 4, 3208
7363, 4049, 54.99, 252, 68.48, 4, 3209
7364, 4050, 55.00, 252, 68.48, 4, 3209
7365, 4050, 54.99, 252, 68.48, 4, 3210
7366, 4051, 55.00, 252, 68.48, 4, 3210
7367, 4051, 54.99, 252, 68.48, 4, 3211
7368, 4052, 54.99, 252, 68.48, 4, 3211
7369, 4052, 54.99, 252, 68.48, 4, 3212
7370, 4053, 54.99, 252, 68.48, 4, 3212
7371, 4054, 55.00, 252, 68.48, 4, 3212
7372, 4054, 54.99, 252, 68.48, 4, 3213
7373, 4054, 54.98, 252, 68.48, 4, 3214
7374, 4055, 54.99, 252, 68.48, 4, 3214
7375, 4056, 55.00, 252, 68.48, 4, 3214
7376, 4056, 54.99, 252, 68.48, 4, 3215
7377, 4057, 55.00, 252, 68.48, 4, 3215
7378, 4058, 55.00, 252, 68.48, 4, 3215
7379, 4058, 54.99, 252, 68.48, 4, 3216
7380, 4058, 54.99, 252, 68.48, 4, 3217
7381, 4059, 54.99, 252, 68.48, 4, 3217
7382, 4060, 55.00, 252, 68.48, 4, 3217
7383, 4061, 55.00, 252, 68.48, 4, 3217
7384, 4062, 55.01, 252, 68.48, 4, 3217
7385, 4063, 55.02, 252, 68.48, 4, 3217
7386, 4064, 55.02, 252, 68.48, 4, 3217
7387, 4064, 55.02, 252, 68.48, 4, 3218
7388, 4064, 55.01, 252, 68.48, 4, 3219
7389, 4064, 55.00, 252, 68.48, 4, 3220
7390, 4064, 54.99, 252, 68.48, 4, 3220
7391, 4065, 55.00, 252, 68.48, 4, 3220
7392, 4066, 55.01, 252, 68.48, 4, 3220
7393, 4066, 55.00, 252, 68.48, 4, 3220
7394, 4066, 54.99, 252, 68.48, 4, 3220
7395, 4066, 54.98, 252, 68.48, 4, 3221
7396, 4066, 54.98, 252, 68.48, 4, 3222
7397, 4066, 54.97, 252, 68.48, 4, 3223
7398, 4066, 54.96, 252, 68.48, 4, 3224
7399, 4067, 54.97, 252, 68.48, 4, 3224
7400, 4067, 54.96, 252, 68.48, 4, 3225
7401, 4067, 54.95, 252, 68.48, 4, 3226
7402, 4068, 54.96, 252, 68.48, 4, 3226
7403, 4069, 54.96, 252, 68.48, 4, 3226
7404, 4069, 54.96, 252, 68.48, 4, 3227
7405, 4069, 54.95, 252, 68.48, 4, 3228
7406, 4069, 54.94, 252, 68.48, 4, 3229
7407, 4069, 54.93, 252, 68.48, 4, 3230
7408, 4069, 54.93, 252, 68.48, 4, 3231
7409, 4070, 54.93, 252, 68.48, 4, 3231
7410, 4071, 54.94, 252, 68.48, 4, 3231
7411, 4072, 54.95, 252, 68.48, 4, 3231
7412, 4072, 54.94, 252, 68.48, 4, 3232
7413, 4073, 54.94, 252, 68.48, 4, 3232
7414, 4073, 54.94, 252, 68.48, 4, 3233
7415, 4073, 54.93, 252, 68.48, 4, 3234
7416, 4073, 54.92, 252, 68.48, 4, 3235
7417, 4074, 54.93, 252, 68.48, 4, 3235
7418, 4075, 54.93, 252, 68.48, 4, 3235
7419, 4076, 54.94, 252, 68.48, 4, 3235
7420, 4076, 54.93, 252, 68.48, 4, 3236
7421, 4076, 54.93, 252, 68.48, 4, 3237
7422, 4077, 54.93, 252, 68.48, 4, 3237
7423, 4077, 54.92, 252, 68.48, 4, 3238
7424, 4077, 54.92, 252, 68.48, 4, 3239
7425, 4078, 54.92, 252, 68.48, 4, 3239
7426, 4078, 54.92, 252, 68.48, 4, 3240
7427, 4078, 54.91, 252, 68.48, 4, 3241
7428, 4079, 54.91, 252, 68.48, 4, 3241
7429, 4080, 54.92, 252, 68.48, 4, 3241
7430, 4080, 54.91, 252, 68.48, 4, 3242
7431, 4080, 54.91, 252, 68.48, 4, 3243
7432, 4081, 54.91, 252, 68.48, 4, 3243
7433, 4082, 54.92, 252, 68.48, 4, 3243
7434, 4083, 54.92, 252, 68.48, 4, 3243
7435, 4084, 54.93, 252, 68.48, 4, 3243
7436, 4085, 54.94, 252, 68.48, 4, 3243
7437, 4086, 54.94, 252, 68.48, 4, 3243
7438, 4086, 54.93, 252, 68.48, 4, 3244
7439, 4087, 54.94, 252, 68.48, 4, 3244
7440, 4088, 54.95, 252, 68.48, 4, 3244
7441, 4089, 54.95, 252, 68.48, 4, 3244
7442, 4090, 54.96, 252, 68.48, 4, 3244
7443, 4091, 54.96, 252, 68.48, 4, 3244
7444, 4092, 54.97, 252, 68.48, 4, 3244
7445, 4093, 54.98, 252, 68.48, 4, 3244
7446, 4094, 54.98, 252, 68.48, 4, 3244
7447, 4094, 54.98, 252, 68.48, 4, 3245
7448, 4094, 54.97, 252, 68.48, 4, 3246
7449, 4095, 54.97, 252, 68.48, 4, 3246
7450, 4096, 54.98, 252, 68.48, 4, 3246
7451, 4097, 54.99, 252, 68.48, 4, 3246
7452, 4098, 54.99, 252, 68.48, 4, 3246
7453, 4099, 55.00, 252, 68.48, 4, 3246
7454, 4100, 55.00, 252, 68.48, 4, 3246
7455, 4100, 55.00, 252, 68.48, 4, 3247
7456, 4101, 55.00, 252, 68.48, 4, 3247
7457, 4102, 55.01, 252, 68.48, 4, 3247
7458, 4103, 55.01, 252, 68.48, 4, 3247
7459, 4103, 55.01, 252, 68.48, 4, 3248
7460, 4103, 55.00, 252, 68.48, 4, 3249
7461, 4104, 55.01, 252, 68.48, 4, 3249
7462, 4104, 55.00, 252, 68.48, 4, 3250
7463, 4104, 54.99, 252, 68.48, 4, 3251
7464, 4105, 55.00, 252, 68.48, 4, 3251
7465, 4106, 55.00, 252, 68.48, 4, 3251
7466, 4106, 55.00, 252, 68.48, 4, 3252
7467, 4106, 54.99, 252, 68.48, 4, 3253
7468, 4107, 54.99, 252, 68.48, 4, 3253
7469, 4107, 54.99, 252, 68.48, 4, 3254
7470, 4107, 54.98, 252, 68.48, 4, 3254
7471, 4107, 54.97, 252, 68.48, 4, 3255
7472, 4108, 54.98, 252, 68.48, 4, 3255
7473, 4109, 54.98, 252, 68.48, 4, 3255
7474, 4109, 54.98, 252, 68.48, 4, 3256
7475, 4110, 54.98, 252, 68.48, 4, 3256
7476, 4111, 54.99, 252, 68.48, 4, 3256
7477, 4112, 55.00, 252, 68.48, 4, 3256
7478, 4112, 54.99, 252, 68.48, 4, 3257
7479, 4112, 54.98, 252, 68.48, 4, 3258
7480, 4112, 54.97, 252, 68.48, 4, 3259
7481, 4112, 54.97, 252, 68.48, 4, 3260
7482, 4112, 54.96, 252, 68.48, 4, 3261
7483, 4113, 54.96, 252, 68.48, 4, 3261
7484, 4114, 54.97, 252, 68.48, 4, 3261
7485, 4115, 54.98, 252, 68.48, 4, 3261
7486, 4115, 54.97, 252, 68.48, 4, 3262
7487, 4115, 54.96, 252, 68.48, 4, 3263
7488, 4115, 54.95, 252, 68.48, 4, 3264
7489, 4115, 54.95, 252, 68.48, 4, 3265
7490, 4115, 54.94, 252, 68.48, 4, 3266
7491, 4115, 54.93, 252, 68.48, 4, 3267
7492, 4115, 54.93, 252, 68.48, 4, 3268
7493, 4116, 54.93, 252, 68.48, 4, 3268
7494, 4116, 54.92, 252, 68.48, 4, 3269
7495, 4117, 54.93, 252, 68.48, 4, 3269
7496, 4118, 54.94, 252, 68.48, 4, 3269
7497, 4118, 54.93, 252, 68.48, 4, 3270
7498, 4118, 54.92, 252, 68.48, 4, 3271
7499, 4118, 54.91, 252, 68.48, 4, 3272
7500, 4118, 54.91, 252, 68.48, 4, 3273
7501, 4118, 54.90, 252, 68.48, 4, 3274
7502, 4118, 54.89, 252, 68.48, 4, 3275
7503, 4118, 54.88, 252, 68.48, 4, 3276
7504, 4119, 54.89, 252, 68.48, 4, 3276
7505, 4120, 54.90, 252, 68.48, 4, 3276
7506, 4120, 54.89, 252, 68.48, 4, 3277
7507, 4120, 54.88, 252, 68.48, 4, 3278
7508, 4121, 54.89, 252, 68.48, 4, 3278
7509, 4121, 54.88, 252, 68.48, 4, 3279
7510, 4122, 54.89, 252, 68.48, 4, 3279
7511, 4123, 54.89, 252, 68.48, 4, 3279
7512, 4124, 54.90, 252, 68.48, 4, 3279
7513, 4124, 54.89, 252, 68.48, 4, 3280
7514, 4125, 54.90, 252, 68.48, 4, 3280
7515, 4126, 54.90, 252, 68.48, 4, 3280
7516, 4126, 54.90, 252, 68.48, 4, 3281
7517, 4127, 54.90, 252, 68.48, 4, 3281
7518, 4127, 54.89, 252, 68.48, 4, 3282
7519, 4128, 54.90, 252, 68.48, 4, 3282
7520, 4129, 54.91, 252, 68.48, 4, 3282
7521, 4130, 54.91, 252, 68.48, 4, 3282
7522, 4131, 54.92, 252, 68.48, 4, 3282
7523, 4131, 54.91, 252, 68.48, 4, 3283
7524, 4131, 54.90, 252, 68.48, 4, 3284
7525, 4132, 54.91, 252, 68.48, 4, 3284
7526, 4133, 54.92, 252, 68.48, 4, 3284
7527, 4134, 54.92, 252, 68.48, 4, 3284
7528, 4135, 54.93, 252, 68.48, 4, 3284
7529, 4136, 54.93, 252, 68.48, 4, 3284
7530, 4137, 54.94, 252, 68.48, 4, 3284
7531, 4138, 54.95, 252, 68.48, 4, 3284
7532, 4139, 54.95, 252, 68.48, 4, 3284
7533, 4139, 54.94, 252, 68.48, 4, 3285
7534, 4140, 54.95, 252, 68.48, 4, 3285
7535, 4141, 54.96, 252, 68.48, 4, 3285
7536, 4142, 54.96, 252, 68.48, 4, 3285
7537, 4142, 54.96, 252, 68.48, 4, 3286
7538, 4142, 54.95, 252, 68.48, 4, 3287
7539, 4142, 54.94, 252, 68.48, 4, 3288
7540, 4143, 54.95, 252, 68.48, 4, 3288
7541, 4143, 54.94, 252, 68.48, 4, 3289
7542, 4143, 54.93, 252, 68.48, 4, 3290
7543, 4143, 54.93, 252, 68.48, 4, 3291
7544, 4144, 54.93, 252, 68.48, 4, 3291
7545, 4144, 54.92, 252, 68.48, 4, 3292
7546, 4145, 54.93, 252, 68.48, 4, 3292
7547, 4145, 54.92, 252, 68.48, 4, 3293
7548, 4145, 54.92, 252, 68.48, 4, 3294
7549, 4146, 54.92, 252, 68.48, 4, 3294
7550, 4146, 54.91, 252, 68.48, 4, 3295
7551, 4147, 54.92, 252, 68.48, 4, 3295
7552, 4148, 54.93, 252, 68.48, 4, 3295
7553, 4148, 54.92, 252, 68.48, 4, 3296
7554, 4149, 54.92, 252, 68.48, 4, 3296
7555, 4149, 54.92, 252, 68.48, 4, 3297
7556, 4150, 54.92, 252, 68.48, 4, 3297
7557, 4150, 54.92, 252, 68.48, 4, 3298
7558, 4151, 54.92, 252, 68.48, 4, 3298
7559, 4152, 54.93, 252, 68.48, 4, 3298
7560, 4153, 54.93, 252, 68.48, 4, 3298
7561, 4153, 54.93, 252, 68.48, 4, 3299
7562, 4153, 54.92, 252, 68.48, 4, 3300
7563, 4153, 54.91, 252, 68.48, 4, 3301
7564, 4154, 54.92, 252, 68.48, 4, 3301
7565, 4155, 54.92, 252, 68.48, 4, 3301
7566, 4155, 54.92, 252, 68.48, 4, 3302
7567, 4156, 54.92, 252, 68.48, 4, 3302
7568, 4156, 54.92, 252, 68.48, 4, 3303
7569, 4156, 54.91, 252, 68.48, 4, 3304
7570, 4157, 54.91, 252, 68.48, 4, 3304
7571, 4157, 54.91, 252, 68.48, 4, 3305
7572, 4157, 54.90, 252, 68.48, 4, 3306
7573, 4157, 54.89, 252, 68.48, 4, 3307
7574, 4157, 54.89, 252, 68.48, 4, 3308
7575, 4157, 54.88, 252, 68.48, 4, 3309
7576, 4158, 54.88, 252, 68.48, 4, 3309
7577, 4158, 54.88, 252, 68.48, 4, 3310
7578, 4159, 54.88, 252, 68.48, 4, 3310
7579, 4159, 54.88, 252, 68.48, 4, 3311
7580, 4159, 54.87, 252, 68.48, 4, 3311
7581, 4160, 54.87, 252, 68.48, 4, 3311
7582, 4160, 54.87, 252, 68.48, 4, 3312
7583, 4161, 54.87, 252, 68.48, 4, 3312
7584, 4162, 54.88, 252, 68.48, 4, 3312
7585, 4162, 54.87, 252, 68.48, 4, 3313
7586, 4163, 54.88, 252, 68.48, 4, 3313
7587, 4163, 54.87, 252, 68.48, 4, 3314
7588, 4164, 54.88, 252, 68.48, 4, 3314
7589, 4165, 54.88, 252, 68.48, 4, 3314
7590, 4166, 54.89, 252, 68.48, 4, 3314
7591, 4166, 54.88, 252, 68.48, 4, 3315
7592, 4167, 54.89, 252, 68.48, 4, 3315
7593, 4168, 54.89, 252, 68.48, 4, 3315
7594, 4169, 54.90, 252, 68.48, 4, 3315
7595, 4170, 54.90, 252, 68.48, 4, 3315
7596, 4170, 54.90, 252, 68.48, 4, 3316
7597, 4170, 54.89, 252, 68.48, 4, 3317
7598, 4170, 54.88, 252, 68.48, 4, 3318
7599, 4170, 54.88, 252, 68.48, 4, 3319
7600, 4170, 54.87, 252, 68.48, 4, 3320
7601, 4171, 54.87, 252, 68.48, 4, 3320
7602, 4172, 54.88, 252, 68.48, 4, 3320
7603, 4172, 54.87, 252, 68.48, 4, 3321
7604, 4172, 54.87, 252, 68.48, 4, 3322
7605, 4172, 54.86, 252, 68.48, 4, 3323
7606, 4173, 54.86, 252, 68.48, 4, 3323
7607, 4174, 54.87, 252, 68.48, 4, 3323
7608, 4175, 54.88, 252, 68.48, 4, 3323
7609, 4176, 54.88, 252, 68.48, 4, 3323
7610, 4177, 54.89, 252, 68.48, 4, 3323
7611, 4178, 54.89, 252, 68.48, 4, 3323
7612, 4179, 54.90, 252, 68.48, 4, 3323
7613, 4179, 54.89, 252, 68.48, 4, 3324
7614, 4180, 54.90, 252, 68.48, 4, 3324
7615, 4181, 54.90, 252, 68.48, 4, 3324
7616, 4182, 54.91, 252, 68.48, 4, 3324
7617, 4183, 54.92, 252, 68.48, 4, 3324
7618, 4184, 54.92, 252, 68.48, 4, 3324
7619, 4185, 54.93, 252, 68.48, 4, 3324
7620, 4186, 54.93, 252, 68.48, 4, 3324
7621, 4187, 54.94, 252, 68.48, 4, 3324
7622, 4188, 54.95, 252, 68.48, 4, 3324
7623, 4189, 54.95, 252, 68.48, 4, 3324
7624, 4190, 54.96, 252, 68.48, 4, 3324
7625, 4191, 54.96, 252, 68.48, 4, 3324
7626, 4191, 54.96, 252, 68.48, 4, 3325
7627, 4191, 54.95, 252, 68.48, 4, 3326
7628, 4192, 54.96, 252, 68.48, 4, 3326
7629, 4192, 54.95, 252, 68.48, 4, 3327
7630, 4192, 54.94, 252, 68.48, 4, 3328
7631, 4192, 54.93, 252, 68.48, 4, 3329
7632, 4192, 54.93, 252, 68.48, 4, 3330
7633, 4192, 54.92, 252, 68.48, 4, 3331
7634, 4192, 54.91, 252, 68.48, 4, 3332
7635, 4192, 54.91, 252, 68.48, 4, 3333
7636, 4192, 54.90, 252, 68.48, 4, 3334
7637, 4193, 54.90, 252, 68.48, 4, 3334
7638, 4193, 54.90, 252, 68.48, 4, 3335
7639, 4194, 54.90, 252, 68.48, 4, 3335
7640, 4195, 54.91, 252, 68.48, 4, 3335
7641, 4195, 54.90, 252, 68.48, 4, 3336
7642, 4196, 54.91, 252, 68.48, 4, 3336
7643, 4196, 54.90, 252, 68.48, 4, 3337
7644, 4196, 54.89, 252, 68.48, 4, 3338
7645, 4196, 54.89, 252, 68.48, 4, 3339
7646, 4196, 54.88, 252, 68.48, 4, 3340
7647, 4197, 54.88, 252, 68.48, 4, 3340
7648, 4197, 54.88, 252, 68.48, 4, 3341
7649, 4198, 54.88, 252, 68.48, 4, 3341
7650, 4199, 54.89, 252, 68.48, 4, 3341
7651, 4199, 54.88, 252, 68.48, 4, 3342
7652, 4200, 54.89, 252, 68.48, 4, 3342
7653, 4200, 54.88, 252, 68.48, 4, 3343
7654, 4200, 54.87, 252, 68.48, 4, 3344
7655, 4201, 54.88, 252, 68.48, 4, 3344
7656, 4201, 54.87, 252, 68.48, 4, 3345
7657, 4201, 54.86, 252, 68.48, 4, 3346
7658, 4201, 54.86, 252, 68.48, 4, 3347
7659, 4201, 54.85, 252, 68.48, 4, 3348
7660, 4201, 54.84, 252, 68.48, 4, 3349
7661, 4201, 54.84, 252, 68.48, 4, 3350
7662, 4201, 54.83, 252, 68.48, 4, 3351
7663, 4202, 54.83, 252, 68.48, 4, 3351
7664, 4202, 54.83, 252, 68.48, 4, 3352
7665, 4203, 54.83, 252, 68.48, 4, 3352
7666, 4204, 54.84, 252, 68.48, 4, 3352
7667, 4204, 54.83, 252, 68.48, 4, 3353
7668, 4205, 54.84, 252, 68.48, 4, 3353
7669, 4205, 54.83, 252, 68.48, 4, 3354
7670, 4206, 54.84, 252, 68.48, 4, 3354
7671, 4206, 54.83, 252, 68.48, 4, 3355
7672, 4206, 54.82, 252, 68.48, 4, 3356
7673, 4207, 54.83, 252, 68.48, 4, 3356
7674, 4207, 54.82, 252, 68.48, 4, 3357
7675, 4208, 54.83, 252, 68.48, 4, 3357
7676, 4209, 54.83, 252, 68.48, 4, 3357
7677, 4209, 54.83, 252, 68.48, 4, 3358
7678, 4210, 54.83, 252, 68.48, 4, 3358
7679, 4211, 54.84, 252, 68.48, 4, 3358
7680, 4211, 54.83, 252, 68.48, 4, 3359
7681, 4211, 54.82, 252, 68.48, 4, 3360
7682, 4212, 54.83, 252, 68.48, 4, 3360
7683, 4213, 54.84, 252, 68.48, 4, 3360
7684, 4214, 54.84, 252, 68.48, 4, 3360
7685, 4214, 54.83, 252, 68.48, 4, 3361
7686, 4215, 54.84, 252, 68.48, 4, 3361
7687, 4215, 54.83, 252, 68.48, 4, 3362
7688, 4216, 54.84, 252, 68.48, 4, 3362
7689, 4217, 54.84, 252, 68.48, 4, 3362
7690, 4217, 54.84, 252, 68.48, 4, 3363
7691, 4217, 54.83, 252, 68.48, 4, 3364
7692, 4217, 54.82, 252, 68.48, 4, 3365
7693, 4218, 54.83, 252, 68.48, 4, 3365
7694, 4218, 54.82, 252, 68.48, 4, 3366
7695, 4219, 54.83, 252, 68.48, 4, 3366
7696, 4220, 54.83, 252, 68.48, 4, 3366
7697, 4220, 54.83, 252, 68.48, 4, 3367
7698, 4220, 54.82, 252, 68.48, 4, 3368
7699, 4221, 54.83, 252, 68.48, 4, 3368
7700, 4221, 54.82, 252, 68.48, 4, 3369
7701, 4221, 54.81, 252, 68.48, 4, 3370
7702, 4222, 54.82, 252, 68.48, 4, 3370
7703, 4222, 54.81, 252, 68.48, 4, 3370
7704, 4223, 54.82, 252, 68.48, 4, 3370
7705, 4223, 54.81, 252, 68.48, 4, 3371
7706, 4223, 54.80, 252, 68.48, 4, 3372
7707, 4223, 54.79, 252, 68.48, 4, 3373
7708, 4224, 54.80, 252, 68.48, 4, 3373
7709, 4224, 54.79, 252, 68.48, 4, 3374
7710, 4224, 54.79, 252, 68.48, 4, 3375
7711, 4224, 54.78, 252, 68.48, 4, 3376
7712, 4224, 54.77, 252, 68.48, 4, 3377
7713, 4225, 54.78, 252, 68.48, 4, 3377
7714, 4226, 54.78, 252, 68.48, 4, 3377
7715, 4226, 54.78, 252, 68.48, 4, 3378
7716, 4226, 54.77, 252, 68.48, 4, 3379
7717, 4227, 54.78, 252, 68.48, 4, 3379
7718, 4228, 54.78, 252, 68.48, 4, 3379
7719, 4228, 54.77, 252, 68.48, 4, 3380
7720, 4229, 54.78, 252, 68.48, 4, 3380
7721, 4230, 54.79, 252, 68.48, 4, 3380
7722, 4231, 54.79, 252, 68.48, 4, 3380
7723, 4232, 54.80, 252, 68.48, 4, 3380
7724, 4233, 54.80, 252, 68.48, 4, 3380
7725, 4233, 54.80, 252, 68.48, 4, 3381
7726, 4234, 54.80, 252, 68.48, 4, 3381
7727, 4234, 54.79, 252, 68.48, 4, 3382
7728, 4234, 54.79, 252, 68.48, 4, 3383
7729, 4234, 54.78, 252, 68.48, 4, 3384
7730, 4234, 54.77, 252, 68.48, 4, 3385
7731, 4235, 54.78, 252, 68.48, 4, 3385
7732, 4235, 54.77, 252, 68.48, 4, 3386
7733, 4235, 54.77, 252, 68.48, 4, 3387
7734, 4235, 54.76, 252, 68.48, 4, 3388
7735, 4235, 54.75, 252, 68.48, 4, 3389
7736, 4235, 54.74, 252, 68.48, 4, 3390
7737, 4236, 54.75, 252, 68.48, 4, 3390
7738, 4237, 54.76, 252, 68.48, 4, 3390
7739, 4237, 54.75, 252, 68.48, 4, 3391
7740, 4237, 54.74, 252, 68.48, 4, 3392
7741, 4238, 54.75, 252, 68.48, 4, 3392
7742, 4238, 54.74, 252, 68.48, 4, 3393
7743, 4238, 54.73, 252, 68.48, 4, 3394
7744, 4239, 54.74, 252, 68.48, 4, 3394
7745, 4239, 54.73, 252, 68.48, 4, 3395
7746, 4240, 54.74, 252, 68.48, 4, 3395
7747, 4240, 54.73, 252, 68.48, 4, 3396
7748, 4240, 54.72, 252, 68.48, 4, 3397
7749, 4241, 54.73, 252, 68.48, 4, 3397
7750, 4241, 54.72, 252, 68.48, 4, 3398
7751, 4241, 54.72, 252, 68.48, 4, 3399
7752, 4241, 54.71, 252, 68.48, 4, 3400
7753, 4242, 54.71, 252, 68.48, 4, 3400
7754, 4243, 54.72, 252, 68.48, 4, 3400
7755, 4244, 54.73, 252, 68.48, 4, 3400
7756, 4244, 54.72, 252, 68.48, 4, 3401
7757, 4245, 54.72, 252, 68.48, 4, 3401
7758, 4245, 54.72, 252, 68.48, 4, 3402
7759, 4246, 54.72, 252, 68.48, 4, 3402
7760, 4247, 54.73, 252, 68.48, 4, 3402
7761, 4247, 54.72, 252, 68.48, 4, 3403
7762, 4247, 54.72, 252, 68.48, 4, 3404
7763, 4247, 54.71, 252, 68.48, 4, 3405
7764, 4248, 54.71, 252, 68.48, 4, 3405
7765, 4248, 54.71, 252, 68.48, 4, 3406
7766, 4248, 54.70, 252, 68.48, 4, 3407
7767, 4249, 54.71, 252, 68.48, 4, 3407
7768, 4249, 54.70, 252, 68.48, 4, 3408
7769, 4249, 54.69, 252, 68.48, 4, 3409
7770, 4249, 54.68, 252, 68.48, 4, 3410
7771, 4249, 54.68, 252, 68.48, 4, 3411
7772, 4249, 54.67, 252, 68.48, 4, 3412
7773, 4250, 54.68, 252, 68.48, 4, 3412
7774, 4251, 54.68, 252, 68.48, 4, 3412
7775, 4252, 54.69, 252, 68.48, 4, 3412
7776, 4252, 54.68, 252, 68.48, 4, 3413
7777, 4253, 54.69, 252, 68.48, 4, 3413
7778, 4253, 54.68, 252, 68.48, 4, 3414
7779, 4253, 54.67, 252, 68.48, 4, 3415
7780, 4254, 54.68, 252, 68.48, 4, 3415
7781, 4254, 54.67, 252, 68.48, 4, 3416
7782, 4254, 54.66, 252, 68.48, 4, 3417
7783, 4254, 54.66, 252, 68.48, 4, 3418
7784, 4255, 54.66, 252, 68.48, 4, 3418
7785, 4255, 54.66, 252, 68.48, 4, 3419
7786, 4255, 54.65, 252, 68.48, 4, 3420
7787, 4256, 54.66, 252, 68.48, 4, 3420
7788, 4257, 54.66, 252, 68.48, 4, 3420
7789, 4258, 54.67, 252, 68.48, 4, 3420
7790, 4258, 54.66, 252, 68.48, 4, 3421
7791, 4259, 54.67, 252, 68.48, 4, 3421
7792, 4259, 54.66, 252, 68.48, 4, 3422
7793, 4259, 54.65, 252, 68.48, 4, 3423
7794, 4260, 54.66, 252, 68.48, 4, 3423
7795, 4260, 54.65, 252, 68.48, 4, 3424
7796, 4260, 54.64, 252, 68.48, 4, 3425
7797, 4260, 54.64, 252, 68.48, 4, 3426
7798, 4260, 54.63, 252, 68.48, 4, 3427
7799, 4261, 54.64, 252, 68.48, 4, 3427
7800, 4261, 54.63, 252, 68.48, 4, 3428
7801, 4261, 54.62, 252, 68.48, 4, 3429
7802, 4261, 54.61, 252, 68.48, 4, 3430
7803, 4261, 54.61, 252, 68.48, 4, 3431
7804, 4262, 54.61, 252, 68.48, 4, 3431
7805, 4263, 54.62, 252, 68.48, 4, 3431
7806, 4264, 54.62, 252, 68.48, 4, 3431
7807, 4264, 54.62, 252, 68.48, 4, 3432
7808, 4265, 54.62, 252, 68.48, 4, 3432
7809, 4266, 54.63, 252, 68.48, 4, 3432
7810, 4267, 54.64, 252, 68.48, 4, 3432
7811, 4268, 54.64, 252, 68.48, 4, 3432
7812, 4269, 54.65, 252, 68.48, 4, 3432
7813, 4270, 54.65, 252, 68.48, 4, 3432
7814, 4270, 54.65, 252, 68.48, 4, 3433
7815, 4270, 54.64, 252, 68.48, 4, 3434
7816, 4271, 54.64, 252, 68.48, 4, 3434
7817, 4271, 54.64, 252, 68.48, 4, 3435
7818, 4272, 54.64, 252, 68.48, 4, 3435
7819, 4273, 54.65, 252, 68.48, 4, 3435
7820, 4273, 54.64, 252, 68.48, 4, 3436
7821, 4274, 54.65, 252, 68.48, 4, 3436
7822, 4275, 54.65, 252, 68.48, 4, 3436
7823, 4276, 54.66, 252, 68.48, 4, 3436
7824, 4277, 54.67, 252, 68.48, 4, 3436
7825, 4278, 54.67, 252, 68.48, 4, 3436
7826, 4279, 54.68, 252, 68.48, 4, 3436
7827, 4280, 54.68, 252, 68.48, 4, 3436
7828, 4280, 54.68, 252, 68.48, 4, 3437
7829, 4281, 54.68, 252, 68.48, 4, 3437
7830, 4282, 54.69, 252, 68.48, 4, 3437
7831, 4282, 54.68, 252, 68.48, 4, 3438
7832, 4283, 54.69, 252, 68.48, 4, 3438
7833, 4284, 54.69, 252, 68.48, 4, 3438
7834, 4285, 54.70, 252, 68.48, 4, 3438
7835, 4285, 54.69, 252, 68.48, 4, 3439
7836, 4285, 54.68, 252, 68.48, 4, 3440
7837, 4286, 54.69, 252, 68.48, 4, 3440
7838, 4286, 54.68, 252, 68.48, 4, 3440
7839, 4287, 54.69, 252, 68.48, 4, 3440
7840, 4287, 54.68, 252, 68.48, 4, 3441
7841, 4288, 54.69, 252, 68.48, 4, 3441
7842, 4288, 54.68, 252, 68.48, 4, 3442
7843, 4288, 54.67, 252, 68.48, 4, 3443
7844, 4289, 54.68, 252, 68.48, 4, 3443
7845, 4290, 54.68, 252, 68.48, 4, 3443
7846, 4290, 54.68, 252, 68.48, 4, 3444
7847, 4290, 54.67, 252, 68.48, 4, 3445
7848, 4290, 54.66, 252, 68.48, 4, 3446
7849, 4290, 54.66, 252, 68.48, 4, 3447
7850, 4291, 54.66, 252, 68.48, 4, 3447
7851, 4292, 54.67, 252, 68.48, 4, 3447
7852, 4293, 54.67, 252, 68.48, 4, 3447
7853, 4293, 54.67, 252, 68.48, 4, 3448
7854, 4294, 54.67, 252, 68.48, 4, 3448
7855, 4295, 54.68, 252, 68.48, 4, 3448
7856, 4295, 54.67, 252, 68.48, 4, 3449
7857, 4296, 54.68, 252, 68.48, 4, 3449
7858, 4297, 54.68, 252, 68.48, 4, 3449
7859, 4297, 54.68, 252, 68.48, 4, 3450
7860, 4297, 54.67, 252, 68.48, 4, 3451
7861, 4298, 54.67, 252, 68.48, 4, 3451
7862, 4298, 54.67, 252, 68.48, 4, 3452
7863, 4298, 54.66, 252, 68.48, 4, 3453
7864, 4298, 54.65, 252, 68.48, 4, 3454
7865, 4299, 54.66, 252, 68.48, 4, 3454
7866, 4299, 54.65, 252, 68.48, 4, 3455
7867, 4299, 54.65, 252, 68.48, 4, 3456
7868, 4299, 54.64, 252, 68.48, 4, 3457
7869, 4299, 54.63, 252, 68.48, 4, 3458
7870, 4300, 54.64, 252, 68.48, 4, 3458
7871, 4301, 54.64, 252, 68.48, 4, 3458
7872, 4302, 54.65, 252, 68.48, 4, 3458
7873, 4302, 54.64, 252, 68.48, 4, 3459
7874, 4302, 54.64, 252, 68.48, 4, 3460
7875, 4303, 54.64, 252, 68.48, 4, 3460
7876, 4304, 54.65, 252, 68.48, 4, 3460
7877, 4304, 54.64, 252, 68.48, 4, 3461
7878, 4305, 54.65, 252, 68.48, 4, 3461
7879, 4305, 54.64, 252, 68.48, 4, 3462
7880, 4306, 54.64, 252, 68.48, 4, 3462
7881, 4306, 54.64, 252, 68.48, 4, 3463
7882, 4307, 54.64, 252, 68.48, 4, 3463
7883, 4308, 54.65, 252, 68.48, 4, 3463
7884, 4309, 54.65, 252, 68.48, 4, 3463
7885, 4310, 54.66, 252, 68.48, 4, 3463
7886, 4311, 54.67, 252, 68.48, 4, 3463
7887, 4311, 54.66, 252, 68.48, 4, 3464
7888, 4311, 54.65, 252, 68.48, 4, 3465
7889, 4312, 54.66, 252, 68.48, 4, 3465
7890, 4313, 54.66, 252, 68.48, 4, 3465
7891, 4314, 54.67, 252, 68.48, 4, 3465
7892, 4314, 54.66, 252, 68.48, 4, 3466
7893, 4315, 54.67, 252, 68.48, 4, 3466
7894, 4316, 54.67, 252, 68.48, 4, 3466
7895, 4316, 54.67, 252, 68.48, 4, 3467
7896, 4316, 54.66, 252, 68.48, 4, 3468
7897, 4317, 54.67, 252, 68.48, 4, 3468
7898, 4318, 54.67, 252, 68.48, 4, 3468
7899, 4319, 54.68, 252, 68.48, 4, 3468
7900, 4319, 54.67, 252, 68.48, 4, 3469
7901, 4319, 54.66, 252, 68.48, 4, 3470
7902, 4319, 54.66, 252, 68.48, 4, 3471
7903, 4320, 54.66, 252, 68.48, 4, 3471
7904, 4320, 54.66, 252, 68.48, 4, 3472
7905, 4321, 54.66, 252, 68.48, 4, 3472
7906, 4322, 54.67, 252, 68.48, 4, 3472
7907, 4322, 54.66, 252, 68.48, 4, 3473
7908, 4323, 54.67, 252, 68.48, 4, 3473
7909, 4324, 54.67, 252, 68.48, 4, 3473
7910, 4325, 54.68, 252, 68.48, 4, 3473
7911, 4326, 54.68, 252, 68.48, 4, 3473
7912, 4327, 54.69, 252, 68.48, 4, 3473
7913, 4328, 54.69, 252, 68.48, 4, 3473
7914, 4328, 54.69, 252, 68.48, 4, 3474
7915, 4329, 54.69, 252, 68.48, 4, 3474
7916, 4330, 54.70, 252, 68.48, 4, 3474
7917, 4331, 54.71, 252, 68.48, 4, 3474
7918, 4331, 54.70, 252, 68.48, 4, 3475
7919, 4332, 54.70, 252, 68.48, 4, 3475
7920, 4333, 54.71, 252, 68.48, 4, 3475
7921, 4334, 54.72, 252, 68.48, 4, 3475
7922, 4335, 54.72, 252, 68.48, 4, 3475
7923, 4336, 54.73, 252, 68.48, 4, 3475
7924, 4337, 54.73, 252, 68.48, 4, 3475
7925, 4338, 54.74, 252, 68.48, 4, 3475
7926, 4339, 54.74, 252, 68.48, 4, 3475
7927, 4339, 54.74, 252, 68.48, 4, 3476
7928, 4340, 54.74, 252, 68.48, 4, 3476
7929, 4341, 54.75, 252, 68.48, 4, 3476
7930, 4342, 54.75, 252, 68.48, 4, 3476
7931, 4343, 54.76, 252, 68.48, 4, 3476
7932, 4344, 54.77, 252, 68.48, 4, 3476
7933, 4345, 54.77, 252, 68.48, 4, 3476
7934, 4346, 54.78, 252, 68.48, 4, 3476
7935, 4347, 54.78, 252, 68.48, 4, 3476
7936, 4348, 54.79, 252, 68.48, 4, 3476
7937, 4349, 54.79, 252, 68.48, 4, 3476
7938, 4350, 54.80, 252, 68.48, 4, 3476
7939, 4350, 54.79, 252, 68.48, 4, 3477
7940, 4351, 54.80, 252, 68.48, 4, 3477
7941, 4352, 54.80, 252, 68.48, 4, 3477
7942, 4353, 54.81, 252, 68.48, 4, 3477
7943, 4354, 54.82, 252, 68.48, 4, 3477
7944, 4355, 54.82, 252, 68.48, 4, 3477
7945, 4356, 54.83, 252, 68.48, 4, 3477
7946, 4356, 54.82, 252, 68.48, 4, 3478
7947, 4357, 54.83, 252, 68.48, 4, 3478
7948, 4357, 54.82, 252, 68.48, 4, 3479
7949, 4358, 54.82, 252, 68.48, 4, 3479
7950, 4358, 54.82, 252, 68.48, 4, 3480
7951, 4358, 54.81, 252, 68.48, 4, 3481
7952, 4359, 54.82, 252, 68.48, 4, 3481
7953, 4359, 54.81, 252, 68.48, 4, 3482
7954, 4360, 54.82, 252, 68.48, 4, 3482
7955, 4360, 54.81, 252, 68.48, 4, 3483
7956, 4361, 54.81, 252, 68.48, 4, 3483
7957, 4361, 54.81, 252, 68.48, 4, 3484
7958, 4361, 54.80, 252, 68.48, 4, 3485
7959, 4362, 54.81, 252, 68.48, 4, 3485
7960, 4363, 54.81, 252, 68.48, 4, 3485
7961, 4364, 54.82, 252, 68.48, 4, 3485
7962, 4364, 54.81, 252, 68.48, 4, 3486
7963, 4365, 54.82, 252, 68.48, 4, 3486
7964, 4366, 54.82, 252, 68.48, 4, 3486
7965, 4366, 54.81, 252, 68.48, 4, 3487
7966, 4366, 54.81, 252, 68.48, 4, 3488
7967, 4367, 54.81, 252, 68.48, 4, 3488
7968, 4368, 54.82, 252, 68.48, 4, 3488
7969, 4368, 54.81, 252, 68.48, 4, 3489
7970, 4369, 54.82, 252, 68.48, 4, 3489
7971, 4370, 54.82, 252, 68.48, 4, 3489
7972, 4370, 54.82, 252, 68.48, 4, 3490
7973, 4371, 54.82, 252, 68.48, 4, 3490
7974, 4371, 54.82, 252, 68.48, 4, 3491
7975, 4371, 54.81, 252, 68.48, 4, 3492
7976, 4371, 54.80, 252, 68.48, 4, 3493
7977, 4371, 54.80, 252, 68.48, 4, 3494
7978, 4372, 54.80, 252, 68.48, 4, 3494
7979, 4373, 54.81, 252, 68.48, 4, 3494
7980, 4374, 54.81, 252, 68.48, 4, 3494
7981, 4374, 54.81, 252, 68.48, 4, 3495
7982, 4374, 54.80, 252, 68.48, 4, 3496
7983, 4375, 54.80, 252, 68.48, 4, 3496
7984, 4376, 54.81, 252, 68.48, 4, 3496
7985, 4377, 54.82, 252, 68.48, 4, 3496
7986, 4377, 54.81, 252, 68.48, 4, 3497
7987, 4377, 54.80, 252, 68.48, 4, 3498
7988, 4377, 54.79, 252, 68.48, 4, 3499
7989, 4377, 54.79, 252, 68.48, 4, 3500
7990, 4377, 54.78, 252, 68.48, 4, 3501
7991, 4377, 54.77, 252, 68.48, 4, 3502
7992, 4378, 54.78, 252, 68.48, 4, 3502
7993, 4379, 54.79, 252, 68.48, 4, 3502
7994, 4379, 54.78, 252, 68.48, 4, 3503
7995, 4380, 54.78, 252, 68.48, 4, 3503
7996, 4381, 54.79, 252, 68.48, 4, 3503
7997, 4381, 54.78, 252, 68.48, 4, 3504
7998, 4382, 54.79, 252, 68.48, 4, 3504
7999, 4383, 54.79, 252, 68.48, 4, 3504
8000, 4384, 54.80, 252, 68.48, 4, 3504
8001, 4384, 54.79, 252, 68.48, 4, 3505
8002, 4385, 54.80, 252, 68.48, 4, 3505
8003, 4386, 54.80, 252, 68.48, 4, 3505
8004, 4387, 54.81, 252, 68.48, 4, 3505
8005, 4387, 54.80, 252, 68.48, 4, 3506
8006, 4388, 54.81, 252, 68.48, 4, 3506
8007, 4388, 54.80, 252, 68.48, 4, 3507
8008, 4389, 54.81, 252, 68.48, 4, 3507
8009, 4389, 54.80, 252, 68.48, 4, 3508
8010, 4390, 54.81, 252, 68.48, 4, 3508
8011, 4391, 54.81, 252, 68.48, 4, 3508
8012, 4392, 54.82, 252, 68.48, 4, 3508
8013, 4393, 54.82, 252, 68.48, 4, 3508
8014, 4393, 54.82, 252, 68.48, 4, 3509
8015, 4394, 54.82, 252, 68.48, 4, 3509
8016, 4395, 54.83, 252, 68.48, 4, 3509
8017, 4396, 54.83, 252, 68.48, 4, 3509
8018, 4396, 54.83, 252, 68.48, 4, 3510
8019, 4396, 54.82, 252, 68.48, 4, 3511
8020, 4396, 54.81, 252, 68.48, 4, 3512
8021, 4396, 54.81, 252, 68.48, 4, 3513
8022, 4397, 54.81, 252, 68.48, 4, 3513
8023, 4398, 54.82, 252, 68.48, 4, 3513
8024, 4399, 54.82, 252, 68.48, 4, 3513
8025, 4399, 54.82, 252, 68.48, 4, 3514
8026, 4400, 54.82, 252, 68.48, 4, 3514
8027, 4401, 54.83, 252, 68.48, 4, 3514
8028, 4402, 54.83, 252, 68.48, 4, 3514
8029, 4402, 54.83, 252, 68.48, 4, 3515
8030, 4403, 54.83, 252, 68.48, 4, 3515
8031, 4403, 54.83, 252, 68.48, 4, 3516
8032, 4404, 54.83, 252, 68.48, 4, 3516
8033, 4405, 54.84, 252, 68.48, 4, 3516
8034, 4405, 54.83, 252, 68.48, 4, 3517
8035, 4405, 54.82, 252, 68.48, 4, 3518
8036, 4406, 54.83, 252, 68.48, 4, 3518
8037, 4406, 54.82, 252, 68.48, 4, 3519
8038, 4407, 54.83, 252, 68.48, 4, 3519
8039, 4408, 54.83, 252, 68.48, 4, 3519
8040, 4409, 54.84, 252, 68.48, 4, 3519
8041, 4409, 54.83, 252, 68.48, 4, 3520
8042, 4409, 54.82, 252, 68.48, 4, 3521
8043, 4409, 54.82, 252, 68.48, 4, 3522
8044, 4410, 54.82, 252, 68.48, 4, 3522
8045, 4410, 54.82, 252, 68.48, 4, 3523
8046, 4411, 54.82, 252, 68.48, 4, 3523
8047, 4412, 54.83, 252, 68.48, 4, 3523
8048, 4412, 54.82, 252, 68.48, 4, 3524
8049, 4413, 54.83, 252, 68.48, 4, 3524
8050, 4414, 54.83, 252, 68.48, 4, 3524
8051, 4414, 54.83, 252, 68.48, 4, 3525
8052, 4415, 54.83, 252, 68.48, 4, 3525
8053, 4415, 54.82, 252, 68.48, 4, 3526
8054, 4415, 54.82, 252, 68.48, 4, 3527
8055, 4416, 54.82, 252, 68.48, 4, 3527
8056, 4416, 54.82, 252, 68.48, 4, 3528
8057, 4417, 54.82, 252, 68.48, 4, 3528
8058, 4418, 54.83, 252, 68.48, 4, 3528
8059, 4419, 54.83, 252, 68.48, 4, 3528
8060, 4420, 54.84, 252, 68.48, 4, 3528
8061, 4421, 54.84, 252, 68.48, 4, 3528
8062, 4421, 54.84, 252, 68.48, 4, 3529
8063, 4422, 54.84, 252, 68.48, 4, 3529
8064, 4423, 54.85, 252, 68.48, 4, 3529
8065, 4423, 54.84, 252, 68.48, 4, 3530
8066, 4424, 54.85, 252, 68.48, 4, 3530
8067, 4424, 54.84, 252, 68.48, 4, 3531
8068, 4424, 54.83, 252, 68.48, 4, 3532
8069, 4425, 54.84, 252, 68.48, 4, 3532
8070, 4425, 54.83, 252, 68.48, 4, 3533
8071, 4425, 54.83, 252, 68.48, 4, 3534
8072, 4426, 54.83, 252, 68.48, 4, 3534
8073, 4426, 54.82, 252, 68.48, 4, 3535
8074, 4427, 54.83, 252, 68.48, 4, 3535
8075, 4427, 54.82, 252, 68.48, 4, 3536
8076, 4428, 54.83, 252, 68.48, 4, 3536
8077, 4429, 54.83, 252, 68.48, 4, 3536
8078, 4429, 54.83, 252, 68.48, 4, 3537
8079, 4429, 54.82, 252, 68.48, 4, 3538
8080, 4430, 54.83, 252, 68.48, 4, 3538
8081, 4430, 54.82, 252, 68.48, 4, 3539
8082, 4431, 54.83, 252, 68.48, 4, 3539
8083, 4432, 54.83, 252, 68.48, 4, 3539
8084, 4432, 54.82, 252, 68.48, 4, 3540
8085, 4433, 54.83, 252, 68.48, 4, 3540
8086, 4434, 54.84, 252, 68.48, 4, 3540
8087, 4435, 54.84, 252, 68.48, 4, 3540
8088, 4436, 54.85, 252, 68.48, 4, 3540
8089, 4437, 54.85, 252, 68.48, 4, 3540
8090, 4437, 54.85, 252, 68.48, 4, 3541
8091, 4438, 54.85, 252, 68.48, 4, 3541
8092, 4438, 54.84, 252, 68.48, 4, 3542
8093, 4438, 54.84, 252, 68.48, 4, 3543
8094, 4438, 54.83, 252, 68.48, 4, 3544
8095, 4438, 54.82, 252, 68.48, 4, 3545
8096, 4438, 54.82, 252, 68.48, 4, 3546
8097, 4438, 54.81, 252, 68.48, 4, 3547
8098, 4439, 54.82, 252, 68.48, 4, 3547
8099, 4440, 54.82, 252, 68.48, 4, 3547
8100, 4441, 54.83, 252, 68.48, 4, 3547
8101, 4441, 54.82, 252, 68.48, 4, 3548
8102, 4442, 54.83, 252, 68.48, 4, 3548
8103, 4443, 54.83, 252, 68.48, 4, 3548
8104, 4443, 54.82, 252, 68.48, 4, 3549
8105, 4444, 54.83, 252, 68.48, 4, 3549
8106, 4444, 54.82, 252, 68.48, 4, 3550
8107, 4444, 54.82, 252, 68.48, 4, 3551
8108, 4444, 54.81, 252, 68.48, 4, 3552
8109, 4445, 54.82, 252, 68.48, 4, 3552
8110, 4446, 54.82, 252, 68.48, 4, 3552
8111, 4447, 54.83, 252, 68.48, 4, 3552
8112, 4448, 54.83, 252, 68.48, 4, 3552
8113, 4449, 54.84, 252, 68.48, 4, 3552
8114, 4449, 54.83, 252, 68.48, 4, 3553
8115, 4450, 54.84, 252, 68.48, 4, 3553
8116, 4451, 54.84, 252, 68.48, 4, 3553
8117, 4452, 54.85, 252, 68.48, 4, 3553
8118, 4453, 54.85, 252, 68.48, 4, 3553
8119, 4453, 54.85, 252, 68.48, 4, 3554
8120, 4454, 54.85, 252, 68.48, 4, 3554
8121, 4455, 54.86, 252, 68.48, 4, 3554
8122, 4455, 54.85, 252, 68.48, 4, 3555
8123, 4456, 54.86, 252, 68.48, 4, 3555
8124, 4456, 54.85, 252, 68.48, 4, 3556
8125, 4457, 54.86, 252, 68.48, 4, 3556
8126, 4457, 54.85, 252, 68.48, 4, 3557
8127, 4457, 54.84, 252, 68.48, 4, 3558
8128, 4458, 54.85, 252, 68.48, 4, 3558
8129, 4458, 54.84, 252, 68.48, 4, 3559
8130, 4459, 54.85, 252, 68.48, 4, 3559
8131, 4459, 54.84, 252, 68.48, 4, 3560
8132, 4460, 54.85, 252, 68.48, 4, 3560
8133, 4461, 54.85, 252, 68.48, 4, 3560
8134, 4461, 54.84, 252, 68.48, 4, 3561
8135, 4462, 54.85, 252, 68.48, 4, 3561
8136, 4462, 54.84, 252, 68.48, 4, 3562
8137, 4463, 54.85, 252, 68.48, 4, 3562
8138, 4463, 54.84, 252, 68.48, 4, 3563
8139, 4463, 54.83, 252, 68.48, 4, 3564
8140, 4464, 54.84, 252, 68.48, 4, 3564
8141, 4464, 54.83, 252, 68.48, 4, 3565
8142, 4465, 54.84, 252, 68.48, 4, 3565
8143, 4465, 54.83, 252, 68.48, 4, 3566
8144, 4466, 54.84, 252, 68.48, 4, 3566
8145, 4467, 54.84, 252, 68.48, 4, 3566
8146, 4467, 54.84, 252, 68.48, 4, 3567
8147, 4467, 54.83, 252, 68.48, 4, 3568
8148, 4467, 54.82, 252, 68.48, 4, 3569
8149, 4468, 54.83, 252, 68.48, 4, 3569
8150, 4469, 54.83, 252, 68.48, 4, 3569
8151, 4470, 54.84, 252, 68.48, 4, 3569
8152, 4471, 54.85, 252, 68.48, 4, 3569
8153, 4472, 54.85, 252, 68.48, 4, 3569
8154, 4473, 54.86, 252, 68.48, 4, 3569
8155, 4473, 54.85, 252, 68.48, 4, 3570
8156, 4474, 54.86, 252, 68.48, 4, 3570
8157, 4474, 54.85, 252, 68.48, 4, 3571
8158, 4474, 54.84, 252, 68.48, 4, 3572
8159, 4474, 54.84, 252, 68.48, 4, 3573
8160, 4474, 54.83, 252, 68.48, 4, 3574
8161, 4474, 54.82, 252, 68.48, 4, 3575
8162, 4474, 54.81, 252, 68.48, 4, 3576
8163, 4475, 54.82, 252, 68.48, 4, 3576
8164, 4475, 54.81, 252, 68.48, 4, 3577
8165, 4476, 54.82, 252, 68.48, 4, 3577
8166, 4476, 54.81, 252, 68.48, 4, 3578
8167, 4476, 54.81, 252, 68.48, 4, 3579
8168, 4477, 54.81, 252, 68.48, 4, 3579
8169, 4478, 54.82, 252, 68.48, 4, 3579
8170, 4478, 54.81, 252, 68.48, 4, 3580
8171, 4478, 54.80, 252, 68.48, 4, 3581
8172, 4478, 54.80, 252, 68.48, 4, 3582
8173, 4479, 54.80, 252, 68.48, 4, 3582
8174, 4479, 54.80, 252, 68.48, 4, 3583
8175, 4479, 54.79, 252, 68.48, 4, 3584
8176, 4480, 54.79, 252, 68.48, 4, 3584
8177, 4480, 54.79, 252, 68.48, 4, 3585
8178, 4481, 54.79, 252, 68.48, 4, 3585
8179, 4481, 54.79, 252, 68.48, 4, 3586
8180, 4482, 54.79, 252, 68.48, 4, 3586
8181, 4483, 54.80, 252, 68.48, 4, 3586
8182, 4484, 54.80, 252, 68.48, 4, 3586
8183, 4484, 54.80, 252, 68.48, 4, 3587
8184, 4484, 54.79, 252, 68.48, 4, 3588
8185, 4484, 54.78, 252, 68.48, 4, 3589
8186, 4484, 54.78, 252, 68.48, 4, 3590
8187, 4485, 54.78, 252, 68.48, 4, 3590
8188, 4486, 54.79, 252, 68.48, 4, 3590
8189, 4487, 54.79, 252, 68.48, 4, 3590
8190, 4487, 54.79, 252, 68.48, 4, 3591
8191, 4487, 54.78, 252, 68.48, 4, 3592
8192, 4488, 54.79, 252, 68.48, 4, 3592
8193, 4488, 54.78, 252, 68.48, 4, 3593
8194, 4489, 54.78, 252, 68.48, 4, 3593
8195, 4490, 54.79, 252, 68.48, 4, 3593
8196, 4490, 54.78, 252, 68.48, 4, 3594
8197, 4491, 54.79, 252, 68.48, 4, 3594
8198, 4491, 54.78, 252, 68.48, 4, 3595
8199, 4491, 54.77, 252, 68.48, 4, 3596
8200, 4491, 54.77, 252, 68.48, 4, 3597
8201, 4491, 54.76, 252, 68.48, 4, 3598
8202, 4491, 54.75, 252, 68.48, 4, 3599
8203, 4491, 54.75, 252, 68.48, 4, 3600
8204, 4491, 54.74, 252, 68.48, 4, 3601
8205, 4492, 54.75, 252, 68.48, 4, 3601
8206, 4493, 54.75, 252, 68.48, 4, 3601
8207, 4493, 54.75, 252, 68.48, 4, 3602
8208, 4493, 54.74, 252, 68.48, 4, 3603
8209, 4494, 54.74, 252, 68.48, 4, 3603
8210, 4494, 54.74, 252, 68.48, 4, 3604
8211, 4494, 54.73, 252, 68.48, 4, 3605
8212, 4495, 54.74, 252, 68.48, 4, 3605
8213, 4496, 54.74, 252, 68.48, 4, 3605
8214, 4496, 54.74, 252, 68.48, 4, 3606
8215, 4497, 54.74, 252, 68.48, 4, 3606
8216, 4498, 54.75, 252, 68.48, 4, 3606
8217, 4499, 54.75, 252, 68.48, 4, 3606
8218, 4500, 54.76, 252, 68.48, 4, 3606
8219, 4500, 54.75, 252, 68.48, 4, 3607
8220, 4500, 54.74, 252, 68.48, 4, 3608
8221, 4501, 54.75, 252, 68.48, 4, 3608
8222, 4501, 54.74, 252, 68.48, 4, 3609
8223, 4502, 54.75, 252, 68.48, 4, 3609
8224, 4503, 54.75, 252, 68.48, 4, 3609
8225, 4503, 54.75, 252, 68.48, 4, 3610
8226, 4504, 54.75, 252, 68.48, 4, 3610
8227, 4504, 54.75, 252, 68.48, 4, 3611
8228, 4505, 54.75, 252, 68.48, 4, 3611
8229, 4506, 54.76, 252, 68.48, 4, 3611
8230, 4506, 54.75, 252, 68.48, 4, 3612
8231, 4506, 54.74, 252, 68.48, 4, 3613
8232, 4507, 54.75, 252, 68.48, 4, 3613
8233, 4507, 54.74, 252, 68.48, 4, 3614
8234, 4507, 54.74, 252, 68.48, 4, 3615
8235, 4507, 54.73, 252, 68.48, 4, 3616
8236, 4508, 54.74, 252, 68.48, 4, 3616
8237, 4508, 54.73, 252, 68.48, 4, 3617
8238, 4508, 54.72, 252, 68.48, 4, 3618
8239, 4508, 54.72, 252, 68.48, 4, 3619
8240, 4508, 54.71, 252, 68.48, 4, 3620
8241, 4509, 54.71, 252, 68.48, 4, 3620
8242, 4509, 54.71, 252, 68.48, 4, 3621
8243, 4509, 54.70, 252, 68.48, 4, 3622
8244, 4509, 54.69, 252, 68.48, 4, 3623
8245, 4509, 54.69, 252, 68.48, 4, 3624
8246, 4509, 54.68, 252, 68.48, 4, 3625
8247, 4509, 54.67, 252, 68.48, 4, 3626
8248, 4510, 54.68, 252, 68.48, 4, 3626
8249, 4511, 54.69, 252, 68.48, 4, 3626
8250, 4512, 54.69, 252, 68.48, 4, 3626
8251, 4512, 54.68, 252, 68.48, 4, 3627
8252, 4512, 54.68, 252, 68.48, 4, 3628
8253, 4512, 54.67, 252, 68.48, 4, 3629
8254, 4513, 54.68, 252, 68.48, 4, 3629
8255, 4514, 54.68, 252, 68.48, 4, 3629
8256, 4514, 54.68, 252, 68.48, 4, 3630
8257, 4514, 54.67, 252, 68.48, 4, 3631
8258, 4514, 54.66, 252, 68.48, 4, 3632
8259, 4515, 54.67, 252, 68.48, 4, 3632
8260, 4515, 54.66, 252, 68.48, 4, 3633
8261, 4515, 54.65, 252, 68.48, 4, 3634
8262, 4516, 54.66, 252, 68.48, 4, 3634
8263, 4517, 54.67, 252, 68.48, 4, 3634
8264, 4518, 54.67, 252, 68.48, 4, 3634
8265, 4518, 54.66, 252, 68.48, 4, 3635
8266, 4519, 54.67, 252, 68.48, 4, 3635
8267, 4519, 54.66, 252, 68.48, 4, 3636
8268, 4519, 54.66, 252, 68.48, 4, 3637
8269, 4520, 54.66, 252, 68.48, 4, 3637
8270, 4521, 54.67, 252, 68.48, 4, 3637
8271, 4521, 54.66, 252, 68.48, 4, 3638
8272, 4522, 54.67, 252, 68.48, 4, 3638
8273, 4523, 54.67, 252, 68.48, 4, 3638
8274, 4523, 54.67, 252, 68.48, 4, 3639
8275, 4524, 54.67, 252, 68.48, 4, 3639
8276, 4525, 54.68, 252, 68.48, 4, 3639
8277, 4526, 54.68, 252, 68.48, 4, 3639
8278, 4526, 54.68, 252, 68.48, 4, 3640
8279, 4526, 54.67, 252, 68.48, 4, 3641
8280, 4527, 54.67, 252, 68.48, 4, 3641
8281, 4527, 54.67, 252, 68.48, 4, 3642
8282, 4527, 54.66, 252, 68.48, 4, 3643
8283, 4528, 54.67, 252, 68.48, 4, 3643
8284, 4529, 54.67, 252, 68.48, 4, 3643
8285, 4529, 54.67, 252, 68.48, 4, 3644
8286, 4530, 54.67, 252, 68.48, 4, 3644
8287, 4531, 54.68, 252, 68.48, 4, 3644
8288, 4531, 54.67, 252, 68.48, 4, 3645
8289, 4532, 54.67, 252, 68.48, 4, 3645
8290, 4533, 54.68, 252, 68.48, 4, 3645
8291, 4533, 54.67, 252, 68.48, 4, 3646
8292, 4534, 54.68, 252, 68.48, 4, 3646
8293, 4534, 54.67, 252, 68.48, 4, 3647
8294, 4535, 54.68, 252, 68.48, 4, 3647
8295, 4536, 54.68, 252, 68.48, 4, 3647
8296, 4536, 54.68, 252, 68.48, 4, 3648
8297, 4537, 54.68, 252, 68.48, 4, 3648
8298, 4537, 54.68, 252, 68.48, 4, 3649
8299, 4537, 54.67, 252, 68.48, 4, 3650
8300, 4538, 54.67, 252, 68.48, 4, 3650
8301, 4539, 54.68, 252, 68.48, 4, 3650
8302, 4540, 54.69, 252, 68.48, 4, 3650
8303, 4541, 54.69, 252, 68.48, 4, 3650
8304, 4541, 54.68, 252, 68.48, 4, 3651
8305, 4542, 54.69, 252, 68.48, 4, 3651
8306, 4543, 54.70, 252, 68.48, 4, 3651
8307, 4544, 54.70, 252, 68.48, 4, 3651
8308, 4544, 54.69, 252, 68.48, 4, 3652
8309, 4544, 54.69, 252, 68.48, 4, 3653
8310, 4544, 54.68, 252, 68.48, 4, 3654
8311, 4545, 54.69, 252, 68.48, 4, 3654
8312, 4546, 54.69, 252, 68.48, 4, 3654
8313, 4547, 54.70, 252, 68.48, 4, 3654
8314, 4548, 54.70, 252, 68.48, 4, 3654
8315, 4549, 54.71, 252, 68.48, 4, 3654
8316, 4549, 54.70, 252, 68.48, 4, 3655
8317, 4550, 54.71, 252, 68.48, 4, 3655
8318, 4550, 54.70, 252, 68.48, 4, 3656
8319, 4550, 54.69, 252, 68.48, 4, 3657
8320, 4551, 54.70, 252, 68.48, 4, 3657
8321, 4551, 54.69, 252, 68.48, 4, 3658
8322, 4551, 54.69, 252, 68.48, 4, 3659
8323, 4552, 54.69, 252, 68.48, 4, 3659
8324, 4553, 54.70, 252, 68.48, 4, 3659
8325, 4553, 54.69, 252, 68.48, 4, 3660
8326, 4553, 54.68, 252, 68.48, 4, 3661
8327, 4554, 54.69, 252, 68.48, 4, 3661
8328, 4554, 54.68, 252, 68.48, 4, 3662
8329, 4554, 54.68, 252, 68.48, 4, 3663
8330, 4554, 54.67, 252, 68.48, 4, 3664
8331, 4555, 54.68, 252, 68.48, 4, 3664
8332, 4556, 54.68, 252, 68.48, 4, 3664
8333, 4556, 54.67, 252, 68.48, 4, 3665
8334, 4556, 54.67, 252, 68.48, 4, 3666
8335, 4556, 54.66, 252, 68.48, 4, 3667
8336, 4557, 54.67, 252, 68.48, 4, 3667
8337, 4558, 54.67, 252, 68.48, 4, 3667
8338, 4559, 54.68, 252, 68.48, 4, 3667
8339, 4560, 54.68, 252, 68.48, 4, 3667
8340, 4560, 54.68, 252, 68.48, 4, 3668
8341, 4560, 54.67, 252, 68.48, 4, 3669
8342, 4561, 54.68, 252, 68.48, 4, 3669
8343, 4562, 54.68, 252, 68.48, 4, 3669
8344, 4563, 54.69, 252, 68.48, 4, 3669
8345, 4564, 54.69, 252, 68.48, 4, 3669
8346, 4565, 54.70, 252, 68.48, 4, 3669
8347, 4565, 54.69, 252, 68.48, 4, 3670
8348, 4566, 54.70, 252, 68.48, 4, 3670
8349, 4567, 54.70, 252, 68.48, 4, 3670
8350, 4568, 54.71, 252, 68.48, 4, 3670
8351, 4569, 54.71, 252, 68.48, 4, 3670
8352, 4570, 54.72, 252, 68.48, 4, 3670
8353, 4571, 54.72, 252, 68.48, 4, 3670
8354, 4572, 54.73, 252, 68.48, 4, 3670
8355, 4572, 54.72, 252, 68.48, 4, 3671
8356, 4573, 54.73, 252, 68.48, 4, 3671
8357, 4574, 54.73, 252, 68.48, 4, 3671
8358, 4575, 54.74, 252, 68.48, 4, 3671
8359, 4576, 54.74, 252, 68.48, 4, 3671
8360, 4577, 54.75, 252, 68.48, 4, 3671
8361, 4577, 54.74, 252, 68.48, 4, 3672
8362, 4578, 54.75, 252, 68.48, 4, 3672
8363, 4579, 54.75, 252, 68.48, 4, 3672
8364, 4580, 54.76, 252, 68.48, 4, 3672
8365, 4581, 54.76, 252, 68.48, 4, 3672
8366, 4581, 54.76, 252, 68.48, 4, 3673
8367, 4582, 54.76, 252, 68.48, 4, 3673
8368, 4583, 54.77, 252, 68.48, 4, 3673
8369, 4583, 54.76, 252, 68.48, 4, 3674
8370, 4583, 54.76, 252, 68.48, 4, 3675
8371, 4584, 54.76, 252, 68.48, 4, 3675
8372, 4585, 54.77, 252, 68.48, 4, 3675
8373, 4586, 54.77, 252, 68.48, 4, 3675
8374, 4587, 54.78, 252, 68.48, 4, 3675
8375, 4587, 54.77, 252, 68.48, 4, 3676
8376, 4588, 54.78, 252, 68.48, 4, 3676
8377, 4589, 54.78, 252, 68.48, 4, 3676
8378, 4590, 54.79, 252, 68.48, 4, 3676
8379, 4590, 54.78, 252, 68.48, 4, 3677
8380, 4591, 54.79, 252, 68.48, 4, 3677
8381, 4591, 54.78, 252, 68.48, 4, 3678
8382, 4591, 54.77, 252, 68.48, 4, 3679
8383, 4591, 54.77, 252, 68.48, 4, 3680
8384, 4592, 54.77, 252, 68.48, 4, 3680
8385, 4593, 54.78, 252, 68.48, 4, 3680
8386, 4594, 54.78, 252, 68.48, 4, 3680
8387, 4595, 54.79, 252, 68.48, 4, 3680
8388, 4596, 54.79, 252, 68.48, 4, 3680
8389, 4597, 54.80, 252, 68.48, 4, 3680
8390, 4597, 54.79, 252, 68.48, 4, 3681
8391, 4598, 54.80, 252, 68.48, 4, 3681
8392, 4599, 54.80, 252, 68.48, 4, 3681
8393, 4600, 54.81, 252, 68.48, 4, 3681
8394, 4601, 54.81, 252, 68.48, 4, 3681
8395, 4602, 54.82, 252, 68.48, 4, 3681
8396, 4603, 54.82, 252, 68.48, 4, 3681
8397, 4604, 54.83, 252, 68.48, 4, 3681
8398, 4605, 54.83, 252, 68.48, 4, 3681
8399, 4605, 54.83, 252, 68.48, 4, 3682
8400, 4605, 54.82, 252, 68.48, 4, 3683
8401, 4606, 54.83, 252, 68.48, 4, 3683
8402, 4606, 54.82, 252, 68.48, 4, 3684
8403, 4607, 54.83, 252, 68.48, 4, 3684
8404, 4607, 54.82, 252, 68.48, 4, 3685
8405, 4608, 54.82, 252, 68.48, 4, 3685
8406, 4609, 54.83, 252, 68.48, 4, 3685
8407, 4610, 54.84, 252, 68.48, 4, 3685
8408, 4610, 54.83, 252, 68.48, 4, 3686
8409, 4611, 54.83, 252, 68.48, 4, 3686
8410, 4612, 54.84, 252, 68.48, 4, 3686
8411, 4612, 54.83, 252, 68.48, 4, 3687
8412, 4613, 54.84, 252, 68.48, 4, 3687
8413, 4614, 54.84, 252, 68.48, 4, 3687
8414, 4614, 54.84, 252, 68.48, 4, 3688
8415, 4614, 54.83, 252, 68.48, 4, 3689
8416, 4615, 54.84, 252, 68.48, 4, 3689
8417, 4616, 54.84, 252, 68.48, 4, 3689
8418, 4617, 54.85, 252, 68.48, 4, 3689
8419, 4618, 54.85, 252, 68.48, 4, 3689
8420, 4618, 54.85, 252, 68.48, 4, 3690
8421, 4619, 54.85, 252, 68.48, 4, 3690
8422, 4619, 54.84, 252, 68.48, 4, 3691
8423, 4620, 54.85, 252, 68.48, 4, 3691
8424, 4621, 54.86, 252, 68.48, 4, 3691
8425, 4622, 54.86, 252, 68.48, 4, 3691
8426, 4622, 54.85, 252, 68.48, 4, 3692
8427, 4623, 54.86, 252, 68.48, 4, 3692
8428, 4623, 54.85, 252, 68.48, 4, 3693
8429, 4623, 54.85, 252, 68.48, 4, 3693
8430, 4623, 54.84, 252, 68.48, 4, 3694
8431, 4624, 54.85, 252, 68.48, 4, 3694
8432, 4625, 54.85, 252, 68.48, 4, 3694
8433, 4625, 54.84, 252, 68.48, 4, 3695
8434, 4626, 54.85, 252, 68.48, 4, 3695
8435, 4626, 54.84, 252, 68.48, 4, 3696
8436, 4627, 54.85, 252, 68.48, 4, 3696
8437, 4628, 54.85, 252, 68.48, 4, 3696
8438, 4629, 54.86, 252, 68.48, 4, 3696
8439, 4630, 54.86, 252, 68.48, 4, 3696
8440, 4631, 54.87, 252, 68.48, 4, 3696
8441, 4631, 54.86, 252, 68.48, 4, 3697
8442, 4632, 54.87, 252, 68.48, 4, 3697
8443, 4632, 54.86, 252, 68.48, 4, 3698
8444, 4633, 54.87, 252, 68.48, 4, 3698
8445, 4634, 54.87, 252, 68.48, 4, 3698
8446, 4634, 54.87, 252, 68.48, 4, 3699
8447, 4634, 54.86, 252, 68.48, 4, 3700
8448, 4634, 54.85, 252, 68.48, 4, 3701
8449, 4634, 54.85, 252, 68.48, 4, 3702
8450, 4634, 54.84, 252, 68.48, 4, 3703
8451, 4634, 54.83, 252, 68.48, 4, 3704
8452, 4635, 54.84, 252, 68.48, 4, 3704
8453, 4635, 54.83, 252, 68.48, 4, 3705
8454, 4635, 54.83, 252, 68.48, 4, 3706
8455, 4635, 54.82, 252, 68.48, 4, 3707
8456, 4635, 54.81, 252, 68.48, 4, 3708
8457, 4635, 54.81, 252, 68.48, 4, 3709
8458, 4636, 54.81, 252, 68.48, 4, 3709
8459, 4637, 54.82, 252, 68.48, 4, 3709
8460, 4638, 54.82, 252, 68.48, 4, 3709
8461, 4639, 54.83, 252, 68.48, 4, 3709
8462, 4639, 54.82, 252, 68.48, 4, 3710
8463, 4640, 54.83, 252, 68.48, 4, 3710
8464, 4640, 54.82, 252, 68.48, 4, 3711
8465, 4640, 54.81, 252, 68.48, 4, 3712
8466, 4641, 54.82, 252, 68.48, 4, 3712
8467, 4642, 54.82, 252, 68.48, 4, 3712
8468, 4642, 54.82, 252, 68.48, 4, 3713
8469, 4642, 54.81, 252, 68.48, 4, 3714
8470, 4643, 54.82, 252, 68.48, 4, 3714
8471, 4643, 54.81, 252, 68.48, 4, 3715
8472, 4643, 54.80, 252, 68.48, 4, 3716
8473, 4644, 54.81, 252, 68.48, 4, 3716
8474, 4644, 54.80, 252, 68.48, 4, 3717
8475, 4644, 54.80, 252, 68.48, 4, 3718
8476, 4644, 54.79, 252, 68.48, 4, 3719
8477, 4645, 54.80, 252, 68.48, 4, 3719
8478, 4645, 54.79, 252, 68.48, 4, 3720
8479, 4645, 54.78, 252, 68.48, 4, 3721
8480, 4645, 54.78, 252, 68.48, 4, 3722
8481, 4645, 54.77, 252, 68.48, 4, 3723
8482, 4645, 54.76, 252, 68.48, 4, 3724
8483, 4645, 54.76, 252, 68.48, 4, 3725
8484, 4645, 54.75, 252, 68.48, 4, 3726
8485, 4646, 54.76, 252, 68.48, 4, 3726
8486, 4647, 54.76, 252, 68.48, 4, 3726
8487, 4648, 54.77, 252, 68.48, 4, 3726
8488, 4648, 54.76, 252, 68.48, 4, 3727
8489, 4649, 54.76, 252, 68.48, 4, 3727
8490, 4649, 54.76, 252, 68.48, 4, 3728
8491, 4650, 54.76, 252, 68.48, 4, 3728
8492, 4651, 54.77, 252, 68.48, 4, 3728
8493, 4651, 54.76, 252, 68.48, 4, 3729
8494, 4651, 54.76, 252, 68.48, 4, 3730
8495, 4651, 54.75, 252, 68.48, 4, 3731
8496, 4651, 54.74, 252, 68.48, 4, 3732
8497, 4652, 54.75, 252, 68.48, 4, 3732
8498, 4652, 54.74, 252, 68.48, 4, 3733
8499, 4652, 54.74, 252, 68.48, 4, 3734
8500, 4653, 54.74, 252, 68.48, 4, 3734
8501, 4654, 54.75, 252, 68.48, 4, 3734
8502, 4655, 54.75, 252, 68.48, 4, 3734
8503, 4656, 54.76, 252, 68.48, 4, 3734
8504, 4657, 54.76, 252, 68.48, 4, 3734
8505, 4658, 54.77, 252, 68.48, 4, 3734
8506, 4658, 54.76, 252, 68.48, 4, 3735
8507, 4658, 54.75, 252, 68.48, 4, 3736
8508, 4658, 54.75, 252, 68.48, 4, 3737
8509, 4659, 54.75, 252, 68.48, 4, 3737
8510, 4659, 54.75, 252, 68.48, 4, 3738
8511, 4659, 54.74, 252, 68.48, 4, 3739
8512, 4660, 54.75, 252, 68.48, 4, 3739
8513, 4660, 54.74, 252, 68.48, 4, 3740
8514, 4660, 54.73, 252, 68.48, 4, 3741
8515, 4660, 54.73, 252, 68.48, 4, 3742
8516, 4661, 54.73, 252, 68.48, 4, 3742
8517, 4661, 54.73, 252, 68.48, 4, 3743
8518, 4661, 54.72, 252, 68.48, 4, 3744
8519, 4661, 54.71, 252, 68.48, 4, 3745
8520, 4661, 54.71, 252, 68.48, 4, 3746
8521, 4661, 54.70, 252, 68.48, 4, 3747
8522, 4662, 54.71, 252, 68.48, 4, 3747
8523, 4663, 54.71, 252, 68.48, 4, 3747
8524, 4663, 54.70, 252, 68.48, 4, 3748
8525, 4664, 54.71, 252, 68.48, 4, 3748
8526, 4665, 54.71, 252, 68.48, 4, 3748
8527, 4666, 54.72, 252, 68.48, 4, 3748
8528, 4666, 54.71, 252, 68.48, 4, 3749
8529, 4667, 54.72, 252, 68.48, 4, 3749
8530, 4667, 54.71, 252, 68.48, 4, 3750
8531, 4667, 54.71, 252, 68.48, 4, 3751
8532, 4667, 54.70, 252, 68.48, 4, 3752
8533, 4668, 54.71, 252, 68.48, 4, 3752
8534, 4668, 54.70, 252, 68.48, 4, 3752
8535, 4669, 54.70, 252, 68.48, 4, 3752
8536, 4670, 54.71, 252, 68.48, 4, 3752
8537, 4671, 54.71, 252, 68.48, 4, 3752
8538, 4671, 54.71, 252, 68.48, 4, 3752
8539, 4671, 54.70, 252, 68.48, 4, 3753
8540, 4671, 54.70, 252, 68.48, 4, 3754
8541, 4672, 54.70, 252, 68.48, 4, 3754
8542, 4673, 54.71, 252, 68.48, 4, 3754
8543, 4674, 54.71, 252, 68.48, 4, 3754
8544, 4674, 54.71, 252, 68.48, 4, 3755
8545, 4675, 54.71, 252, 68.48, 4, 3755
8546, 4676, 54.72, 252, 68.48, 4, 3755
8547, 4677, 54.72, 252, 68.48, 4, 3755
8548, 4677, 54.71, 252, 68.48, 4, 3756
8549, 4678, 54.72, 252, 68.48, 4, 3756
8550, 4678, 54.71, 252, 68.48, 4, 3757
8551, 4678, 54.71, 252, 68.48, 4, 3758
8552, 4679, 54.71, 252, 68.48, 4, 3758
8553, 4679, 54.71, 252, 68.48, 4, 3759
8554, 4679, 54.70, 252, 68.48, 4, 3760
8555, 4680, 54.70, 252, 68.48, 4, 3760
8556, 4680, 54.70, 252, 68.48, 4, 3761
8557, 4681, 54.70, 252, 68.48, 4, 3761
8558, 4682, 54.71, 252, 68.48, 4, 3761
8559, 4682, 54.70, 252, 68.48, 4, 3762
8560, 4682, 54.70, 252, 68.48, 4, 3763
8561, 4682, 54.69, 252, 68.48, 4, 3764
8562, 4682, 54.68, 252, 68.48, 4, 3765
8563, 4683, 54.69, 252, 68.48, 4, 3765
8564, 4683, 54.68, 252, 68.48, 4, 3766
8565, 4684, 54.69, 252, 68.48, 4, 3766
8566, 4685, 54.69, 252, 68.48, 4, 3766
8567, 4685, 54.69, 252, 68.48, 4, 3767
8568, 4686, 54.69, 252, 68.48, 4, 3767
8569, 4687, 54.70, 252, 68.48, 4, 3767
8570, 4688, 54.70, 252, 68.48, 4, 3767
8571, 4689, 54.71, 252, 68.48, 4, 3767
8572, 4690, 54.71, 252, 68.48, 4, 3767
8573, 4691, 54.72, 252, 68.48, 4, 3767
8574, 4691, 54.71, 252, 68.48, 4, 3768
8575, 4691, 54.71, 252, 68.48, 4, 3769
8576, 4691, 54.70, 252, 68.48, 4, 3770
8577, 4692, 54.70, 252, 68.48, 4, 3770
8578, 4692, 54.70, 252, 68.48, 4, 3771
8579, 4693, 54.70, 252, 68.48, 4, 3771
8580, 4694, 54.71, 252, 68.48, 4, 3771
8581, 4694, 54.70, 252, 68.48, 4, 3772
8582, 4695, 54.71, 252, 68.48, 4, 3772
8583, 4696, 54.71, 252, 68.48, 4, 3772
8584, 4697, 54.72, 252, 68.48, 4, 3772
8585, 4697, 54.71, 252, 68.48, 4, 3773
8586, 4698, 54.72, 252, 68.48, 4, 3773
8587, 4698, 54.71, 252, 68.48, 4, 3774
8588, 4699, 54.72, 252, 68.48, 4, 3774
8589, 4700, 54.72, 252, 68.48, 4, 3774
8590, 4701, 54.73, 252, 68.48, 4, 3774
8591, 4701, 54.72, 252, 68.48, 4, 3775
8592, 4701, 54.71, 252, 68.48, 4, 3776
8593, 4701, 54.71, 252, 68.48, 4, 3777
8594, 4702, 54.71, 252, 68.48, 4, 3777
8595, 4702, 54.71, 252, 68.48, 4, 3778
8596, 4703, 54.71, 252, 68.48, 4, 3778
8597, 4704, 54.72, 252, 68.48, 4, 3778
8598, 4705, 54.72, 252, 68.48, 4, 3778
8599, 4706, 54.73, 252, 68.48, 4, 3778
8600, 4707, 54.73, 252, 68.48, 4, 3778
8601, 4708, 54.74, 252, 68.48, 4, 3778
8602, 4708, 54.73, 252, 68.48, 4, 3779
8603, 4709, 54.74, 252, 68.48, 4, 3779
8604, 4710, 54.74, 252, 68.48, 4, 3779
8605, 4711, 54.75, 252, 68.48, 4, 3779
8606, 4711, 54.74, 252, 68.48, 4, 3780
8607, 4711, 54.73, 252, 68.48, 4, 3781
8608, 4712, 54.74, 252, 68.48, 4, 3781
8609, 4713, 54.75, 252, 68.48, 4, 3781
8610, 4713, 54.74, 252, 68.48, 4, 3782
8611, 4713, 54.73, 252, 68.48, 4, 3783
8612, 4713, 54.73, 252, 68.48, 4, 3784
8613, 4714, 54.73, 252, 68.48, 4, 3784
8614, 4715, 54.74, 252, 68.48, 4, 3784
8615, 4715, 54.73, 252, 68.48, 4, 3785
8616, 4716, 54.74, 252, 68.48, 4, 3785
8617, 4717, 54.74, 252, 68.48, 4, 3785
8618, 4718, 54.75, 252, 68.48, 4, 3785
8619, 4719, 54.75, 252, 68.48, 4, 3785
8620, 4720, 54.76, 252, 68.48, 4, 3785
8621, 4720, 54.75, 252, 68.48, 4, 3786
8622, 4721, 54.76, 252, 68.48, 4, 3786
8623, 4722, 54.76, 252, 68.48, 4, 3786
8624, 4723, 54.77, 252, 68.48, 4, 3786
8625, 4724, 54.77, 252, 68.48, 4, 3786
8626, 4725, 54.78, 252, 68.48, 4, 3786
8627, 4726, 54.78, 252, 68.48, 4, 3786
8628, 4727, 54.79, 252, 68.48, 4, 3786
8629, 4727, 54.78, 252, 68.48, 4, 3787
8630, 4728, 54.79, 252, 68.48, 4, 3787
8631, 4729, 54.79, 252, 68.48, 4, 3787
8632, 4730, 54.80, 252, 68.48, 4, 3787
8633, 4730, 54.79, 252, 68.48, 4, 3788
8634, 4730, 54.78, 252, 68.48, 4, 3789
8635, 4731, 54.79, 252, 68.48, 4, 3789
8636, 4732, 54.79, 252, 68.48, 4, 3789
8637, 4732, 54.79, 252, 68.48, 4, 3790
8638, 4732, 54.78, 252, 68.48, 4, 3791
8639, 4733, 54.79, 252, 68.48, 4, 3791
8640, 4733, 54.78, 252, 68.48, 4, 3792
8641, 4734, 54.79, 252, 68.48, 4, 3792
8642, 4735, 54.79, 252, 68.48, 4, 3792
8643, 4735, 54.78, 252, 68.48, 4, 3793
8644, 4735, 54.78, 252, 68.48, 4, 3794
8645, 4736, 54.78, 252, 68.48, 4, 3794
8646, 4736, 54.78, 252, 68.48, 4, 3795
8647, 4736, 54.77, 252, 68.48, 4, 3796
8648, 4736, 54.76, 252, 68.48, 4, 3797
8649, 4736, 54.76, 252, 68.48, 4, 3798
8650, 4737, 54.76, 252, 68.48, 4, 3798
8651, 4738, 54.77, 252, 68.48, 4, 3798
8652, 4738, 54.76, 252, 68.48, 4, 3799
8653, 4738, 54.76, 252, 68.48, 4, 3800
8654, 4738, 54.75, 252, 68.48, 4, 3801
8655, 4739, 54.75, 252, 68.48, 4, 3801
8656, 4740, 54.76, 252, 68.48, 4, 3801
8657, 4741, 54.76, 252, 68.48, 4, 3801
8658, 4741, 54.76, 252, 68.48, 4, 3802
8659, 4742, 54.76, 252, 68.48, 4, 3802
8660, 4743, 54.77, 252, 68.48, 4, 3802
8661, 4743, 54.76, 252, 68.48, 4, 3803
8662, 4743, 54.76, 252, 68.48, 4, 3804
8663, 4743, 54.75, 252, 68.48, 4, 3805
8664, 4743, 54.74, 252, 68.48, 4, 3806
8665, 4743, 54.74, 252, 68.48, 4, 3807
8666, 4743, 54.73, 252, 68.48, 4, 3808
8667, 4743, 54.72, 252, 68.48, 4, 3809
8668, 4744, 54.73, 252, 68.48, 4, 3809
8669, 4744, 54.72, 252, 68.48, 4, 3810
8670, 4745, 54.73, 252, 68.48, 4, 3810
8671, 4746, 54.73, 252, 68.48, 4, 3810
8672, 4747, 54.74, 252, 68.48, 4, 3810
8673, 4747, 54.73, 252, 68.48, 4, 3811
8674, 4747, 54.73, 252, 68.48, 4, 3812
8675, 4747, 54.72, 252, 68.48, 4, 3813
8676, 4747, 54.71, 252, 68.48, 4, 3814
8677, 4748, 54.72, 252, 68.48, 4, 3814
8678, 4748, 54.71, 252, 68.48, 4, 3815
8679, 4749, 54.72, 252, 68.48, 4, 3815
8680, 4749, 54.71, 252, 68.48, 4, 3816
8681, 4750, 54.72, 252, 68.48, 4, 3816
8682, 4750, 54.71, 252, 68.48, 4, 3817
8683, 4751, 54.72, 252, 68.48, 4, 3817
8684, 4752, 54.72, 252, 68.48, 4, 3817
8685, 4753, 54.73, 252, 68.48, 4, 3817
8686, 4754, 54.73, 252, 68.48, 4, 3817
8687, 4755, 54.74, 252, 68.48, 4, 3817
8688, 4755, 54.73, 252, 68.48, 4, 3818
8689, 4755, 54.72, 252, 68.48, 4, 3819
8690, 4755, 54.72, 252, 68.48, 4, 3820
8691, 4755, 54.71, 252, 68.48, 4, 3821
8692, 4756, 54.72, 252, 68.48, 4, 3821
8693, 4757, 54.72, 252, 68.48, 4, 3821
8694, 4758, 54.73, 252, 68.48, 4, 3821
8695, 4759, 54.73, 252, 68.48, 4, 3821
8696, 4759, 54.73, 252, 68.48, 4, 3822
8697, 4759, 54.72, 252, 68.48, 4, 3823
8698, 4760, 54.73, 252, 68.48, 4, 3823
8699, 4760, 54.72, 252, 68.48, 4, 3824
8700, 4761, 54.72, 252, 68.48, 4, 3824
8701, 4762, 54.73, 252, 68.48, 4, 3824
8702, 4762, 54.72, 252, 68.48, 4, 3825
8703, 4762, 54.72, 252, 68.48, 4, 3826
8704, 4762, 54.71, 252, 68.48, 4, 3827
8705, 4763, 54.72, 252, 68.48, 4, 3827
8706, 4764, 54.72, 252, 68.48, 4, 3827
8707, 4764, 54.71, 252, 68.48, 4, 3828
8708, 4764, 54.71, 252, 68.48, 4, 3829
8709, 4765, 54.71, 252, 68.48, 4, 3829
8710, 4766, 54.72, 252, 68.48, 4, 3829
8711, 4766, 54.71, 252, 68.48, 4, 3830
8712, 4766, 54.71, 252, 68.48, 4, 3831
8713, 4767, 54.71, 252, 68.48, 4, 3831
8714, 4768, 54.72, 252, 68.48, 4, 3831
8715, 4769, 54.72, 252, 68.48, 4, 3831
8716, 4769, 54.72, 252, 68.48, 4, 3832
8717, 4769, 54.71, 252, 68.48, 4, 3833
8718, 4770, 54.71, 252, 68.48, 4, 3833
8719, 4771, 54.72, 252, 68.48, 4, 3833
8720, 4771, 54.71, 252, 68.48, 4, 3834
8721, 4772, 54.72, 252, 68.48, 4, 3834
8722, 4773, 54.72, 252, 68.48, 4, 3834
8723, 4773, 54.72, 252, 68.48, 4, 3835
8724, 4774, 54.72, 252, 68.48, 4, 3835
8725, 4775, 54.73, 252, 68.48, 4, 3835
8726, 4775, 54.72, 252, 68.48, 4, 3836
8727, 4776, 54.73, 252, 68.48, 4, 3836
8728, 4777, 54.73, 252, 68.48, 4, 3836
8729, 4777, 54.73, 252, 68.48, 4, 3837
8730, 4777, 54.72, 252, 68.48, 4, 3838
8731, 4778, 54.72, 252, 68.48, 4, 3838
8732, 4778, 54.72, 252, 68.48, 4, 3839
8733, 4778, 54.71, 252, 68.48, 4, 3840
8734, 4779, 54.72, 252, 68.48, 4, 3840
8735, 4780, 54.72, 252, 68.48, 4, 3840
8736, 4781, 54.73, 252, 68.48, 4, 3840
8737, 4782, 54.73, 252, 68.48, 4, 3840
8738, 4783, 54.74, 252, 68.48, 4, 3840
8739, 4784, 54.74, 252, 68.48, 4, 3840
8740, 4785, 54.75, 252, 68.48, 4, 3840
8741, 4785, 54.74, 252, 68.48, 4, 3841
8742, 4786, 54.75, 252, 68.48, 4, 3841
8743, 4787, 54.75, 252, 68.48, 4, 3841
8744, 4788, 54.76, 252, 68.48, 4, 3841
8745, 4788, 54.75, 252, 68.48, 4, 3842
8746, 4788, 54.75, 252, 68.48, 4, 3843
8747, 4788, 54.74, 252, 68.48, 4, 3844
8748, 4788, 54.73, 252, 68.48, 4, 3845
8749, 4788, 54.73, 252, 68.48, 4, 3846
8750, 4789, 54.73, 252, 68.48, 4, 3846
8751, 4790, 54.74, 252, 68.48, 4, 3846
8752, 4791, 54.74, 252, 68.48, 4, 3846
8753, 4792, 54.75, 252, 68.48, 4, 3846
8754, 4793, 54.75, 252, 68.48, 4, 3846
8755, 4793, 54.75, 252, 68.48, 4, 3847
8756, 4793, 54.74, 252, 68.48, 4, 3848
8757, 4793, 54.73, 252, 68.48, 4, 3849
8758, 4793, 54.73, 252, 68.48, 4, 3850
8759, 4794, 54.73, 252, 68.48, 4, 3850
8760, 4794, 54.73, 252, 68.48, 4, 3851
8761, 4794, 54.72, 252, 68.48, 4, 3852
8762, 4794, 54.71, 252, 68.48, 4, 3853
8763, 4795, 54.72, 252, 68.48, 4, 3853
8764, 4795, 54.71, 252, 68.48, 4, 3854
8765, 4795, 54.71, 252, 68.48, 4, 3855
8766, 4796, 54.71, 252, 68.48, 4, 3855
8767, 4796, 54.71, 252, 68.48, 4, 3856
8768, 4796, 54.70, 252, 68.48, 4, 3857
8769, 4797, 54.70, 252, 68.48, 4, 3857
8770, 4797, 54.70, 252, 68.48, 4, 3858
8771, 4797, 54.69, 252, 68.48, 4, 3859
8772, 4797, 54.69, 252, 68.48, 4, 3860
8773, 4798, 54.69, 252, 68.48, 4, 3860
8774, 4799, 54.70, 252, 68.48, 4, 3860
8775, 4799, 54.69, 252, 68.48, 4, 3861
8776, 4799, 54.68, 252, 68.48, 4, 3862
8777, 4799, 54.68, 252, 68.48, 4, 3863
8778, 4800, 54.68, 252, 68.48, 4, 3863
8779, 4801, 54.69, 252, 68.48, 4, 3863
8780, 4801, 54.68, 252, 68.48, 4, 3864
8781, 4802, 54.69, 252, 68.48, 4, 3864
8782, 4802, 54.68, 252, 68.48, 4, 3865
8783, 4803, 54.69, 252, 68.48, 4, 3865
8784, 4803, 54.68, 252, 68.48, 4, 3866
8785, 4804, 54.68, 252, 68.48, 4, 3866
8786, 4804, 54.68, 252, 68.48, 4, 3867
8787, 4804, 54.67, 252, 68.48, 4, 3868
8788, 4805, 54.68, 252, 68.48, 4, 3868
8789, 4806, 54.68, 252, 68.48, 4, 3868
8790, 4807, 54.69, 252, 68.48, 4, 3868
8791, 4808, 54.69, 252, 68.48, 4, 3868
8792, 4809, 54.70, 252, 68.48, 4, 3868
8793, 4809, 54.69, 252, 68.48, 4, 3869
8794, 4809, 54.69, 252, 68.48, 4, 3870
8795, 4810, 54.69, 252, 68.48, 4, 3870
8796, 4811, 54.70, 252, 68.48, 4, 3870
8797, 4812, 54.70, 252, 68.48, 4, 3870
8798, 4812, 54.69, 252, 68.48, 4, 3871
8799, 4812, 54.69, 252, 68.48, 4, 3872
8800, 4813, 54.69, 252, 68.48, 4, 3872
8801, 4813, 54.69, 252, 68.48, 4, 3873
8802, 4814, 54.69, 252, 68.48, 4, 3873
8803, 4815, 54.70, 252, 68.48, 4, 3873
8804, 4816, 54.70, 252, 68.48, 4, 3873
8805, 4816, 54.70, 252, 68.48, 4, 3874
8806, 4816, 54.69, 252, 68.48, 4, 3875
8807, 4817, 54.70, 252, 68.48, 4, 3875
8808, 4818, 54.70, 252, 68.48, 4, 3875
8809, 4819, 54.71, 252, 68.48, 4, 3875
8810, 4820, 54.71, 252, 68.48, 4, 3875
8811, 4821, 54.72, 252, 68.48, 4, 3875
8812, 4821, 54.71, 252, 68.48, 4, 3876
8813, 4821, 54.70, 252, 68.48, 4, 3877
8814, 4822, 54.71, 252, 68.48, 4, 3877
8815, 4822, 54.70, 252, 68.48, 4, 3877
8816, 4822, 54.70, 252, 68.48, 4, 3878
8817, 4823, 54.70, 252, 68.48, 4, 3878
8818, 4824, 54.71, 252, 68.48, 4, 3878
8819, 4824, 54.70, 252, 68.48, 4, 3879
8820, 4824, 54.69, 252, 68.48, 4, 3880
8821, 4824, 54.69, 252, 68.48, 4, 3881
8822, 4824, 54.68, 252, 68.48, 4, 3882
8823, 4825, 54.69, 252, 68.48, 4, 3882
8824, 4825, 54.68, 252, 68.48, 4, 3883
8825, 4825, 54.67, 252, 68.48, 4, 3884
8826, 4826, 54.68, 252, 68.48, 4, 3884
8827, 4826, 54.67, 252, 68.48, 4, 3885
8828, 4827, 54.68, 252, 68.48, 4, 3885
8829, 4827, 54.67, 252, 68.48, 4, 3886
8830, 4827, 54.67, 252, 68.48, 4, 3887
8831, 4828, 54.67, 252, 68.48, 4, 3887
8832, 4829, 54.68, 252, 68.48, 4, 3887
8833, 4829, 54.67, 252, 68.48, 4, 3888
8834, 4830, 54.68, 252, 68.48, 4, 3888
8835, 4830, 54.67, 252, 68.48, 4, 3889
8836, 4831, 54.67, 252, 68.48, 4, 3889
8837, 4831, 54.67, 252, 68.48, 4, 3890
8838, 4832, 54.67, 252, 68.48, 4, 3890
8839, 4832, 54.67, 252, 68.48, 4, 3891
8840, 4833, 54.67, 252, 68.48, 4, 3891
8841, 4833, 54.67, 252, 68.48, 4, 3892
8842, 4833, 54.66, 252, 68.48, 4, 3893
8843, 4834, 54.66, 252, 68.48, 4, 3893
8844, 4835, 54.67, 252, 68.48, 4, 3893
8845, 4835, 54.66, 252, 68.48, 4, 3894
8846, 4836, 54.67, 252, 68.48, 4, 3894
8847, 4836, 54.66, 252, 68.48, 4, 3895
8848, 4836, 54.66, 252, 68.48, 4, 3896
8849, 4836, 54.65, 252, 68.48, 4, 3897
8850, 4837, 54.66, 252, 68.48, 4, 3897
8851, 4838, 54.66, 252, 68.48, 4, 3897
8852, 4839, 54.67, 252, 68.48, 4, 3897
8853, 4839, 54.66, 252, 68.48, 4, 3898
8854, 4840, 54.66, 252, 68.48, 4, 3898
8855, 4841, 54.67, 252, 68.48, 4, 3898
8856, 4842, 54.67, 252, 68.48, 4, 3898
8857, 4843, 54.68, 252, 68.48, 4, 3898
8858, 4843, 54.67, 252, 68.48, 4, 3899
8859, 4844, 54.68, 252, 68.48, 4, 3899
8860, 4845, 54.68, 252, 68.48, 4, 3899
8861, 4845, 54.68, 252, 68.48, 4, 3900
8862, 4846, 54.68, 252, 68.48, 4, 3900
8863, 4846, 54.68, 252, 68.48, 4, 3901
8864, 4846, 54.67, 252, 68.48, 4, 3902
8865, 4846, 54.66, 252, 68.48, 4, 3903
8866, 4846, 54.66, 252, 68.48, 4, 3904
8867, 4846, 54.65, 252, 68.48, 4, 3905
8868, 4847, 54.66, 252, 68.48, 4, 3905
8869, 4847, 54.65, 252, 68.48, 4, 3906
8870, 4848, 54.66, 252, 68.48, 4, 3906
8871, 4849, 54.66, 252, 68.48, 4, 3906
8872, 4850, 54.67, 252, 68.48, 4, 3906
8873, 4851, 54.67, 252, 68.48, 4, 3906
8874, 4851, 54.67, 252, 68.48, 4, 3907
8875, 4851, 54.66, 252, 68.48, 4, 3908
8876, 4852, 54.66, 252, 68.48, 4, 3908
8877, 4853, 54.67, 252, 68.48, 4, 3908
8878, 4854, 54.67, 252, 68.48, 4, 3908
8879, 4854, 54.67, 252, 68.48, 4, 3909
8880, 4855, 54.67, 252, 68.48, 4, 3909
8881, 4855, 54.67, 252, 68.48, 4, 3910
8882, 4855, 54.66, 252, 68.48, 4, 3911
8883, 4855, 54.65, 252, 68.48, 4, 3912
8884, 4856, 54.66, 252, 68.48, 4, 3912
8885, 4857, 54.67, 252, 68.48, 4, 3912
8886, 4857, 54.66, 252, 68.48, 4, 3913
8887, 4857, 54.65, 252, 68.48, 4, 3914
8888, 4858, 54.66, 252, 68.48, 4, 3914
8889, 4859, 54.66, 252, 68.48, 4, 3914
8890, 4859, 54.66, 252, 68.48, 4, 3915
8891, 4859, 54.65, 252, 68.48, 4, 3916
8892, 4859, 54.64, 252, 68.48, 4, 3917
8893, 4860, 54.65, 252, 68.48, 4, 3917
8894, 4861, 54.65, 252, 68.48, 4, 3917
8895, 4861, 54.65, 252, 68.48, 4, 3918
8896, 4861, 54.64, 252, 68.48, 4, 3919
8897, 4862, 54.65, 252, 68.48, 4, 3919
8898, 4863, 54.65, 252, 68.48, 4, 3919
8899, 4864, 54.66, 252, 68.48, 4, 3919
8900, 4865, 54.66, 252, 68.48, 4, 3919
8901, 4865, 54.66, 252, 68.48, 4, 3920
8902, 4865, 54.65, 252, 68.48, 4, 3921
8903, 4866, 54.66, 252, 68.48, 4, 3921
8904, 4866, 54.65, 252, 68.48, 4, 3922
8905, 4866, 54.64, 252, 68.48, 4, 3923
8906, 4867, 54.65, 252, 68.48, 4, 3923
8907, 4868, 54.65, 252, 68.48, 4, 3923
8908, 4869, 54.66, 252, 68.48, 4, 3923
8909, 4869, 54.65, 252, 68.48, 4, 3924
8910, 4869, 54.65, 252, 68.48, 4, 3925
8911, 4870, 54.65, 252, 68.48, 4, 3925
8912, 4870, 54.65, 252, 68.48, 4, 3926
8913, 4871, 54.65, 252, 68.48, 4, 3926
8914, 4872, 54.66, 252, 68.48, 4, 3926
8915, 4872, 54.65, 252, 68.48, 4, 3927
8916, 4873, 54.65, 252, 68.48, 4, 3927
8917, 4874, 54.66, 252, 68.48, 4, 3927
8918, 4874, 54.65, 252, 68.48, 4, 3928
8919, 4875, 54.66, 252, 68.48, 4, 3928
8920, 4876, 54.66, 252, 68.48, 4, 3928
8921, 4876, 54.66, 252, 68.48, 4, 3929
8922, 4876, 54.65, 252, 68.48, 4, 3930
8923, 4877, 54.66, 252, 68.48, 4, 3930
8924, 4878, 54.66, 252, 68.48, 4, 3930
8925, 4879, 54.67, 252, 68.48, 4, 3930
8926, 4880, 54.67, 252, 68.48, 4, 3930
8927, 4880, 54.67, 252, 68.48, 4, 3931
8928, 4880, 54.66, 252, 68.48, 4, 3932
8929, 4881, 54.66, 252, 68.48, 4, 3932
8930, 4882, 54.67, 252, 68.48, 4, 3932
8931, 4883, 54.67, 252, 68.48, 4, 3932
8932, 4883, 54.67, 252, 68.48, 4, 3933
8933, 4884, 54.67, 252, 68.48, 4, 3933
8934, 4884, 54.67, 252, 68.48, 4, 3934
8935, 4885, 54.67, 252, 68.48, 4, 3934
8936, 4886, 54.68, 252, 68.48, 4, 3934
8937, 4887, 54.68, 252, 68.48, 4, 3934
8938, 4888, 54.69, 252, 68.48, 4, 3934
8939, 4888, 54.68, 252, 68.48, 4, 3935
8940, 4889, 54.69, 252, 68.48, 4, 3935
8941, 4890, 54.69, 252, 68.48, 4, 3935
8942, 4890, 54.69, 252, 68.48, 4, 3936
8943, 4891, 54.69, 252, 68.48, 4, 3936
8944, 4891, 54.68, 252, 68.48, 4, 3937
8945, 4892, 54.69, 252, 68.48, 4, 3937
8946, 4893, 54.69, 252, 68.48, 4, 3937
8947, 4894, 54.70, 252, 68.48, 4, 3937
8948, 4894, 54.69, 252, 68.48, 4, 3938
8949, 4895, 54.70, 252, 68.48, 4, 3938
8950, 4895, 54.69, 252, 68.48, 4, 3939
8951, 4896, 54.70, 252, 68.48, 4, 3939
8952, 4896, 54.69, 252, 68.48, 4, 3940
8953, 4897, 54.70, 252, 68.48, 4, 3940
8954, 4897, 54.69, 252, 68.48, 4, 3941
8955, 4897, 54.68, 252, 68.48, 4, 3942
8956, 4898, 54.69, 252, 68.48, 4, 3942
8957, 4899, 54.69, 252, 68.48, 4, 3942
8958, 4899, 54.69, 252, 68.48, 4, 3943
8959, 4899, 54.68, 252, 68.48, 4, 3944
8960, 4900, 54.69, 252, 68.48, 4, 3944
8961, 4901, 54.69, 252, 68.48, 4, 3944
8962, 4902, 54.70, 252, 68.48, 4, 3944
8963, 4902, 54.69, 252, 68.48, 4, 3945
8964, 4902, 54.69, 252, 68.48, 4, 3946
8965, 4903, 54.69, 252, 68.48, 4, 3946
8966, 4903, 54.68, 252, 68.48, 4, 3947
8967, 4904, 54.69, 252, 68.48, 4, 3947
8968, 4905, 54.69, 252, 68.48, 4, 3947
8969, 4905, 54.69, 252, 68.48, 4, 3948
8970, 4905, 54.68, 252, 68.48, 4, 3949
8971, 4905, 54.68, 252, 68.48, 4, 3950
8972, 4906, 54.68, 252, 68.48, 4, 3950
8973, 4907, 54.69, 252, 68.48, 4, 3950
8974, 4907, 54.68, 252, 68.48, 4, 3951
8975, 4908, 54.69, 252, 68.48, 4, 3951
8976, 4908, 54.68, 252, 68.48, 4, 3952
8977, 4908, 54.67, 252, 68.48, 4, 3953
8978, 4909, 54.68, 252, 68.48, 4, 3953
8979, 4909, 54.67, 252, 68.48, 4, 3954
8980, 4909, 54.67, 252, 68.48, 4, 3955
8981, 4909, 54.66, 252, 68.48, 4, 3956
8982, 4909, 54.65, 252, 68.48, 4, 3957
8983, 4910, 54.66, 252, 68.48, 4, 3957
8984, 4911, 54.66, 252, 68.48, 4, 3957
8985, 4911, 54.66, 252, 68.48, 4, 3958
8986, 4912, 54.66, 252, 68.48, 4, 3958
8987, 4913, 54.67, 252, 68.48, 4, 3958
8988, 4914, 54.67, 252, 68.48, 4, 3958
8989, 4915, 54.68, 252, 68.48, 4, 3958
8990, 4916, 54.68, 252, 68.48, 4, 3958
8991, 4917, 54.69, 252, 68.48, 4, 3958
8992, 4918, 54.69, 252, 68.48, 4, 3958
8993, 4918, 54.69, 252, 68.48, 4, 3959
8994, 4919, 54.69, 252, 68.48, 4, 3959
8995, 4919, 54.69, 252, 68.48, 4, 3960
8996, 4920, 54.69, 252, 68.48, 4, 3960
8997, 4920, 54.68, 252, 68.48, 4, 3961
8998, 4921, 54.69, 252, 68.48, 4, 3961
8999, 4922, 54.69, 252, 68.48, 4, 3961
9000, 4923, 54.70, 252, 68.48, 4, 3961
9001, 4923, 54.69, 252, 68.48, 4, 3962
9002, 4924, 54.70, 252, 68.48, 4, 3962
9003, 4925, 54.70, 252, 68.48, 4, 3962
9004, 4926, 54.71, 252, 68.48, 4, 3962
9005, 4927, 54.71, 252, 68.48, 4, 3962
9006, 4927, 54.71, 252, 68.48, 4, 3963
9007, 4927, 54.70, 252, 68.48, 4, 3964
9008, 4927, 54.70, 252, 68.48, 4, 3965
9009, 4928, 54.70, 252, 68.48, 4, 3965
9010, 4928, 54.69, 252, 68.48, 4, 3966
9011, 4928, 54.69, 252, 68.48, 4, 3967
9012, 4928, 54.68, 252, 68.48, 4, 3968
9013, 4929, 54.69, 252, 68.48, 4, 3968
9014, 4929, 54.68, 252, 68.48, 4, 3969
9015, 4929, 54.68, 252, 68.48, 4, 3970
9016, 4929, 54.67, 252, 68.48, 4, 3971
9017, 4930, 54.67, 252, 68.48, 4, 3971
9018, 4931, 54.68, 252, 68.48, 4, 3971
9019, 4932, 54.68, 252, 68.48, 4, 3971
9020, 4933, 54.69, 252, 68.48, 4, 3971
9021, 4934, 54.69, 252, 68.48, 4, 3971
9022, 4935, 54.70, 252, 68.48, 4, 3971
9023, 4935, 54.69, 252, 68.48, 4, 3972
9024, 4936, 54.70, 252, 68.48, 4, 3972
9025, 4936, 54.69, 252, 68.48, 4, 3973
9026, 4937, 54.70, 252, 68.48, 4, 3973
9027, 4938, 54.70, 252, 68.48, 4, 3973
9028, 4939, 54.71, 252, 68.48, 4, 3973
9029, 4939, 54.70, 252, 68.48, 4, 3974
9030, 4939, 54.70, 252, 68.48, 4, 3975
9031, 4939, 54.69, 252, 68.48, 4, 3976
9032, 4940, 54.69, 252, 68.48, 4, 3976
9033, 4941, 54.70, 252, 68.48, 4, 3976
9034, 4942, 54.70, 252, 68.48, 4, 3976
9035, 4943, 54.71, 252, 68.48, 4, 3976
9036, 4943, 54.70, 252, 68.48, 4, 3977
9037, 4944, 54.71, 252, 68.48, 4, 3977
9038, 4945, 54.71, 252, 68.48, 4, 3977
9039, 4946, 54.72, 252, 68.48, 4, 3977
9040, 4947, 54.72, 252, 68.48, 4, 3977
9041, 4948, 54.73, 252, 68.48, 4, 3977
9042, 4949, 54.73, 252, 68.48, 4, 3977
9043, 4950, 54.74, 252, 68.48, 4, 3977
9044, 4950, 54.73, 252, 68.48, 4, 3978
9045, 4951, 54.74, 252, 68.48, 4, 3978
9046, 4951, 54.73, 252, 68.48, 4, 3979
9047, 4951, 54.73, 252, 68.48, 4, 3980
9048, 4952, 54.73, 252, 68.48, 4, 3980
9049, 4953, 54.74, 252, 68.48, 4, 3980
9050, 4953, 54.73, 252, 68.48, 4, 3981
9051, 4954, 54.73, 252, 68.48, 4, 3981
9052, 4955, 54.74, 252, 68.48, 4, 3981
9053, 4955, 54.73, 252, 68.48, 4, 3982
9054, 4956, 54.74, 252, 68.48, 4, 3982
9055, 4956, 54.73, 252, 68.48, 4, 3983
9056, 4956, 54.73, 252, 68.48, 4, 3984
9057, 4956, 54.72, 252, 68.48, 4, 3985
9058, 4957, 54.73, 252, 68.48, 4, 3985
9059, 4957, 54.72, 252, 68.48, 4, 3986
9060, 4958, 54.72, 252, 68.48, 4, 3986
9061, 4959, 54.73, 252, 68.48, 4, 3986
9062, 4959, 54.72, 252, 68.48, 4, 3987
9063, 4959, 54.72, 252, 68.48, 4, 3988
9064, 4959, 54.71, 252, 68.48, 4, 3989
9065, 4960, 54.72, 252, 68.48, 4, 3989
9066, 4960, 54.71, 252, 68.48, 4, 3990
9067, 4961, 54.71, 252, 68.48, 4, 3990
9068, 4961, 54.71, 252, 68.48, 4, 3991
9069, 4962, 54.71, 252, 68.48, 4, 3991
9070, 4963, 54.72, 252, 68.48, 4, 3991
9071, 4964, 54.72, 252, 68.48, 4, 3991
9072, 4965, 54.73, 252, 68.48, 4, 3991
9073, 4966, 54.73, 252, 68.48, 4, 3991
9074, 4967, 54.74, 252, 68.48, 4, 3991
9075, 4967, 54.73, 252, 68.48, 4, 3992
9076, 4967, 54.73, 252, 68.48, 4, 3993
9077, 4968, 54.73, 252, 68.48, 4, 3993
9078, 4969, 54.74, 252, 68.48, 4, 3993
9079, 4970, 54.74, 252, 68.48, 4, 3993
9080, 4970, 54.74, 252, 68.48, 4, 3994
9081, 4971, 54.74, 252, 68.48, 4, 3994
9082, 4971, 54.73, 252, 68.48, 4, 3995
9083, 4972, 54.74, 252, 68.48, 4, 3995
9084, 4973, 54.74, 252, 68.48, 4, 3995
9085, 4974, 54.75, 252, 68.48, 4, 3995
9086, 4975, 54.75, 252, 68.48, 4, 3995
9087, 4975, 54.75, 252, 68.48, 4, 3996
9088, 4975, 54.74, 252, 68.48, 4, 3997
9089, 4975, 54.74, 252, 68.48, 4, 3997
9090, 4976, 54.74, 252, 68.48, 4, 3997
9091, 4977, 54.75, 252, 68.48, 4, 3997
9092, 4977, 54.74, 252, 68.48, 4, 3998
9093, 4978, 54.75, 252, 68.48, 4, 3998
9094, 4979, 54.75, 252, 68.48, 4, 3998
9095, 4980, 54.76, 252, 68.48, 4, 3998
9096, 4980, 54.75, 252, 68.48, 4, 3999
9097, 4980, 54.74, 252, 68.48, 4, 4000
9098, 4981, 54.75, 252, 68.48, 4, 4000
9099, 4982, 54.75, 252, 68.48, 4, 4000
9100, 4983, 54.76, 252, 68.48, 4, 4000
9101, 4984, 54.76, 252, 68.48, 4, 4000
9102, 4984, 54.76, 252, 68.48, 4, 4001
9103, 4984, 54.75, 252, 68.48, 4, 4001
9104, 4985, 54.76, 252, 68.48, 4, 4001
9105, 4986, 54.76, 252, 68.48, 4, 4001
9106, 4986, 54.76, 252, 68.48, 4, 4002
9107, 4986, 54.75, 252, 68.48, 4, 4003
9108, 4987, 54.75, 252, 68.48, 4, 4003
9109, 4987, 54.75, 252, 68.48, 4, 4004
9110, 4988, 54.75, 252, 68.48, 4, 4004
9111, 4989, 54.76, 252, 68.48, 4, 4004
9112, 4990, 54.76, 252, 68.48, 4, 4004
9113, 4990, 54.76, 252, 68.48, 4, 4005
9114, 4990, 54.75, 252, 68.48, 4, 4006
9115, 4990, 54.74, 252, 68.48, 4, 4007
9116, 4991, 54.75, 252, 68.48, 4, 4007
9117, 4992, 54.75, 252, 68.48, 4, 4007
9118, 4992, 54.75, 252, 68.48, 4, 4008
9119, 4992, 54.74, 252, 68.48, 4, 4009
9120, 4993, 54.75, 252, 68.48, 4, 4009
9121, 4994, 54.75, 252, 68.48, 4, 4009
9122, 4995, 54.76, 252, 68.48, 4, 4009
9123, 4995, 54.75, 252, 68.48, 4, 4010
9124, 4996, 54.76, 252, 68.48, 4, 4010
9125, 4996, 54.75, 252, 68.48, 4, 4011
9126, 4996, 54.74, 252, 68.48, 4, 4012
9127, 4997, 54.75, 252, 68.48, 4, 4012
9128, 4997, 54.74, 252, 68.48, 4, 4013
9129, 4998, 54.75, 252, 68.48, 4, 4013
9130, 4998, 54.74, 252, 68.48, 4, 4014
9131, 4999, 54.75, 252, 68.48, 4, 4014
9132, 4999, 54.74, 252, 68.48, 4, 4015
9133, 4999, 54.74, 252, 68.48, 4, 4016
9134, 5000, 54.74, 252, 68.48, 4, 4016
9135, 5000, 54.73, 252, 68.48, 4, 4017
9136, 5001, 54.74, 252, 68.48, 4, 4017
9137, 5001, 54.73, 252, 68.48, 4, 4018
9138, 5002, 54.74, 252, 68.48, 4, 4018
9139, 5002, 54.73, 252, 68.48, 4, 4019
9140, 5002, 54.73, 252, 68.48, 4, 4020
9141, 5003, 54.73, 252, 68.48, 4, 4020
9142, 5004, 54.74, 252, 68.48, 4, 4020
9143, 5005, 54.74, 252, 68.48, 4, 4020
9144, 5005, 54.74, 252, 68.48, 4, 4021
9145, 5006, 54.74, 252, 68.48, 4, 4021
9146, 5007, 54.75, 252, 68.48, 4, 4021
9147, 5007, 54.74, 252, 68.48, 4, 4022
9148, 5008, 54.74, 252, 68.48, 4, 4022
9149, 5008, 54.74, 252, 68.48, 4, 4023
9150, 5008, 54.73, 252, 68.48, 4, 4024
9151, 5008, 54.73, 252, 68.48, 4, 4025
9152, 5009, 54.73, 252, 68.48, 4, 4025
9153, 5010, 54.74, 252, 68.48, 4, 4025
9154, 5011, 54.74, 252, 68.48, 4, 4025
9155, 5011, 54.74, 252, 68.48, 4, 4026
9156, 5011, 54.73, 252, 68.48, 4, 4027
9157, 5012, 54.73, 252, 68.48, 4, 4027
9158, 5012, 54.73, 252, 68.48, 4, 4028
9159, 5013, 54.73, 252, 68.48, 4, 4028
9160, 5014, 54.74, 252, 68.48, 4, 4028
9161, 5014, 54.73, 252, 68.48, 4, 4029
9162, 5014, 54.73, 252, 68.48, 4, 4030
9163, 5015, 54.73, 252, 68.48, 4, 4030
9164, 5016, 54.74, 252, 68.48, 4, 4030
9165, 5017, 54.74, 252, 68.48, 4, 4030
9166, 5017, 54.73, 252, 68.48, 4, 4031
9167, 5018, 54.74, 252, 68.48, 4, 4031
9168, 5018, 54.73, 252, 68.48, 4, 4032
9169, 5019, 54.74, 252, 68.48, 4, 4032
9170, 5020, 54.74, 252, 68.48, 4, 4032
9171, 5021, 54.75, 252, 68.48, 4, 4032
9172, 5022, 54.75, 252, 68.48, 4, 4032
9173, 5023, 54.76, 252, 68.48, 4, 4032
9174, 5023, 54.75, 252, 68.48, 4, 4033
9175, 5023, 54.75, 252, 68.48, 4, 4034
9176, 5024, 54.75, 252, 68.48, 4, 4034
9177, 5025, 54.76, 252, 68.48, 4, 4034
9178, 5026, 54.76, 252, 68.48, 4, 4034
9179, 5027, 54.77, 252, 68.48, 4, 4034
9180, 5028, 54.77, 252, 68.48, 4, 4034
9181, 5028, 54.77, 252, 68.48, 4, 4035
9182, 5029, 54.77, 252, 68.48, 4, 4035
9183, 5029, 54.76, 252, 68.48, 4, 4036
9184, 5030, 54.77, 252, 68.48, 4, 4036
9185, 5031, 54.77, 252, 68.48, 4, 4036
9186, 5032, 54.78, 252, 68.48, 4, 4036
9187, 5032, 54.77, 252, 68.48, 4, 4036
9188, 5033, 54.78, 252, 68.48, 4, 4036
9189, 5033, 54.77, 252, 68.48, 4, 4036
9190, 5033, 54.77, 252, 68.48, 4, 4037
9191, 5034, 54.77, 252, 68.48, 4, 4037
9192, 5035, 54.78, 252, 68.48, 4, 4037
9193, 5036, 54.78, 252, 68.48, 4, 4037
9194, 5037, 54.79, 252, 68.48, 4, 4037
9195, 5038, 54.79, 252, 68.48, 4, 4037
9196, 5039, 54.80, 252, 68.48, 4, 4037
9197, 5040, 54.80, 252, 68.48, 4, 4037
9198, 5040, 54.79, 252, 68.48, 4, 4038
9199, 5041, 54.80, 252, 68.48, 4, 4038
9200, 5041, 54.79, 252, 68.48, 4, 4039
9201, 5041, 54.79, 252, 68.48, 4, 4040
9202, 5041, 54.78, 252, 68.48, 4, 4041
9203, 5041, 54.78, 252, 68.48, 4, 4042
9204, 5041, 54.77, 252, 68.48, 4, 4043
9205, 5041, 54.76, 252, 68.48, 4, 4044
9206, 5042, 54.77, 252, 68.48, 4, 4044
9207, 5042, 54.76, 252, 68.48, 4, 4045
9208, 5042, 54.76, 252, 68.48, 4, 4046
9209, 5043, 54.76, 252, 68.48, 4, 4046
9210, 5044, 54.77, 252, 68.48, 4, 4046
9211, 5045, 54.77, 252, 68.48, 4, 4046
9212, 5046, 54.78, 252, 68.48, 4, 4046
9213, 5047, 54.78, 252, 68.48, 4, 4046
9214, 5048, 54.79, 252, 68.48, 4, 4046
9215, 5049, 54.79, 252, 68.48, 4, 4046
9216, 5050, 54.80, 252, 68.48, 4, 4046
9217, 5050, 54.79, 252, 68.48, 4, 4047
9218, 5050, 54.78, 252, 68.48, 4, 4048
9219, 5050, 54.78, 252, 68.48, 4, 4049
9220, 5050, 54.77, 252, 68.48, 4, 4050
9221, 5050, 54.77, 252, 68.48, 4, 4051
9222, 5050, 54.76, 252, 68.48, 4, 4052
9223, 5051, 54.77, 252, 68.48, 4, 4052
9224, 5051, 54.76, 252, 68.48, 4, 4053
9225, 5052, 54.76, 252, 68.48, 4, 4053
9226, 5052, 54.76, 252, 68.48, 4, 4054
9227, 5052, 54.75, 252, 68.48, 4, 4055
9228, 5052, 54.75, 252, 68.48, 4, 4056
9229, 5052, 54.74, 252, 68.48, 4, 4057
9230, 5052, 54.73, 252, 68.48, 4, 4058
9231, 5052, 54.73, 252, 68.48, 4, 4059
9232, 5053, 54.73, 252, 68.48, 4, 4059
9233, 5053, 54.73, 252, 68.48, 4, 4060
9234, 5053, 54.72, 252, 68.48, 4, 4061
9235, 5054, 54.73, 252, 68.48, 4, 4061
9236, 5055, 54.73, 252, 68.48, 4, 4061
9237, 5056, 54.74, 252, 68.48, 4, 4061
9238, 5056, 54.73, 252, 68.48, 4, 4062
9239, 5057, 54.74, 252, 68.48, 4, 4062
9240, 5057, 54.73, 252, 68.48, 4, 4063
9241, 5058, 54.73, 252, 68.48, 4, 4063
9242, 5059, 54.74, 252, 68.48, 4, 4063
9243, 5060, 54.74, 252, 68.48, 4, 4063
9244, 5061, 54.75, 252, 68.48, 4, 4063
9245, 5062, 54.75, 252, 68.48, 4, 4063
9246, 5063, 54.76, 252, 68.48, 4, 4063
9247, 5064, 54.76, 252, 68.48, 4, 4063
9248, 5065, 54.77, 252, 68.48, 4, 4063
9249, 5066, 54.77, 252, 68.48, 4, 4063
9250, 5066, 54.77, 252, 68.48, 4, 4064
9251, 5067, 54.77, 252, 68.48, 4, 4064
9252, 5067, 54.77, 252, 68.48, 4, 4065
9253, 5068, 54.77, 252, 68.48, 4, 4065
9254, 5069, 54.78, 252, 68.48, 4, 4065
9255, 5069, 54.77, 252, 68.48, 4, 4066
9256, 5070, 54.78, 252, 68.48, 4, 4066
9257, 5071, 54.78, 252, 68.48, 4, 4066
9258, 5071, 54.77, 252, 68.48, 4, 4067
9259, 5071, 54.77, 252, 68.48, 4, 4068
9260, 5072, 54.77, 252, 68.48, 4, 4068
9261, 5073, 54.78, 252, 68.48, 4, 4068
9262, 5073, 54.77, 252, 68.48, 4, 4069
9263, 5074, 54.78, 252, 68.48, 4, 4069
9264, 5074, 54.77, 252, 68.48, 4, 4070
9265, 5075, 54.78, 252, 68.48, 4, 4070
9266, 5076, 54.78, 252, 68.48, 4, 4070
9267, 5077, 54.79, 252, 68.48, 4, 4070
9268, 5077, 54.78, 252, 68.48, 4, 4071
9269, 5078, 54.78, 252, 68.48, 4, 4071
9270, 5078, 54.78, 252, 68.48, 4, 4072
9271, 5079, 54.78, 252, 68.48, 4, 4072
9272, 5079, 54.78, 252, 68.48, 4, 4073
9273, 5079, 54.77, 252, 68.48, 4, 4074
9274, 5080, 54.78, 252, 68.48, 4, 4074
9275, 5080, 54.77, 252, 68.48, 4, 4075
9276, 5080, 54.76, 252, 68.48, 4, 4076
9277, 5080, 54.76, 252, 68.48, 4, 4077
9278, 5081, 54.76, 252, 68.48, 4, 4077
9279, 5081, 54.76, 252, 68.48, 4, 4078
9280, 5082, 54.76, 252, 68.48, 4, 4078
9281, 5082, 54.76, 252, 68.48, 4, 4079
9282, 5082, 54.75, 252, 68.48, 4, 4080
9283, 5083, 54.76, 252, 68.48, 4, 4080
9284, 5084, 54.76, 252, 68.48, 4, 4080
9285, 5084, 54.75, 252, 68.48, 4, 4081
9286, 5085, 54.76, 252, 68.48, 4, 4081
9287, 5086, 54.76, 252, 68.48, 4, 4081
9288, 5087, 54.77, 252, 68.48, 4, 4081
9289, 5087, 54.76, 252, 68.48, 4, 4082
9290, 5088, 54.77, 252, 68.48, 4, 4082
9291, 5088, 54.76, 252, 68.48, 4, 4083
9292, 5088, 54.76, 252, 68.48, 4, 4084
9293, 5089, 54.76, 252, 68.48, 4, 4084
9294, 5090, 54.77, 252, 68.48, 4, 4084
9295, 5091, 54.77, 252, 68.48, 4, 4084
9296, 5092, 54.78, 252, 68.48, 4, 4084
9297, 5093, 54.78, 252, 68.48, 4, 4084
9298, 5094, 54.79, 252, 68.48, 4, 4084
9299, 5094, 54.78, 252, 68.48, 4, 4085
9300, 5095, 54.78, 252, 68.48, 4, 4085
9301, 5095, 54.78, 252, 68.48, 4, 4086
9302, 5095, 54.77, 252, 68.48, 4, 4087
9303, 5095, 54.77, 252, 68.48, 4, 4088
9304, 5096, 54.77, 252, 68.48, 4, 4088
9305, 5096, 54.77, 252, 68.48, 4, 4089
9306, 5097, 54.77, 252, 68.48, 4, 4089
9307, 5097, 54.77, 252, 68.48, 4, 4090
9308, 5097, 54.76, 252, 68.48, 4, 4091
9309, 5098, 54.76, 252, 68.48, 4, 4091
9310, 5099, 54.77, 252, 68.48, 4, 4091
9311, 5100, 54.77, 252, 68.48, 4, 4091
9312, 5101, 54.78, 252, 68.48, 4, 4091
9313, 5101, 54.77, 252, 68.48, 4, 4092
9314, 5102, 54.78, 252, 68.48, 4, 4092
9315, 5102, 54.77, 252, 68.48, 4, 4093
9316, 5103, 54.78, 252, 68.48, 4, 4093
9317, 5104, 54.78, 252, 68.48, 4, 4093
9318, 5104, 54.78, 252, 68.48, 4, 4094
9319, 5105, 54.78, 252, 68.48, 4, 4094
9320, 5105, 54.77, 252, 68.48, 4, 4095
9321, 5106, 54.78, 252, 68.48, 4, 4095
9322, 5107, 54.78, 252, 68.48, 4, 4095
9323, 5108, 54.79, 252, 68.48, 4, 4095
9324, 5108, 54.78, 252, 68.48, 4, 4096
9325, 5109, 54.79, 252, 68.48, 4, 4096
9326, 5110, 54.79, 252, 68.48, 4, 4096
9327, 5110, 54.79, 252, 68.48, 4, 4097
9328, 5110, 54.78, 252, 68.48, 4, 4098
9329, 5110, 54.78, 252, 68.48, 4, 4099
9330, 5110, 54.77, 252, 68.48, 4, 4100
9331, 5111, 54.77, 252, 68.48, 4, 4100
9332, 5112, 54.78, 252, 68.48, 4, 4100
9333, 5113, 54.78, 252, 68.48, 4, 4100
9334, 5113, 54.78, 252, 68.48, 4, 4101
9335, 5113, 54.77, 252, 68.48, 4, 4102
9336, 5114, 54.78, 252, 68.48, 4, 4102
9337, 5114, 54.77, 252, 68.48, 4, 4103
9338, 5115, 54.78, 252, 68.48, 4, 4103
9339, 5116, 54.78, 252, 68.48, 4, 4103
9340, 5116, 54.78, 252, 68.48, 4, 4104
9341, 5117, 54.78, 252, 68.48, 4, 4104
9342, 5118, 54.78, 252, 68.48, 4, 4104
9343, 5118, 54.78, 252, 68.48, 4, 4105
9344, 5119, 54.78, 252, 68.48, 4, 4105
9345, 5120, 54.79, 252, 68.48, 4, 4105
9346, 5120, 54.78, 252, 68.48, 4, 4105
9347, 5121, 54.79, 252, 68.48, 4, 4105
9348, 5121, 54.78, 252, 68.48, 4, 4106
9349, 5121, 54.78, 252, 68.48, 4, 4107
9350, 5122, 54.78, 252, 68.48, 4, 4107
9351, 5122, 54.77, 252, 68.48, 4, 4108
9352, 5123, 54.78, 252, 68.48, 4, 4108
9353, 5124, 54.78, 252, 68.48, 4, 4108
9354, 5125, 54.79, 252, 68.48, 4, 4108
9355, 5126, 54.79, 252, 68.48, 4, 4108
9356, 5126, 54.79, 252, 68.48, 4, 4109
9357, 5127, 54.79, 252, 68.48, 4, 4109
9358, 5128, 54.80, 252, 68.48, 4, 4109
9359, 5129, 54.80, 252, 68.48, 4, 4109
9360, 5130, 54.81, 252, 68.48, 4, 4109
9361, 5131, 54.81, 252, 68.48, 4, 4109
9362, 5132, 54.82, 252, 68.48, 4, 4109
9363, 5132, 54.81, 252, 68.48, 4, 4110
9364, 5133, 54.82, 252, 68.48, 4, 4110
9365, 5133, 54.81, 252, 68.48, 4, 4111
9366, 5133, 54.80, 252, 68.48, 4, 4112
9367, 5134, 54.81, 252, 68.48, 4, 4112
9368, 5135, 54.81, 252, 68.48, 4, 4112
9369, 5135, 54.81, 252, 68.48, 4, 4113
9370, 5136, 54.81, 252, 68.48, 4, 4113
9371, 5137, 54.82, 252, 68.48, 4, 4113
9372, 5138, 54.82, 252, 68.48, 4, 4113
9373, 5139, 54.83, 252, 68.48, 4, 4113
9374, 5139, 54.82, 252, 68.48, 4, 4114
9375, 5140, 54.83, 252, 68.48, 4, 4114
9376, 5140, 54.82, 252, 68.48, 4, 4115
9377, 5140, 54.81, 252, 68.48, 4, 4116
9378, 5141, 54.82, 252, 68.48, 4, 4116
9379, 5142, 54.82, 252, 68.48, 4, 4116
9380, 5143, 54.83, 252, 68.48, 4, 4116
9381, 5144, 54.83, 252, 68.48, 4, 4116
9382, 5144, 54.83, 252, 68.48, 4, 4117
9383, 5145, 54.83, 252, 68.48, 4, 4117
9384, 5145, 54.83, 252, 68.48, 4, 4118
9385, 5145, 54.82, 252, 68.48, 4, 4119
9386, 5145, 54.82, 252, 68.48, 4, 4120
9387, 5146, 54.82, 252, 68.48, 4, 4120
9388, 5146, 54.81, 252, 68.48, 4, 4121
9389, 5147, 54.82, 252, 68.48, 4, 4121
9390, 5147, 54.81, 252, 68.48, 4, 4122
9391, 5147, 54.81, 252, 68.48, 4, 4123
9392, 5147, 54.80, 252, 68.48, 4, 4124
9393, 5147, 54.80, 252, 68.48, 4, 4125
9394, 5147, 54.79, 252, 68.48, 4, 4126
9395, 5148, 54.80, 252, 68.48, 4, 4126
9396, 5149, 54.80, 252, 68.48, 4, 4126
9397, 5150, 54.80, 252, 68.48, 4, 4126
9398, 5151, 54.81, 252, 68.48, 4, 4126
9399, 5151, 54.80, 252, 68.48, 4, 4127
9400, 5151, 54.80, 252, 68.48, 4, 4128
9401, 5151, 54.79, 252, 68.48, 4, 4129
9402, 5152, 54.80, 252, 68.48, 4, 4129
9403, 5152, 54.79, 252, 68.48, 4, 4130
9404, 5152, 54.79, 252, 68.48, 4, 4131
9405, 5152, 54.78, 252, 68.48, 4, 4132
9406, 5152, 54.77, 252, 68.48, 4, 4133
9407, 5152, 54.77, 252, 68.48, 4, 4134
9408, 5153, 54.77, 252, 68.48, 4, 4134
9409, 5153, 54.77, 252, 68.48, 4, 4135
9410, 5153, 54.76, 252, 68.48, 4, 4136
9411, 5154, 54.77, 252, 68.48, 4, 4136
9412, 5155, 54.77, 252, 68.48, 4, 4136
9413, 5156, 54.78, 252, 68.48, 4, 4136
9414, 5157, 54.78, 252, 68.48, 4, 4136
9415, 5157, 54.77, 252, 68.48, 4, 4137
9416, 5158, 54.78, 252, 68.48, 4, 4137
9417, 5158, 54.77, 252, 68.48, 4, 4138
9418, 5158, 54.77, 252, 68.48, 4, 4139
9419, 5158, 54.76, 252, 68.48, 4, 4140
9420, 5159, 54.77, 252, 68.48, 4, 4140
9421, 5159, 54.76, 252, 68.48, 4, 4141
9422, 5159, 54.75, 252, 68.48, 4, 4142
9423, 5159, 54.75, 252, 68.48, 4, 4143
9424, 5160, 54.75, 252, 68.48, 4, 4143
9425, 5160, 54.75, 252, 68.48, 4, 4144
9426, 5161, 54.75, 252, 68.48, 4, 4144
9427, 5161, 54.75, 252, 68.48, 4, 4145
9428, 5162, 54.75, 252, 68.48, 4, 4145
9429, 5163, 54.76, 252, 68.48, 4, 4145
9430, 5164, 54.76, 252, 68.48, 4, 4145
9431, 5164, 54.76, 252, 68.48, 4, 4146
9432, 5164, 54.75, 252, 68.48, 4, 4147
9433, 5165, 54.75, 252, 68.48, 4, 4147
9434, 5166, 54.76, 252, 68.48, 4, 4147
9435, 5167, 54.76, 252, 68.48, 4, 4147
9436, 5167, 54.76, 252, 68.48, 4, 4148
9437, 5167, 54.75, 252, 68.48, 4, 4149
9438, 5168, 54.76, 252, 68.48, 4, 4149
9439, 5168, 54.75, 252, 68.48, 4, 4150
9440, 5169, 54.76, 252, 68.48, 4, 4150
9441, 5170, 54.76, 252, 68.48, 4, 4150
9442, 5170, 54.76, 252, 68.48, 4, 4151
9443, 5171, 54.76, 252, 68.48, 4, 4151
9444, 5172, 54.76, 252, 68.48, 4, 4151
9445, 5173, 54.77, 252, 68.48, 4, 4151
9446, 5173, 54.76, 252, 68.48, 4, 4152
9447, 5173, 54.76, 252, 68.48, 4, 4153
9448, 5173, 54.75, 252, 68.48, 4, 4154
9449, 5173, 54.75, 252, 68.48, 4, 4155
9450, 5174, 54.75, 252, 68.48, 4, 4155
9451, 5174, 54.75, 252, 68.48, 4, 4156
9452, 5174, 54.74, 252, 68.48, 4, 4157
9453, 5174, 54.73, 252, 68.48, 4, 4158
9454, 5175, 54.74, 252, 68.48, 4, 4158
9455, 5175, 54.73, 252, 68.48, 4, 4159
9456, 5175, 54.73, 252, 68.48, 4, 4160
9457, 5176, 54.73, 252, 68.48, 4, 4160
9458, 5176, 54.73, 252, 68.48, 4, 4161
9459, 5177, 54.73, 252, 68.48, 4, 4161
9460, 5178, 54.74, 252, 68.48, 4, 4161
9461, 5178, 54.73, 252, 68.48, 4, 4162
9462, 5179, 54.73, 252, 68.48, 4, 4162
9463, 5180, 54.74, 252, 68.48, 4, 4162
9464, 5181, 54.74, 252, 68.48, 4, 4162
9465, 5181, 54.74, 252, 68.48, 4, 4163
9466, 5181, 54.73, 252, 68.48, 4, 4164
9467, 5181, 54.73, 252, 68.48, 4, 4165
9468, 5181, 54.72, 252, 68.48, 4, 4166
9469, 5181, 54.72, 252, 68.48, 4, 4167
9470, 5182, 54.72, 252, 68.48, 4, 4167
9471, 5182, 54.71, 252, 68.48, 4, 4168
9472, 5182, 54.71, 252, 68.48, 4, 4169
9473, 5183, 54.71, 252, 68.48, 4, 4169
9474, 5183, 54.71, 252, 68.48, 4, 4170
9475, 5183, 54.70, 252, 68.48, 4, 4171
9476, 5183, 54.70, 252, 68.48, 4, 4172
9477, 5184, 54.70, 252, 68.48, 4, 4172
9478, 5185, 54.71, 252, 68.48, 4, 4172
9479, 5186, 54.71, 252, 68.48, 4, 4172
9480, 5186, 54.70, 252, 68.48, 4, 4173
9481, 5187, 54.71, 252, 68.48, 4, 4173
9482, 5187, 54.70, 252, 68.48, 4, 4174
9483, 5188, 54.71, 252, 68.48, 4, 4174
9484, 5188, 54.70, 252, 68.48, 4, 4175
9485, 5188, 54.70, 252, 68.48, 4, 4176
9486, 5189, 54.70, 252, 68.48, 4, 4176
9487, 5190, 54.71, 252, 68.48, 4, 4176
9488, 5190, 54.70, 252, 68.48, 4, 4177
9489, 5191, 54.71, 252, 68.48, 4, 4177
9490, 5191, 54.70, 252, 68.48, 4, 4178
9491, 5191, 54.69, 252, 68.48, 4, 4179
9492, 5192, 54.70, 252, 68.48, 4, 4179
9493, 5192, 54.69, 252, 68.48, 4, 4180
9494, 5193, 54.70, 252, 68.48, 4, 4180
9495, 5194, 54.70, 252, 68.48, 4, 4180
9496, 5195, 54.71, 252, 68.48, 4, 4180
9497, 5196, 54.71, 252, 68.48, 4, 4180
9498, 5197, 54.72, 252, 68.48, 4, 4180
9499, 5197, 54.71, 252, 68.48, 4, 4181
9500, 5198, 54.72, 252, 68.48, 4, 4181
9501, 5199, 54.72, 252, 68.48, 4, 4181
9502, 5200, 54.73, 252, 68.48, 4, 4181
9503, 5200, 54.72, 252, 68.48, 4, 4182
9504, 5201, 54.72, 252, 68.48, 4, 4182
9505, 5202, 54.73, 252, 68.48, 4, 4182
9506, 5203, 54.73, 252, 68.48, 4, 4182
9507, 5203, 54.73, 252, 68.48, 4, 4183
9508, 5203, 54.72, 252, 68.48, 4, 4184
9509, 5204, 54.73, 252, 68.48, 4, 4184
9510, 5205, 54.73, 252, 68.48, 4, 4184
9511, 5205, 54.73, 252, 68.48, 4, 4185
9512, 5205, 54.72, 252, 68.48, 4, 4186
9513, 5205, 54.71, 252, 68.48, 4, 4187
9514, 5205, 54.71, 252, 68.48, 4, 4188
9515, 5205, 54.70, 252, 68.48, 4, 4189
9516, 5206, 54.71, 252, 68.48, 4, 4189
9517, 5207, 54.71, 252, 68.48, 4, 4189
9518, 5208, 54.72, 252, 68.48, 4, 4189
9519, 5208, 54.71, 252, 68.48, 4, 4190
9520, 5209, 54.72, 252, 68.48, 4, 4190
9521, 5210, 54.72, 252, 68.48, 4, 4190
9522, 5211, 54.73, 252, 68.48, 4, 4190
9523, 5211, 54.72, 252, 68.48, 4, 4191
9524, 5211, 54.71, 252, 68.48, 4, 4192
9525, 5211, 54.71, 252, 68.48, 4, 4193
9526, 5211, 54.70, 252, 68.48, 4, 4194
9527, 5211, 54.70, 252, 68.48, 4, 4195
9528, 5212, 54.70, 252, 68.48, 4, 4195
9529, 5213, 54.71, 252, 68.48, 4, 4195
9530, 5213, 54.70, 252, 68.48, 4, 4196
9531, 5214, 54.71, 252, 68.48, 4, 4196
9532, 5214, 54.70, 252, 68.48, 4, 4197
9533, 5214, 54.69, 252, 68.48, 4, 4198
9534, 5214, 54.69, 252, 68.48, 4, 4199
9535, 5215, 54.69, 252, 68.48, 4, 4199
9536, 5216, 54.70, 252, 68.48, 4, 4199
9537, 5217, 54.70, 252, 68.48, 4, 4199
9538, 5218, 54.71, 252, 68.48, 4, 4199
9539, 5219, 54.71, 252, 68.48, 4, 4199
9540, 5219, 54.71, 252, 68.48, 4, 4199
9541, 5220, 54.71, 252, 68.48, 4, 4199
9542, 5220, 54.71, 252, 68.48, 4, 4200
9543, 5220, 54.70, 252, 68.48, 4, 4201
9544, 5221, 54.70, 252, 68.48, 4, 4201
9545, 5222, 54.71, 252, 68.48, 4, 4201
9546, 5223, 54.71, 252, 68.48, 4, 4201
9547, 5224, 54.72, 252, 68.48, 4, 4201
9548, 5224, 54.71, 252, 68.48, 4, 4202
9549, 5225, 54.72, 252, 68.48, 4, 4202
9550, 5226, 54.72, 252, 68.48, 4, 4202
9551, 5226, 54.72, 252, 68.48, 4, 4203
9552, 5227, 54.72, 252, 68.48, 4, 4203
9553, 5228, 54.73, 252, 68.48, 4, 4203
9554, 5229, 54.73, 252, 68.48, 4, 4203
9555, 5229, 54.73, 252, 68.48, 4, 4204
9556, 5230, 54.73, 252, 68.48, 4, 4204
9557, 5231, 54.73, 252, 68.48, 4, 4204
9558, 5232, 54.74, 252, 68.48, 4, 4204
9559, 5232, 54.73, 252, 68.48, 4, 4205
9560, 5233, 54.74, 252, 68.48, 4, 4205
9561, 5233, 54.73, 252, 68.48, 4, 4206
9562, 5233, 54.73, 252, 68.48, 4, 4207
9563, 5233, 54.72, 252, 68.48, 4, 4208
9564, 5234, 54.73, 252, 68.48, 4, 4208
9565, 5234, 54.72, 252, 68.48, 4, 4209
9566, 5234, 54.71, 252, 68.48, 4, 4210
9567, 5234, 54.71, 252, 68.48, 4, 4211
9568, 5235, 54.71, 252, 68.48, 4, 4211
9569, 5235, 54.71, 252, 68.48, 4, 4212
9570, 5236, 54.71, 252, 68.48, 4, 4212
9571, 5237, 54.72, 252, 68.48, 4, 4212
9572, 5237, 54.71, 252, 68.48, 4, 4213
9573, 5238, 54.72, 252, 68.48, 4, 4213
9574, 5239, 54.72, 252, 68.48, 4, 4213
9575, 5239, 54.72, 252, 68.48, 4, 4214
9576, 5240, 54.72, 252, 68.48, 4, 4214
9577, 5240, 54.71, 252, 68.48, 4, 4215
9578, 5240, 54.71, 252, 68.48, 4, 4216
9579, 5240, 54.70, 252, 68.48, 4, 4217
9580, 5241, 54.71, 252, 68.48, 4, 4217
9581, 5241, 54.70, 252, 68.48, 4, 4218
9582, 5242, 54.71, 252, 68.48, 4, 4218
9583, 5242, 54.70, 252, 68.48, 4, 4218
9584, 5243, 54.71, 252, 68.48, 4, 4218
9585, 5244, 54.71, 252, 68.48, 4, 4218
9586, 5245, 54.72, 252, 68.48, 4, 4218
9587, 5246, 54.72, 252, 68.48, 4, 4218
9588, 5246, 54.71, 252, 68.48, 4, 4219
9589, 5247, 54.72, 252, 68.48, 4, 4219
9590, 5248, 54.72, 252, 68.48, 4, 4219
9591, 5248, 54.72, 252, 68.48, 4, 4220
9592, 5249, 54.72, 252, 68.48, 4, 4220
9593, 5249, 54.72, 252, 68.48, 4, 4221
9594, 5250, 54.72, 252, 68.48, 4, 4221
9595, 5251, 54.73, 252, 68.48, 4, 4221
9596, 5252, 54.73, 252, 68.48, 4, 4221
9597, 5252, 54.73, 252, 68.48, 4, 4222
9598, 5253, 54.73, 252, 68.48, 4, 4222
9599, 5253, 54.72, 252, 68.48, 4, 4223
9600, 5254, 54.73, 252, 68.48, 4, 4223
9601, 5254, 54.72, 252, 68.48, 4, 4224
9602, 5254, 54.72, 252, 68.48, 4, 4225
9603, 5255, 54.72, 252, 68.48, 4, 4225
9604, 5256, 54.73, 252, 68.48, 4, 4225
9605, 5256, 54.72, 252, 68.48, 4, 4226
9606, 5256, 54.72, 252, 68.48, 4, 4227
9607, 5256, 54.71, 252, 68.48, 4, 4228
9608, 5256, 54.70, 252, 68.48, 4, 4229
9609, 5257, 54.71, 252, 68.48, 4, 4229
9610, 5258, 54.71, 252, 68.48, 4, 4229
9611, 5259, 54.72, 252, 68.48, 4, 4229
9612, 5260, 54.72, 252, 68.48, 4, 4229
9613, 5261, 54.73, 252, 68.48, 4, 4229
9614, 5261, 54.72, 252, 68.48, 4, 4230
9615, 5262, 54.73, 252, 68.48, 4, 4230
9616, 5263, 54.73, 252, 68.48, 4, 4230
9617, 5263, 54.73, 252, 68.48, 4, 4231
9618, 5263, 54.72, 252, 68.48, 4, 4232
9619, 5263, 54.71, 252, 68.48, 4, 4233
9620, 5263, 54.71, 252, 68.48, 4, 4234
9621, 5263, 54.70, 252, 68.48, 4, 4235
9622, 5263, 54.70, 252, 68.48, 4, 4236
9623, 5263, 54.69, 252, 68.48, 4, 4237
9624, 5264, 54.70, 252, 68.48, 4, 4237
9625, 5265, 54.70, 252, 68.48, 4, 4237
9626, 5266, 54.71, 252, 68.48, 4, 4237
9627, 5266, 54.70, 252, 68.48, 4, 4238
9628, 5267, 54.71, 252, 68.48, 4, 4238
9629, 5268, 54.71, 252, 68.48, 4, 4238
9630, 5269, 54.71, 252, 68.48, 4, 4238
9631, 5270, 54.72, 252, 68.48, 4, 4238
9632, 5271, 54.72, 252, 68.48, 4, 4238
9633, 5271, 54.72, 252, 68.48, 4, 4239
9634, 5271, 54.71, 252, 68.48, 4, 4240
9635, 5272, 54.72, 252, 68.48, 4, 4240
9636, 5273, 54.72, 252, 68.48, 4, 4240
9637, 5274, 54.73, 252, 68.48, 4, 4240
9638, 5275, 54.73, 252, 68.48, 4, 4240
9639, 5276, 54.74, 252, 68.48, 4, 4240
9640, 5277, 54.74, 252, 68.48, 4, 4240
9641, 5277, 54.73, 252, 68.48, 4, 4241
9642, 5277, 54.73, 252, 68.48, 4, 4242
9643, 5278, 54.73, 252, 68.48, 4, 4242
9644, 5279, 54.74, 252, 68.48, 4, 4242
9645, 5279, 54.73, 252, 68.48, 4, 4243
9646, 5279, 54.73, 252, 68.48, 4, 4244
9647, 5280, 54.73, 252, 68.48, 4, 4244
9648, 5281, 54.74, 252, 68.48, 4, 4244
9649, 5282, 54.74, 252, 68.48, 4, 4244
9650, 5283, 54.75, 252, 68.48, 4, 4244
9651, 5283, 54.74, 252, 68.48, 4, 4245
9652, 5284, 54.75, 252, 68.48, 4, 4245
9653, 5284, 54.74, 252, 68.48, 4, 4246
9654, 5284, 54.73, 252, 68.48, 4, 4247
9655, 5285, 54.74, 252, 68.48, 4, 4247
9656, 5286, 54.74, 252, 68.48, 4, 4247
9657, 5287, 54.75, 252, 68.48, 4, 4247
9658, 5288, 54.75, 252, 68.48, 4, 4247
9659, 5288, 54.75, 252, 68.48, 4, 4248
9660, 5288, 54.74, 252, 68.48, 4, 4249
9661, 5288, 54.74, 252, 68.48, 4, 4250
9662, 5288, 54.73, 252, 68.48, 4, 4251
9663, 5288, 54.72, 252, 68.48, 4, 4252
9664, 5288, 54.72, 252, 68.48, 4, 4253
9665, 5289, 54.72, 252, 68.48, 4, 4253
9666, 5290, 54.73, 252, 68.48, 4, 4253
9667, 5290, 54.72, 252, 68.48, 4, 4254
9668, 5291, 54.73, 252, 68.48, 4, 4254
9669, 5292, 54.73, 252, 68.48, 4, 4254
9670, 5293, 54.74, 252, 68.48, 4, 4254
9671, 5293, 54.73, 252, 68.48, 4, 4255
9672, 5294, 54.74, 252, 68.48, 4, 4255
9673, 5295, 54.74, 252, 68.48, 4, 4255
9674, 5295, 54.73, 252, 68.48, 4, 4256
9675, 5296, 54.74, 252, 68.48, 4, 4256
9676, 5296, 54.73, 252, 68.48, 4, 4257
9677, 5296, 54.73, 252, 68.48, 4, 4258
9678, 5297, 54.73, 252, 68.48, 4, 4258
9679, 5298, 54.74, 252, 68.48, 4, 4258
9680, 5298, 54.73, 252, 68.48, 4, 4259
9681, 5299, 54.74, 252, 68.48, 4, 4259
9682, 5299, 54.73, 252, 68.48, 4, 4260
9683, 5300, 54.74, 252, 68.48, 4, 4260
9684, 5300, 54.73, 252, 68.48, 4, 4261
9685, 5300, 54.72, 252, 68.48, 4, 4261
9686, 5300, 54.72, 252, 68.48, 4, 4261
9687, 5300, 54.71, 252, 68.48, 4, 4262
9688, 5300, 54.71, 252, 68.48, 4, 4263
9689, 5301, 54.71, 252, 68.48, 4, 4263
9690, 5301, 54.71, 252, 68.48, 4, 4264
9691, 5301, 54.70, 252, 68.48, 4, 4264
9692, 5301, 54.69, 252, 68.48, 4, 4265
9693, 5301, 54.69, 252, 68.48, 4, 4266
9694, 5301, 54.68, 252, 68.48, 4, 4267
9695, 5302, 54.69, 252, 68.48, 4, 4267
9696, 5302, 54.68, 252, 68.48, 4, 4268
9697, 5303, 54.69, 252, 68.48, 4, 4268
9698, 5304, 54.69, 252, 68.48, 4, 4268
9699, 5305, 54.70, 252, 68.48, 4, 4268
9700, 5305, 54.69, 252, 68.48, 4, 4269
9701, 5305, 54.69, 252, 68.48, 4, 4270
9702, 5306, 54.69, 252, 68.48, 4, 4270
9703, 5307, 54.69, 252, 68.48, 4, 4270
9704, 5307, 54.69, 252, 68.48, 4, 4271
9705, 5308, 54.69, 252, 68.48, 4, 4271
9706, 5309, 54.70, 252, 68.48, 4, 4271
9707, 5309, 54.69, 252, 68.48, 4, 4272
9708, 5310, 54.70, 252, 68.48, 4, 4272
9709, 5310, 54.69, 252, 68.48, 4, 4273
9710, 5310, 54.69, 252, 68.48, 4, 4274
9711, 5311, 54.69, 252, 68.48, 4, 4274
9712, 5311, 54.68, 252, 68.48, 4, 4275
9713, 5312, 54.69, 252, 68.48, 4, 4275
9714, 5312, 54.68, 252, 68.48, 4, 4276
9715, 5313, 54.69, 252, 68.48, 4, 4276
9716, 5314, 54.69, 252, 68.48, 4, 4276
9717, 5315, 54.70, 252, 68.48, 4, 4276
9718, 5315, 54.69, 252, 68.48, 4, 4277
9719, 5316, 54.70, 252, 68.48, 4, 4277
9720, 5316, 54.69, 252, 68.48, 4, 4278
9721, 5316, 54.69, 252, 68.48, 4, 4279
9722, 5317, 54.69, 252, 68.48, 4, 4279
9723, 5318, 54.70, 252, 68.48, 4, 4279
9724, 5319, 54.70, 252, 68.48, 4, 4279
9725, 5320, 54.70, 252, 68.48, 4, 4279
9726, 5320, 54.70, 252, 68.48, 4, 4280
9727, 5321, 54.70, 252, 68.48, 4, 4280
9728, 5322, 54.71, 252, 68.48, 4, 4280
9729, 5323, 54.71, 252, 68.48, 4, 4280
9730, 5323, 54.71, 252, 68.48, 4, 4281
9731, 5323, 54.70, 252, 68.48, 4, 4282
9732, 5324, 54.71, 252, 68.48, 4, 4282
9733, 5325, 54.71, 252, 68.48, 4, 4282
9734, 5326, 54.72, 252, 68.48, 4, 4282
9735, 5326, 54.71, 252, 68.48, 4, 4283
9736, 5326, 54.70, 252, 68.48, 4, 4284
9737, 5327, 54.71, 252, 68.48, 4, 4284
9738, 5328, 54.71, 252, 68.48, 4, 4284
9739, 5329, 54.72, 252, 68.48, 4, 4284
9740, 5330, 54.72, 252, 68.48, 4, 4284
9741, 5331, 54.73, 252, 68.48, 4, 4284
9742, 5331, 54.72, 252, 68.48, 4, 4285
9743, 5332, 54.73, 252, 68.48, 4, 4285
9744, 5332, 54.72, 252, 68.48, 4, 4286
9745, 5332, 54.72, 252, 68.48, 4, 4287
9746, 5333, 54.72, 252, 68.48, 4, 4287
9747, 5334, 54.72, 252, 68.48, 4, 4287
9748, 5334, 54.72, 252, 68.48, 4, 4288
9749, 5335, 54.72, 252, 68.48, 4, 4288
9750, 5336, 54.73, 252, 68.48, 4, 4288
9751, 5336, 54.72, 252, 68.48, 4, 4289
9752, 5337, 54.73, 252, 68.48, 4, 4289
9753, 5338, 54.73, 252, 68.48, 4, 4289
9754, 5339, 54.74, 252, 68.48, 4, 4289
9755, 5339, 54.73, 252, 68.48, 4, 4290
9756, 5339, 54.73, 252, 68.48, 4, 4291
9757, 5340, 54.73, 252, 68.48, 4, 4291
9758, 5341, 54.73, 252, 68.48, 4, 4291
9759, 5341, 54.73, 252, 68.48, 4, 4292
9760, 5341, 54.72, 252, 68.48, 4, 4293
9761, 5341, 54.72, 252, 68.48, 4, 4294
9762, 5341, 54.71, 252, 68.48, 4, 4295
9763, 5342, 54.72, 252, 68.48, 4, 4295
9764, 5343, 54.72, 252, 68.48, 4, 4295
9765, 5343, 54.72, 252, 68.48, 4, 4296
9766, 5343, 54.71, 252, 68.48, 4, 4297
9767, 5343, 54.70, 252, 68.48, 4, 4298
9768, 5343, 54.70, 252, 68.48, 4, 4299
9769, 5344, 54.70, 252, 68.48, 4, 4299
9770, 5345, 54.71, 252, 68.48, 4, 4299
9771, 5345, 54.70, 252, 68.48, 4, 4300
9772, 5346, 54.71, 252, 68.48, 4, 4300
9773, 5346, 54.70, 252, 68.48, 4, 4301
9774, 5347, 54.71, 252, 68.48, 4, 4301
9775, 5348, 54.71, 252, 68.48, 4, 4301
9776, 5348, 54.71, 252, 68.48, 4, 4302
9777, 5348, 54.70, 252, 68.48, 4, 4303
9778, 5349, 54.70, 252, 68.48, 4, 4303
9779, 5350, 54.71, 252, 68.48, 4, 4303
9780, 5351, 54.71, 252, 68.48, 4, 4303
9781, 5351, 54.71, 252, 68.48, 4, 4304
9782, 5351, 54.70, 252, 68.48, 4, 4305
9783, 5351, 54.70, 252, 68.48, 4, 4306
9784, 5352, 54.70, 252, 68.48, 4, 4306
9785, 5352, 54.70, 252, 68.48, 4, 4307
9786, 5352, 54.69, 252, 68.48, 4, 4308
9787, 5352, 54.68, 252, 68.48, 4, 4309
9788, 5352, 54.68, 252, 68.48, 4, 4310
9789, 5353, 54.68, 252, 68.48, 4, 4310
9790, 5354, 54.69, 252, 68.48, 4, 4310
9791, 5355, 54.69, 252, 68.48, 4, 4310
9792, 5356, 54.70, 252, 68.48, 4, 4310
9793, 5357, 54.70, 252, 68.48, 4, 4310
9794, 5357, 54.70, 252, 68.48, 4, 4311
9795, 5357, 54.69, 252, 68.48, 4, 4312
9796, 5357, 54.69, 252, 68.48, 4, 4313
9797, 5357, 54.68, 252, 68.48, 4, 4314
9798, 5358, 54.68, 252, 68.48, 4, 4314
9799, 5359, 54.69, 252, 68.48, 4, 4314
9800, 5359, 54.68, 252, 68.48, 4, 4315
9801, 5359, 54.68, 252, 68.48, 4, 4316
9802, 5360, 54.68, 252, 68.48, 4, 4316
9803, 5361, 54.69, 252, 68.48, 4, 4316
9804, 5361, 54.68, 252, 68.48, 4, 4317
9805, 5362, 54.69, 252, 68.48, 4, 4317
9806, 5363, 54.69, 252, 68.48, 4, 4317
9807, 5363, 54.69, 252, 68.48, 4, 4318
9808, 5364, 54.69, 252, 68.48, 4, 4318
9809, 5365, 54.69, 252, 68.48, 4, 4318
9810, 5365, 54.69, 252, 68.48, 4, 4319
9811, 5365, 54.68, 252, 68.48, 4, 4320
9812, 5365, 54.68, 252, 68.48, 4, 4321
9813, 5365, 54.67, 252, 68.48, 4, 4322
9814, 5366, 54.68, 252, 68.48, 4, 4322
9815, 5367, 54.68, 252, 68.48, 4, 4322
9816, 5367, 54.68, 252, 68.48, 4, 4323
9817, 5368, 54.68, 252, 68.48, 4, 4323
9818, 5369, 54.69, 252, 68.48, 4, 4323
9819, 5370, 54.69, 252, 68.48, 4, 4323
9820, 5371, 54.69, 252, 68.48, 4, 4323
9821, 5372, 54.70, 252, 68.48, 4, 4323
9822, 5373, 54.70, 252, 68.48, 4, 4323
9823, 5373, 54.70, 252, 68.48, 4, 4324
9824, 5373, 54.69, 252, 68.48, 4, 4325
9825, 5373, 54.69, 252, 68.48, 4, 4326
9826, 5374, 54.69, 252, 68.48, 4, 4326
9827, 5375, 54.70, 252, 68.48, 4, 4326
9828, 5375, 54.69, 252, 68.48, 4, 4327
9829, 5375, 54.69, 252, 68.48, 4, 4328
9830, 5376, 54.69, 252, 68.48, 4, 4328
9831, 5376, 54.68, 252, 68.48, 4, 4329
9832, 5377, 54.69, 252, 68.48, 4, 4329
9833, 5377, 54.68, 252, 68.48, 4, 4330
9834, 5378, 54.69, 252, 68.48, 4, 4330
9835, 5378, 54.68, 252, 68.48, 4, 4331
9836, 5378, 54.68, 252, 68.48, 4, 4332
9837, 5378, 54.67, 252, 68.48, 4, 4333
9838, 5378, 54.67, 252, 68.48, 4, 4334
9839, 5379, 54.67, 252, 68.48, 4, 4334
9840, 5380, 54.67, 252, 68.48, 4, 4334
9841, 5380, 54.67, 252, 68.48, 4, 4335
9842, 5380, 54.66, 252, 68.48, 4, 4336
9843, 5381, 54.67, 252, 68.48, 4, 4336
9844, 5382, 54.67, 252, 68.48, 4, 4336
9845, 5383, 54.68, 252, 68.48, 4, 4336
9846, 5383, 54.67, 252, 68.48, 4, 4337
9847, 5383, 54.67, 252, 68.48, 4, 4338
9848, 5384, 54.67, 252, 68.48, 4, 4338
9849, 5384, 54.67, 252, 68.48, 4, 4339
9850, 5384, 54.66, 252, 68.48, 4, 4340
9851, 5385, 54.66, 252, 68.48, 4, 4340
9852, 5386, 54.67, 252, 68.48, 4, 4340
9853, 5387, 54.67, 252, 68.48, 4, 4340
9854, 5387, 54.67, 252, 68.48, 4, 4341
9855, 5387, 54.66, 252, 68.48, 4, 4342
9856, 5387, 54.66, 252, 68.48, 4, 4343
9857, 5388, 54.66, 252, 68.48, 4, 4343
9858, 5389, 54.67, 252, 68.48, 4, 4343
9859, 5390, 54.67, 252, 68.48, 4, 4343
9860, 5391, 54.68, 252, 68.48, 4, 4343
9861, 5392, 54.68, 252, 68.48, 4, 4343
9862, 5392, 54.67, 252, 68.48, 4, 4344
9863, 5393, 54.68, 252, 68.48, 4, 4344
9864, 5393, 54.67, 252, 68.48, 4, 4345
9865, 5393, 54.67, 252, 68.48, 4, 4346
9866, 5394, 54.67, 252, 68.48, 4, 4346
9867, 5395, 54.68, 252, 68.48, 4, 4346
9868, 5396, 54.68, 252, 68.48, 4, 4346
9869, 5397, 54.69, 252, 68.48, 4, 4346
9870, 5398, 54.69, 252, 68.48, 4, 4346
9871, 5399, 54.70, 252, 68.48, 4, 4346
9872, 5399, 54.69, 252, 68.48, 4, 4347
9873, 5400, 54.69, 252, 68.48, 4, 4347
9874, 5401, 54.70, 252, 68.48, 4, 4347
9875, 5401, 54.69, 252, 68.48, 4, 4348
9876, 5401, 54.69, 252, 68.48, 4, 4349
9877, 5402, 54.69, 252, 68.48, 4, 4349
9878, 5402, 54.69, 252, 68.48, 4, 4350
9879, 5403, 54.69, 252, 68.48, 4, 4350
9880, 5403, 54.69, 252, 68.48, 4, 4351
9881, 5403, 54.68, 252, 68.48, 4, 4352
9882, 5403, 54.68, 252, 68.48, 4, 4353
9883, 5403, 54.67, 252, 68.48, 4, 4354
9884, 5404, 54.67, 252, 68.48, 4, 4354
9885, 5404, 54.67, 252, 68.48, 4, 4355
9886, 5404, 54.66, 252, 68.48, 4, 4356
9887, 5404, 54.66, 252, 68.48, 4, 4356
9888, 5405, 54.66, 252, 68.48, 4, 4356
9889, 5406, 54.67, 252, 68.48, 4, 4356
9890, 5407, 54.67, 252, 68.48, 4, 4356
9891, 5408, 54.68, 252, 68.48, 4, 4356
9892, 5408, 54.67, 252, 68.48, 4, 4357
9893, 5409, 54.68, 252, 68.48, 4, 4357
9894, 5410, 54.68, 252, 68.48, 4, 4357
9895, 5410, 54.67, 252, 68.48, 4, 4358
9896, 5410, 54.67, 252, 68.48, 4, 4358
9897, 5411, 54.67, 252, 68.48, 4, 4358
9898, 5412, 54.68, 252, 68.48, 4, 4358
9899, 5413, 54.68, 252, 68.48, 4, 4358
9900, 5414, 54.69, 252, 68.48, 4, 4358
9901, 5414, 54.68, 252, 68.48, 4, 4359
9902, 5415, 54.69, 252, 68.48, 4, 4359
9903, 5415, 54.68, 252, 68.48, 4, 4360
9904, 5416, 54.68, 252, 68.48, 4, 4360
9905, 5417, 54.69, 252, 68.48, 4, 4360
9906, 5418, 54.69, 252, 68.48, 4, 4360
9907, 5419, 54.70, 252, 68.48, 4, 4360
9908, 5420, 54.70, 252, 68.48, 4, 4360
9909, 5420, 54.70, 252, 68.48, 4, 4361
9910, 5421, 54.70, 252, 68.48, 4, 4361
9911, 5422, 54.71, 252, 68.48, 4, 4361
9912, 5422, 54.70, 252, 68.48, 4, 4362
9913, 5422, 54.70, 252, 68.48, 4, 4363
9914, 5422, 54.69, 252, 68.48, 4, 4364
9915, 5423, 54.69, 252, 68.48, 4, 4364
9916, 5424, 54.70, 252, 68.48, 4, 4364
9917, 5425, 54.70, 252, 68.48, 4, 4364
9918, 5426, 54.71, 252, 68.48, 4, 4364
9919, 5426, 54.70, 252, 68.48, 4, 4365
9920, 5427, 54.71, 252, 68.48, 4, 4365
9921, 5428, 54.71, 252, 68.48, 4, 4365
9922, 5429, 54.72, 252, 68.48, 4, 4365
9923, 5429, 54.71, 252, 68.48, 4, 4366
9924, 5430, 54.72, 252, 68.48, 4, 4366
9925, 5431, 54.72, 252, 68.48, 4, 4366
9926, 5431, 54.71, 252, 68.48, 4, 4367
9927, 5431, 54.71, 252, 68.48, 4, 4368
9928, 5431, 54.70, 252, 68.48, 4, 4369
9929, 5432, 54.71, 252, 68.48, 4, 4369
9930, 5433, 54.71, 252, 68.48, 4, 4369
9931, 5433, 54.71, 252, 68.48, 4, 4370
9932, 5434, 54.71, 252, 68.48, 4, 4370
9933, 5435, 54.72, 252, 68.48, 4, 4370
9934, 5435, 54.71, 252, 68.48, 4, 4371
9935, 5436, 54.72, 252, 68.48, 4, 4371
9936, 5437, 54.72, 252, 68.48, 4, 4371
9937, 5437, 54.71, 252, 68.48, 4, 4372
9938, 5438, 54.72, 252, 68.48, 4, 4372
9939, 5438, 54.71, 252, 68.48, 4, 4373
9940, 5439, 54.72, 252, 68.48, 4, 4373
9941, 5439, 54.71, 252, 68.48, 4, 4374
9942, 5440, 54.72, 252, 68.48, 4, 4374
9943, 5441, 54.72, 252, 68.48, 4, 4374
9944, 5442, 54.73, 252, 68.48, 4, 4374
9945, 5442, 54.72, 252, 68.48, 4, 4375
9946, 5443, 54.73, 252, 68.48, 4, 4375
9947, 5444, 54.73, 252, 68.48, 4, 4375
9948, 5444, 54.72, 252, 68.48, 4, 4376
9949, 5444, 54.72, 252, 68.48, 4, 4377
9950, 5444, 54.71, 252, 68.48, 4, 4378
9951, 5444, 54.71, 252, 68.48, 4, 4379
9952, 5444, 54.70, 252, 68.48, 4, 4380
9953, 5444, 54.70, 252, 68.48, 4, 4381
9954, 5444, 54.69, 252, 68.48, 4, 4382
9955, 5444, 54.69, 252, 68.48, 4, 4383
9956, 5444, 54.68, 252, 68.48, 4, 4384
9957, 5444, 54.68, 252, 68.48, 4, 4385
9958, 5445, 54.68, 252, 68.48, 4, 4385
9959, 5445, 54.67, 252, 68.48, 4, 4386
9960, 5445, 54.67, 252, 68.48, 4, 4387
9961, 5446, 54.67, 252, 68.48, 4, 4387
9962, 5446, 54.67, 252, 68.48, 4, 4388
9963, 5447, 54.67, 252, 68.48, 4, 4388
9964, 5448, 54.68, 252, 68.48, 4, 4388
9965, 5449, 54.68, 252, 68.48, 4, 4388
9966, 5450, 54.69, 252, 68.48, 4, 4388
9967, 5450, 54.68, 252, 68.48, 4, 4389
9968, 5451, 54.68, 252, 68.48, 4, 4389
9969, 5452, 54.69, 252, 68.48, 4, 4389
9970, 5453, 54.69, 252, 68.48, 4, 4389
9971, 5453, 54.69, 252, 68.48, 4, 4390
9972, 5453, 54.68, 252, 68.48, 4, 4391
9973, 5454, 54.69, 252, 68.48, 4, 4391
9974, 5455, 54.69, 252, 68.48, 4, 4391
9975, 5455, 54.69, 252, 68.48, 4, 4392
9976, 5455, 54.68, 252, 68.48, 4, 4393
9977, 5455, 54.68, 252, 68.48, 4, 4394
9978, 5456, 54.68, 252, 68.48, 4, 4394
9979, 5457, 54.68, 252, 68.48, 4, 4394
9980, 5458, 54.69, 252, 68.48, 4, 4394
9981, 5458, 54.68, 252, 68.48, 4, 4395
9982, 5459, 54.69, 252, 68.48, 4, 4395
9983, 5460, 54.69, 252, 68.48, 4, 4395
9984, 5460, 54.69, 252, 68.48, 4, 4396
9985, 5460, 54.68, 252, 68.48, 4, 4397
9986, 5460, 54.68, 252, 68.48, 4, 4398
9987, 5460, 54.67, 252, 68.48, 4, 4399
9988, 5461, 54.68, 252, 68.48, 4, 4399
9989, 5462, 54.68, 252, 68.48, 4, 4399
9990, 5463, 54.68, 252, 68.48, 4, 4399
9991, 5463, 54.68, 252, 68.48, 4, 4400
9992, 5463, 54.67, 252, 68.48, 4, 4401
9993, 5463, 54.67, 252, 68.48, 4, 4402
9994, 5464, 54.67, 252, 68.48, 4, 4402
9995, 5465, 54.68, 252, 68.48, 4, 4402
9996, 5466, 54.68, 252, 68.48, 4, 4402
9997, 5467, 54.69, 252, 68.48, 4, 4402
9998, 5468, 54.69, 252, 68.48, 4, 4402
9999, 5469, 54.70, 252, 68.48, 4, 4402
10000, 5470, 54.70, 252, 68.48, 4, 4402
10001, 5471, 54.70, 252, 68.48, 4, 4402
10002, 5471, 54.70, 252, 68.48, 4, 4403
10003, 5471, 54.69, 252, 68.48, 4, 4404
10004, 5472, 54.70, 252, 68.48, 4, 4404
10005, 5473, 54.70, 252, 68.48, 4, 4404
10006, 5473, 54.70, 252, 68.48, 4, 4405
10007, 5474, 54.70, 252, 68.48, 4, 4405
10008, 5474, 54.70, 252, 68.48, 4, 4406
10009, 5474, 54.69, 252, 68.48, 4, 4407
10010, 5475, 54.70, 252, 68.48, 4, 4407
10011, 5475, 54.69, 252, 68.48, 4, 4408
10012, 5476, 54.69, 252, 68.48, 4, 4408
10013, 5477, 54.70, 252, 68.48, 4, 4408
10014, 5477, 54.69, 252, 68.48, 4, 4409
10015, 5478, 54.70, 252, 68.48, 4, 4409
10016, 5479, 54.70, 252, 68.48, 4, 4409
10017, 5479, 54.70, 252, 68.48, 4, 4410
10018, 5479, 54.69, 252, 68.48, 4, 4411
10019, 5480, 54.70, 252, 68.48, 4, 4411
10020, 5480, 54.69, 252, 68.48, 4, 4412
10021, 5480, 54.69, 252, 68.48, 4, 4413
10022, 5480, 54.68, 252, 68.48, 4, 4414
10023, 5481, 54.68, 252, 68.48, 4, 4414
10024, 5482, 54.69, 252, 68.48, 4, 4414
10025, 5483, 54.69, 252, 68.48, 4, 4414
10026, 5483, 54.69, 252, 68.48, 4, 4415
10027, 5484, 54.69, 252, 68.48, 4, 4415
10028, 5485, 54.70, 252, 68.48, 4, 4415
10029, 5485, 54.69, 252, 68.48, 4, 4416
10030, 5486, 54.70, 252, 68.48, 4, 4416
10031, 5487, 54.70, 252, 68.48, 4, 4416
10032, 5487, 54.69, 252, 68.48, 4, 4417
10033, 5487, 54.69, 252, 68.48, 4, 4418
10034, 5488, 54.69, 252, 68.48, 4, 4418
10035, 5489, 54.70, 252, 68.48, 4, 4418
10036, 5490, 54.70, 252, 68.48, 4, 4418
10037, 5490, 54.70, 252, 68.48, 4, 4419
10038, 5491, 54.70, 252, 68.48, 4, 4419
10039, 5492, 54.71, 252, 68.48, 4, 4419
10040, 5492, 54.70, 252, 68.48, 4, 4420
10041, 5493, 54.71, 252, 68.48, 4, 4420
10042, 5493, 54.70, 252, 68.48, 4, 4421
10043, 5494, 54.70, 252, 68.48, 4, 4421
10044, 5495, 54.71, 252, 68.48, 4, 4421
10045, 5495, 54.70, 252, 68.48, 4, 4422
10046, 5496, 54.71, 252, 68.48, 4, 4422
10047, 5497, 54.71, 252, 68.48, 4, 4422
10048, 5498, 54.72, 252, 68.48, 4, 4422
10049, 5499, 54.72, 252, 68.48, 4, 4422
10050, 5500, 54.73, 252, 68.48, 4, 4422
10051, 5500, 54.72, 252, 68.48, 4, 4423
10052, 5500, 54.72, 252, 68.48, 4, 4424
10053, 5500, 54.71, 252, 68.48, 4, 4425
10054, 5501, 54.71, 252, 68.48, 4, 4425
10055, 5502, 54.72, 252, 68.48, 4, 4425
10056, 5502, 54.71, 252, 68.48, 4, 4426
10057, 5502, 54.71, 252, 68.48, 4, 4427
10058, 5502, 54.70, 252, 68.48, 4, 4428
10059, 5503, 54.71, 252, 68.48, 4, 4428
10060, 5503, 54.70, 252, 68.48, 4, 4429
10061, 5504, 54.71, 252, 68.48, 4, 4429
10062, 5505, 54.71, 252, 68.48, 4, 4429
10063, 5506, 54.72, 252, 68.48, 4, 4429
10064, 5506, 54.71, 252, 68.48, 4, 4430
10065, 5507, 54.71, 252, 68.48, 4, 4430
10066, 5508, 54.72, 252, 68.48, 4, 4430
10067, 5508, 54.71, 252, 68.48, 4, 4431
10068, 5508, 54.71, 252, 68.48, 4, 4432
10069, 5508, 54.70, 252, 68.48, 4, 4433
10070, 5509, 54.71, 252, 68.48, 4, 4433
10071, 5510, 54.71, 252, 68.48, 4, 4433
10072, 5510, 54.71, 252, 68.48, 4, 4434
10073, 5511, 54.71, 252, 68.48, 4, 4434
10074, 5512, 54.72, 252, 68.48, 4, 4434
10075, 5512, 54.71, 252, 68.48, 4, 4435
10076, 5513, 54.71, 252, 68.48, 4, 4435
10077, 5514, 54.72, 252, 68.48, 4, 4435
10078, 5515, 54.72, 252, 68.48, 4, 4435
10079, 5515, 54.72, 252, 68.48, 4, 4436
10080, 5515, 54.71, 252, 68.48, 4, 4437
10081, 5515, 54.71, 252, 68.48, 4, 4438
10082, 5516, 54.71, 252, 68.48, 4, 4438
10083, 5516, 54.71, 252, 68.48, 4, 4439
10084, 5517, 54.71, 252, 68.48, 4, 4439
10085, 5517, 54.71, 252, 68.48, 4, 4440
10086, 5517, 54.70, 252, 68.48, 4, 4441
10087, 5518, 54.70, 252, 68.48, 4, 4441
10088, 5518, 54.70, 252, 68.48, 4, 4442
10089, 5518, 54.69, 252, 68.48, 4, 4443
10090, 5518, 54.69, 252, 68.48, 4, 4444
10091, 5519, 54.69, 252, 68.48, 4, 4444
10092, 5520, 54.70, 252, 68.48, 4, 4444
10093, 5521, 54.70, 252, 68.48, 4, 4444
10094, 5521, 54.70, 252, 68.48, 4, 4445
10095, 5522, 54.70, 252, 68.48, 4, 4445
10096, 5523, 54.70, 252, 68.48, 4, 4445
10097, 5524, 54.71, 252, 68.48, 4, 4445
10098, 5525, 54.71, 252, 68.48, 4, 4445
10099, 5525, 54.71, 252, 68.48, 4, 4446
10100, 5526, 54.71, 252, 68.48, 4, 4446
10101, 5527, 54.72, 252, 68.48, 4, 4446
10102, 5528, 54.72, 252, 68.48, 4, 4446
10103, 5528, 54.72, 252, 68.48, 4, 4447
10104, 5528, 54.71, 252, 68.48, 4, 4448
10105, 5529, 54.72, 252, 68.48, 4, 4448
10106, 5530, 54.72, 252, 68.48, 4, 4448
10107, 5530, 54.71, 252, 68.48, 4, 4449
10108, 5530, 54.71, 252, 68.48, 4, 4450
10109, 5530, 54.70, 252, 68.48, 4, 4451
10110, 5531, 54.71, 252, 68.48, 4, 4451
10111, 5531, 54.70, 252, 68.48, 4, 4452
10112, 5531, 54.70, 252, 68.48, 4, 4453
10113, 5532, 54.70, 252, 68.48, 4, 4453
10114, 5532, 54.70, 252, 68.48, 4, 4454
10115, 5532, 54.69, 252, 68.48, 4, 4455
10116, 5533, 54.70, 252, 68.48, 4, 4455
10117, 5533, 54.69, 252, 68.48, 4, 4456
10118, 5533, 54.68, 252, 68.48, 4, 4457
10119, 5533, 54.68, 252, 68.48, 4, 4458
10120, 5533, 54.67, 252, 68.48, 4, 4459
10121, 5533, 54.67, 252, 68.48, 4, 4460
10122, 5534, 54.67, 252, 68.48, 4, 4460
10123, 5534, 54.67, 252, 68.48, 4, 4461
10124, 5534, 54.66, 252, 68.48, 4, 4462
10125, 5534, 54.66, 252, 68.48, 4, 4463
10126, 5535, 54.66, 252, 68.48, 4, 4463
10127, 5536, 54.67, 252, 68.48, 4, 4463
10128, 5536, 54.66, 252, 68.48, 4, 4464
10129, 5536, 54.65, 252, 68.48, 4, 4465
10130, 5536, 54.65, 252, 68.48, 4, 4466
10131, 5536, 54.64, 252, 68.48, 4, 4467
10132, 5537, 54.65, 252, 68.48, 4, 4467
10133, 5538, 54.65, 252, 68.48, 4, 4467
10134, 5538, 54.65, 252, 68.48, 4, 4468
10135, 5538, 54.64, 252, 68.48, 4, 4469
10136, 5538, 54.64, 252, 68.48, 4, 4470
10137, 5539, 54.64, 252, 68.48, 4, 4470
10138, 5540, 54.65, 252, 68.48, 4, 4470
10139, 5540, 54.64, 252, 68.48, 4, 4471
10140, 5541, 54.64, 252, 68.48, 4, 4471
10141, 5542, 54.65, 252, 68.48, 4, 4471
10142, 5543, 54.65, 252, 68.48, 4, 4471
10143, 5544, 54.66, 252, 68.48, 4, 4471
10144, 5545, 54.66, 252, 68.48, 4, 4471
10145, 5545, 54.66, 252, 68.48, 4, 4472
10146, 5546, 54.66, 252, 68.48, 4, 4472
10147, 5547, 54.67, 252, 68.48, 4, 4472
10148, 5548, 54.67, 252, 68.48, 4, 4472
10149, 5549, 54.68, 252, 68.48, 4, 4472
10150, 5549, 54.67, 252, 68.48, 4, 4473
10151, 5550, 54.67, 252, 68.48, 4, 4473
10152, 5551, 54.68, 252, 68.48, 4, 4473
10153, 5551, 54.67, 252, 68.48, 4, 4474
10154, 5552, 54.68, 252, 68.48, 4, 4474
10155, 5552, 54.67, 252, 68.48, 4, 4475
10156, 5552, 54.67, 252, 68.48, 4, 4476
10157, 5552, 54.66, 252, 68.48, 4, 4477
10158, 5552, 54.66, 252, 68.48, 4, 4478
10159, 5552, 54.65, 252, 68.48, 4, 4479
10160, 5553, 54.66, 252, 68.48, 4, 4479
10161, 5553, 54.65, 252, 68.48, 4, 4480
10162, 5554, 54.65, 252, 68.48, 4, 4480
10163, 5554, 54.65, 252, 68.48, 4, 4481
10164, 5555, 54.65, 252, 68.48, 4, 4481
10165, 5556, 54.66, 252, 68.48, 4, 4481
10166, 5557, 54.66, 252, 68.48, 4, 4481
10167, 5558, 54.67, 252, 68.48, 4, 4481
10168, 5558, 54.66, 252, 68.48, 4, 4482
10169, 5559, 54.67, 252, 68.48, 4, 4482
10170, 5560, 54.67, 252, 68.48, 4, 4482
10171, 5561, 54.68, 252, 68.48, 4, 4482
10172, 5561, 54.67, 252, 68.48, 4, 4483
10173, 5561, 54.66, 252, 68.48, 4, 4484
10174, 5562, 54.67, 252, 68.48, 4, 4484
10175, 5563, 54.67, 252, 68.48, 4, 4484
10176, 5564, 54.68, 252, 68.48, 4, 4484
10177, 5565, 54.68, 252, 68.48, 4, 4484
10178, 5565, 54.68, 252, 68.48, 4, 4485
10179, 5566, 54.68, 252, 68.48, 4, 4485
10180, 5566, 54.68, 252, 68.48, 4, 4486
10181, 5567, 54.68, 252, 68.48, 4, 4486
10182, 5568, 54.68, 252, 68.48, 4, 4486
10183, 5569, 54.69, 252, 68.48, 4, 4486
10184, 5570, 54.69, 252, 68.48, 4, 4486
10185, 5571, 54.70, 252, 68.48, 4, 4486
10186, 5571, 54.69, 252, 68.48, 4, 4487
10187, 5571, 54.69, 252, 68.48, 4, 4488
10188, 5571, 54.68, 252, 68.48, 4, 4489
10189, 5572, 54.69, 252, 68.48, 4, 4489
10190, 5572, 54.68, 252, 68.48, 4, 4490
10191, 5572, 54.68, 252, 68.48, 4, 4491
10192, 5572, 54.67, 252, 68.48, 4, 4492
10193, 5573, 54.67, 252, 68.48, 4, 4492
10194, 5573, 54.67, 252, 68.48, 4, 4493
10195, 5574, 54.67, 252, 68.48, 4, 4493
10196, 5575, 54.68, 252, 68.48, 4, 4493
10197, 5576, 54.68, 252, 68.48, 4, 4493
10198, 5577, 54.69, 252, 68.48, 4, 4493
10199, 5577, 54.68, 252, 68.48, 4, 4494
10200, 5577, 54.68, 252, 68.48, 4, 4495
10201, 5578, 54.68, 252, 68.48, 4, 4495
10202, 5578, 54.68, 252, 68.48, 4, 4496
10203, 5579, 54.68, 252, 68.48, 4, 4496
10204, 5579, 54.67, 252, 68.48, 4, 4497
10205, 5580, 54.68, 252, 68.48, 4, 4497
10206, 5580, 54.67, 252, 68.48, 4, 4498
10207, 5580, 54.67, 252, 68.48, 4, 4499
10208, 5580, 54.66, 252, 68.48, 4, 4500
10209, 5581, 54.67, 252, 68.48, 4, 4500
10210, 5582, 54.67, 252, 68.48, 4, 4500
10211, 5583, 54.68, 252, 68.48, 4, 4500
10212, 5584, 54.68, 252, 68.48, 4, 4500
10213, 5585, 54.69, 252, 68.48, 4, 4500
10214, 5585, 54.68, 252, 68.48, 4, 4501
10215, 5585, 54.67, 252, 68.48, 4, 4502
10216, 5586, 54.68, 252, 68.48, 4, 4502
10217, 5587, 54.68, 252, 68.48, 4, 4502
10218, 5588, 54.69, 252, 68.48, 4, 4502
10219, 5589, 54.69, 252, 68.48, 4, 4502
10220, 5589, 54.69, 252, 68.48, 4, 4503
10221, 5590, 54.69, 252, 68.48, 4, 4503
10222, 5590, 54.69, 252, 68.48, 4, 4504
10223, 5590, 54.68, 252, 68.48, 4, 4505
10224, 5591, 54.69, 252, 68.48, 4, 4505
10225, 5592, 54.69, 252, 68.48, 4, 4505
10226, 5593, 54.69, 252, 68.48, 4, 4505
10227, 5594, 54.70, 252, 68.48, 4, 4505
10228, 5594, 54.69, 252, 68.48, 4, 4506
10229, 5595, 54.70, 252, 68.48, 4, 4506
10230, 5596, 54.70, 252, 68.48, 4, 4506
10231, 5597, 54.71, 252, 68.48, 4, 4506
10232, 5598, 54.71, 252, 68.48, 4, 4506
10233, 5598, 54.71, 252, 68.48, 4, 4507
10234, 5599, 54.71, 252, 68.48, 4, 4507
10235, 5599, 54.70, 252, 68.48, 4, 4508
10236, 5599, 54.70, 252, 68.48, 4, 4509
10237, 5599, 54.69, 252, 68.48, 4, 4510
10238, 5599, 54.69, 252, 68.48, 4, 4511
10239, 5599, 54.68, 252, 68.48, 4, 4512
10240, 5600, 54.69, 252, 68.48, 4, 4512
10241, 5601, 54.69, 252, 68.48, 4, 4512
10242, 5602, 54.70, 252, 68.48, 4, 4512
10243, 5602, 54.69, 252, 68.48, 4, 4513
10244, 5602, 54.69, 252, 68.48, 4, 4514
10245, 5602, 54.68, 252, 68.48, 4, 4515
10246, 5603, 54.68, 252, 68.48, 4, 4515
10247, 5604, 54.69, 252, 68.48, 4, 4515
10248, 5605, 54.69, 252, 68.48, 4, 4515
10249, 5606, 54.70, 252, 68.48, 4, 4515
10250, 5607, 54.70, 252, 68.48, 4, 4515
10251, 5608, 54.71, 252, 68.48, 4, 4515
10252, 5609, 54.71, 252, 68.48, 4, 4515
10253, 5609, 54.71, 252, 68.48, 4, 4516
10254, 5609, 54.70, 252, 68.48, 4, 4517
10255, 5610, 54.71, 252, 68.48, 4, 4517
10256, 5610, 54.70, 252, 68.48, 4, 4518
10257, 5610, 54.69, 252, 68.48, 4, 4519
10258, 5610, 54.69, 252, 68.48, 4, 4520
10259, 5611, 54.69, 252, 68.48, 4, 4520
10260, 5612, 54.70, 252, 68.48, 4, 4520
10261, 5612, 54.69, 252, 68.48, 4, 4521
10262, 5612, 54.69, 252, 68.48, 4, 4522
10263, 5613, 54.69, 252, 68.48, 4, 4522
10264, 5614, 54.70, 252, 68.48, 4, 4522
10265, 5615, 54.70, 252, 68.48, 4, 4522
10266, 5616, 54.70, 252, 68.48, 4, 4522
10267, 5616, 54.70, 252, 68.48, 4, 4523
10268, 5617, 54.70, 252, 68.48, 4, 4523
10269, 5618, 54.71, 252, 68.48, 4, 4523
10270, 5618, 54.70, 252, 68.48, 4, 4524
10271, 5619, 54.71, 252, 68.48, 4, 4524
10272, 5620, 54.71, 252, 68.48, 4, 4524
10273, 5621, 54.72, 252, 68.48, 4, 4524
10274, 5622, 54.72, 252, 68.48, 4, 4524
10275, 5623, 54.73, 252, 68.48, 4, 4524
10276, 5624, 54.73, 252, 68.48, 4, 4524
10277, 5625, 54.73, 252, 68.48, 4, 4524
10278, 5625, 54.73, 252, 68.48, 4, 4525
10279, 5625, 54.72, 252, 68.48, 4, 4526
10280, 5626, 54.73, 252, 68.48, 4, 4526
10281, 5627, 54.73, 252, 68.48, 4, 4526
10282, 5628, 54.74, 252, 68.48, 4, 4526
10283, 5629, 54.74, 252, 68.48, 4, 4526
10284, 5630, 54.75, 252, 68.48, 4, 4526
10285, 5630, 54.74, 252, 68.48, 4, 4527
10286, 5631, 54.74, 252, 68.48, 4, 4527
10287, 5632, 54.75, 252, 68.48, 4, 4527
10288, 5633, 54.75, 252, 68.48, 4, 4527
10289, 5634, 54.76, 252, 68.48, 4, 4527
10290, 5634, 54.75, 252, 68.48, 4, 4528
10291, 5635, 54.76, 252, 68.48, 4, 4528
10292, 5636, 54.76, 252, 68.48, 4, 4528
10293, 5637, 54.77, 252, 68.48, 4, 4528
10294, 5638, 54.77, 252, 68.48, 4, 4528
10295, 5638, 54.76, 252, 68.48, 4, 4529
10296, 5638, 54.76, 252, 68.48, 4, 4530
10297, 5639, 54.76, 252, 68.48, 4, 4530
10298, 5639, 54.76, 252, 68.48, 4, 4531
10299, 5639, 54.75, 252, 68.48, 4, 4532
10300, 5640, 54.76, 252, 68.48, 4, 4532
10301, 5641, 54.76, 252, 68.48, 4, 4532
10302, 5642, 54.77, 252, 68.48, 4, 4532
10303, 5643, 54.77, 252, 68.48, 4, 4532
10304, 5644, 54.77, 252, 68.48, 4, 4532
10305, 5644, 54.77, 252, 68.48, 4, 4533
10306, 5645, 54.77, 252, 68.48, 4, 4533
10307, 5645, 54.77, 252, 68.48, 4, 4534
10308, 5646, 54.77, 252, 68.48, 4, 4534
10309, 5647, 54.78, 252, 68.48, 4, 4534
10310, 5647, 54.77, 252, 68.48, 4, 4535
10311, 5647, 54.77, 252, 68.48, 4, 4536
10312, 5647, 54.76, 252, 68.48, 4, 4537
10313, 5647, 54.76, 252, 68.48, 4, 4538
10314, 5648, 54.76, 252, 68.48, 4, 4538
10315, 5649, 54.76, 252, 68.48, 4, 4538
10316, 5649, 54.76, 252, 68.48, 4, 4539
10317, 5649, 54.75, 252, 68.48, 4, 4540
10318, 5650, 54.76, 252, 68.48, 4, 4540
10319, 5651, 54.76, 252, 68.48, 4, 4540
10320, 5652, 54.77, 252, 68.48, 4, 4540
10321, 5652, 54.76, 252, 68.48, 4, 4541
10322, 5652, 54.76, 252, 68.48, 4, 4542
10323, 5653, 54.76, 252, 68.48, 4, 4542
10324, 5654, 54.77, 252, 68.48, 4, 4542
10325, 5654, 54.76, 252, 68.48, 4, 4543
10326, 5655, 54.76, 252, 68.48, 4, 4543
10327, 5656, 54.77, 252, 68.48, 4, 4543
10328, 5656, 54.76, 252, 68.48, 4, 4544
10329, 5656, 54.76, 252, 68.48, 4, 4545
10330, 5657, 54.76, 252, 68.48, 4, 4545
10331, 5657, 54.76, 252, 68.48, 4, 4546
10332, 5658, 54.76, 252, 68.48, 4, 4546
10333, 5659, 54.77, 252, 68.48, 4, 4546
10334, 5660, 54.77, 252, 68.48, 4, 4546
10335, 5661, 54.78, 252, 68.48, 4, 4546
10336, 5661, 54.77, 252, 68.48, 4, 4547
10337, 5662, 54.77, 252, 68.48, 4, 4547
10338, 5663, 54.78, 252, 68.48, 4, 4547
10339, 5664, 54.78, 252, 68.48, 4, 4547
10340, 5664, 54.78, 252, 68.48, 4, 4548
10341, 5664, 54.77, 252, 68.48, 4, 4549
10342, 5664, 54.77, 252, 68.48, 4, 4550
10343, 5664, 54.76, 252, 68.48, 4, 4551
10344, 5664, 54.76, 252, 68.48, 4, 4552
10345, 5664, 54.75, 252, 68.48, 4, 4553
10346, 5664, 54.75, 252, 68.48, 4, 4554
10347, 5665, 54.75, 252, 68.48, 4, 4554
10348, 5666, 54.75, 252, 68.48, 4, 4554
10349, 5666, 54.75, 252, 68.48, 4, 4555
10350, 5667, 54.75, 252, 68.48, 4, 4555
10351, 5668, 54.76, 252, 68.48, 4, 4555
10352, 5668, 54.75, 252, 68.48, 4, 4556
10353, 5669, 54.76, 252, 68.48, 4, 4556
10354, 5670, 54.76, 252, 68.48, 4, 4556
10355, 5670, 54.76, 252, 68.48, 4, 4557
10356, 5671, 54.76, 252, 68.48, 4, 4557
10357, 5671, 54.76, 252, 68.48, 4, 4558
10358, 5671, 54.75, 252, 68.48, 4, 4559
10359, 5672, 54.75, 252, 68.48, 4, 4559
10360, 5673, 54.76, 252, 68.48, 4, 4559
10361, 5673, 54.75, 252, 68.48, 4, 4560
10362, 5674, 54.76, 252, 68.48, 4, 4560
10363, 5674, 54.75, 252, 68.48, 4, 4561
10364, 5674, 54.75, 252, 68.48, 4, 4562
10365, 5675, 54.75, 252, 68.48, 4, 4562
10366, 5676, 54.76, 252, 68.48, 4, 4562
10367, 5676, 54.75, 252, 68.48, 4, 4563
10368, 5676, 54.75, 252, 68.48, 4, 4564
10369, 5677, 54.75, 252, 68.48, 4, 4564
10370, 5677, 54.74, 252, 68.48, 4, 4565
10371, 5677, 54.74, 252, 68.48, 4, 4566
10372, 5677, 54.73, 252, 68.48, 4, 4567
10373, 5678, 54.74, 252, 68.48, 4, 4567
10374, 5678, 54.73, 252, 68.48, 4, 4568
10375, 5679, 54.74, 252, 68.48, 4, 4568
10376, 5679, 54.73, 252, 68.48, 4, 4569
10377, 5679, 54.73, 252, 68.48, 4, 4570
10378, 5680, 54.73, 252, 68.48, 4, 4570
10379, 5680, 54.73, 252, 68.48, 4, 4571
10380, 5680, 54.72, 252, 68.48, 4, 4572
10381, 5681, 54.72, 252, 68.48, 4, 4572
10382, 5682, 54.73, 252, 68.48, 4, 4572
10383, 5683, 54.73, 252, 68.48, 4, 4572
10384, 5683, 54.73, 252, 68.48, 4, 4573
10385, 5683, 54.72, 252, 68.48, 4, 4574
10386, 5683, 54.72, 252, 68.48, 4, 4575
10387, 5683, 54.71, 252, 68.48, 4, 4576
10388, 5683, 54.71, 252, 68.48, 4, 4577
10389, 5684, 54.71, 252, 68.48, 4, 4577
10390, 5685, 54.72, 252, 68.48, 4, 4577
10391, 5686, 54.72, 252, 68.48, 4, 4577
10392, 5687, 54.72, 252, 68.48, 4, 4577
10393, 5687, 54.72, 252, 68.48, 4, 4578
10394, 5688, 54.72, 252, 68.48, 4, 4578
10395, 5689, 54.73, 252, 68.48, 4, 4578
10396, 5689, 54.72, 252, 68.48, 4, 4579
10397, 5689, 54.72, 252, 68.48, 4, 4580
10398, 5690, 54.72, 252, 68.48, 4, 4580
10399, 5690, 54.72, 252, 68.48, 4, 4581
10400, 5691, 54.72, 252, 68.48, 4, 4581
10401, 5691, 54.72, 252, 68.48, 4, 4582
10402, 5692, 54.72, 252, 68.48, 4, 4582
10403, 5693, 54.72, 252, 68.48, 4, 4582
10404, 5693, 54.72, 252, 68.48, 4, 4583
10405, 5693, 54.71, 252, 68.48, 4, 4584
10406, 5694, 54.72, 252, 68.48, 4, 4584
10407, 5695, 54.72, 252, 68.48, 4, 4584
10408, 5696, 54.73, 252, 68.48, 4, 4584
10409, 5696, 54.72, 252, 68.48, 4, 4585
10410, 5696, 54.72, 252, 68.48, 4, 4585
10411, 5697, 54.72, 252, 68.48, 4, 4585
10412, 5698, 54.73, 252, 68.48, 4, 4585
10413, 5698, 54.72, 252, 68.48, 4, 4586
10414, 5698, 54.71, 252, 68.48, 4, 4587
10415, 5698, 54.71, 252, 68.48, 4, 4588
10416, 5698, 54.70, 252, 68.48, 4, 4589
10417, 5698, 54.70, 252, 68.48, 4, 4590
10418, 5698, 54.69, 252, 68.48, 4, 4591
10419, 5699, 54.70, 252, 68.48, 4, 4591
10420, 5700, 54.70, 252, 68.48, 4, 4591
10421, 5701, 54.71, 252, 68.48, 4, 4591
10422, 5702, 54.71, 252, 68.48, 4, 4591
10423, 5703, 54.72, 252, 68.48, 4, 4591
10424, 5704, 54.72, 252, 68.48, 4, 4591
10425, 5704, 54.71, 252, 68.48, 4, 4592
10426, 5704, 54.71, 252, 68.48, 4, 4593
10427, 5704, 54.70, 252, 68.48, 4, 4594
10428, 5704, 54.70, 252, 68.48, 4, 4595
10429, 5705, 54.70, 252, 68.48, 4, 4595
10430, 5705, 54.70, 252, 68.48, 4, 4596
10431, 5706, 54.70, 252, 68.48, 4, 4596
10432, 5706, 54.70, 252, 68.48, 4, 4597
10433, 5707, 54.70, 252, 68.48, 4, 4597
10434, 5708, 54.71, 252, 68.48, 4, 4597
10435, 5708, 54.70, 252, 68.48, 4, 4598
10436, 5709, 54.70, 252, 68.48, 4, 4598
10437, 5710, 54.71, 252, 68.48, 4, 4598
10438, 5711, 54.71, 252, 68.48, 4, 4598
10439, 5711, 54.71, 252, 68.48, 4, 4599
10440, 5712, 54.71, 252, 68.48, 4, 4599
10441, 5712, 54.71, 252, 68.48, 4, 4599
10442, 5712, 54.70, 252, 68.48, 4, 4600
10443, 5713, 54.71, 252, 68.48, 4, 4600
10444, 5714, 54.71, 252, 68.48, 4, 4600
10445, 5715, 54.72, 252, 68.48, 4, 4600
10446, 5715, 54.71, 252, 68.48, 4, 4601
10447, 5716, 54.71, 252, 68.48, 4, 4601
10448, 5717, 54.72, 252, 68.48, 4, 4601
10449, 5718, 54.72, 252, 68.48, 4, 4601
10450, 5718, 54.72, 252, 68.48, 4, 4602
10451, 5719, 54.72, 252, 68.48, 4, 4602
10452, 5719, 54.72, 252, 68.48, 4, 4603
10453, 5720, 54.72, 252, 68.48, 4, 4603
10454, 5720, 54.72, 252, 68.48, 4, 4604
10455, 5721, 54.72, 252, 68.48, 4, 4604
10456, 5721, 54.71, 252, 68.48, 4, 4605
10457, 5721, 54.71, 252, 68.48, 4, 4606
10458, 5722, 54.71, 252, 68.48, 4, 4606
10459, 5722, 54.71, 252, 68.48, 4, 4607
10460, 5722, 54.70, 252, 68.48, 4, 4608
10461, 5722, 54.70, 252, 68.48, 4, 4609
10462, 5723, 54.70, 252, 68.48, 4, 4609
10463, 5724, 54.71, 252, 68.48, 4, 4609
10464, 5725, 54.71, 252, 68.48, 4, 4609
10465, 5726, 54.72, 252, 68.48, 4, 4609
10466, 5726, 54.71, 252, 68.48, 4, 4610
10467, 5726, 54.71, 252, 68.48, 4, 4611
10468, 5727, 54.71, 252, 68.48, 4, 4611
10469, 5727, 54.70, 252, 68.48, 4, 4612
10470, 5728, 54.71, 252, 68.48, 4, 4612
10471, 5729, 54.71, 252, 68.48, 4, 4612
10472, 5730, 54.72, 252, 68.48, 4, 4612
10473, 5730, 54.71, 252, 68.48, 4, 4613
10474, 5730, 54.71, 252, 68.48, 4, 4614
10475, 5731, 54.71, 252, 68.48, 4, 4614
10476, 5731, 54.71, 252, 68.48, 4, 4615
10477, 5731, 54.70, 252, 68.48, 4, 4616
10478, 5731, 54.70, 252, 68.48, 4, 4617
10479, 5732, 54.70, 252, 68.48, 4, 4617
10480, 5733, 54.70, 252, 68.48, 4, 4617
10481, 5733, 54.70, 252, 68.48, 4, 4618
10482, 5733, 54.69, 252, 68.48, 4, 4619
10483, 5733, 54.69, 252, 68.48, 4, 4620
10484, 5733, 54.68, 252, 68.48, 4, 4621
10485, 5734, 54.69, 252, 68.48, 4, 4621
10486, 5734, 54.68, 252, 68.48, 4, 4622
10487, 5735, 54.69, 252, 68.48, 4, 4622
10488, 5736, 54.69, 252, 68.48, 4, 4622
10489, 5736, 54.69, 252, 68.48, 4, 4623
10490, 5737, 54.69, 252, 68.48, 4, 4623
10491, 5737, 54.68, 252, 68.48, 4, 4624
10492, 5738, 54.69, 252, 68.48, 4, 4624
10493, 5738, 54.68, 252, 68.48, 4, 4625
10494, 5738, 54.68, 252, 68.48, 4, 4626
10495, 5738, 54.67, 252, 68.48, 4, 4627
10496, 5739, 54.68, 252, 68.48, 4, 4627
10497, 5740, 54.68, 252, 68.48, 4, 4627
10498, 5741, 54.69, 252, 68.48, 4, 4627
10499, 5741, 54.68, 252, 68.48, 4, 4628
10500, 5742, 54.69, 252, 68.48, 4, 4628
10501, 5743, 54.69, 252, 68.48, 4, 4628
10502, 5744, 54.69, 252, 68.48, 4, 4628
10503, 5744, 54.69, 252, 68.48, 4, 4629
10504, 5745, 54.69, 252, 68.48, 4, 4629
10505, 5745, 54.69, 252, 68.48, 4, 4630
10506, 5745, 54.68, 252, 68.48, 4, 4631
10507, 5746, 54.69, 252, 68.48, 4, 4631
10508, 5746, 54.68, 252, 68.48, 4, 4632
10509, 5746, 54.68, 252, 68.48, 4, 4633
10510, 5746, 54.67, 252, 68.48, 4, 4634
10511, 5746, 54.67, 252, 68.48, 4, 4635
10512, 5747, 54.67, 252, 68.48, 4, 4635
10513, 5748, 54.68, 252, 68.48, 4, 4635
10514, 5749, 54.68, 252, 68.48, 4, 4635
10515, 5750, 54.68, 252, 68.48, 4, 4635
10516, 5751, 54.69, 252, 68.48, 4, 4635
10517, 5752, 54.69, 252, 68.48, 4, 4635
10518, 5753, 54.70, 252, 68.48, 4, 4635
10519, 5753, 54.69, 252, 68.48, 4, 4636
10520, 5753, 54.69, 252, 68.48, 4, 4637
10521, 5753, 54.68, 252, 68.48, 4, 4638
10522, 5753, 54.68, 252, 68.48, 4, 4639
10523, 5753, 54.67, 252, 68.48, 4, 4640
10524, 5753, 54.67, 252, 68.48, 4, 4641
10525, 5753, 54.66, 252, 68.48, 4, 4642
10526, 5754, 54.66, 252, 68.48, 4, 4642
10527, 5754, 54.66, 252, 68.48, 4, 4643
10528, 5755, 54.66, 252, 68.48, 4, 4643
10529, 5756, 54.67, 252, 68.48, 4, 4643
10530, 5757, 54.67, 252, 68.48, 4, 4643
10531, 5757, 54.67, 252, 68.48, 4, 4644
10532, 5757, 54.66, 252, 68.48, 4, 4645
10533, 5758, 54.67, 252, 68.48, 4, 4645
10534, 5758, 54.66, 252, 68.48, 4, 4645
10535, 5759, 54.67, 252, 68.48, 4, 4645
10536, 5759, 54.66, 252, 68.48, 4, 4645
10537, 5760, 54.66, 252, 68.48, 4, 4645
10538, 5760, 54.66, 252, 68.48, 4, 4646
10539, 5761, 54.66, 252, 68.48, 4, 4646
10540, 5762, 54.67, 252, 68.48, 4, 4646
10541, 5762, 54.66, 252, 68.48, 4, 4647
10542, 5763, 54.67, 252, 68.48, 4, 4647
10543, 5763, 54.66, 252, 68.48, 4, 4648
10544, 5764, 54.67, 252, 68.48, 4, 4648
10545, 5764, 54.66, 252, 68.48, 4, 4649
10546, 5764, 54.66, 252, 68.48, 4, 4649
10547, 5765, 54.66, 252, 68.48, 4, 4649
10548, 5765, 54.65, 252, 68.48, 4, 4650
10549, 5766, 54.66, 252, 68.48, 4, 4650
10550, 5767, 54.66, 252, 68.48, 4, 4650
10551, 5767, 54.66, 252, 68.48, 4, 4651
10552, 5768, 54.66, 252, 68.48, 4, 4651
10553, 5769, 54.67, 252, 68.48, 4, 4651
10554, 5770, 54.67, 252, 68.48, 4, 4651
10555, 5770, 54.67, 252, 68.48, 4, 4652
10556, 5771, 54.67, 252, 68.48, 4, 4652
10557, 5771, 54.67, 252, 68.48, 4, 4653
10558, 5772, 54.67, 252, 68.48, 4, 4653
10559, 5772, 54.66, 252, 68.48, 4, 4654
10560, 5772, 54.66, 252, 68.48, 4, 4655
10561, 5773, 54.66, 252, 68.48, 4, 4655
10562, 5774, 54.67, 252, 68.48, 4, 4655
10563, 5774, 54.66, 252, 68.48, 4, 4656
10564, 5774, 54.66, 252, 68.48, 4, 4657
10565, 5774, 54.65, 252, 68.48, 4, 4658
10566, 5774, 54.65, 252, 68.48, 4, 4659
10567, 5774, 54.64, 252, 68.48, 4, 4660
10568, 5775, 54.65, 252, 68.48, 4, 4660
10569, 5776, 54.65, 252, 68.48, 4, 4660
10570, 5776, 54.65, 252, 68.48, 4, 4661
10571, 5776, 54.64, 252, 68.48, 4, 4661
10572, 5777, 54.64, 252, 68.48, 4, 4661
10573, 5777, 54.64, 252, 68.48, 4, 4661
10574, 5778, 54.64, 252, 68.48, 4, 4661
10575, 5778, 54.64, 252, 68.48, 4, 4662
10576, 5779, 54.64, 252, 68.48, 4, 4662
10577, 5780, 54.65, 252, 68.48, 4, 4662
10578, 5781, 54.65, 252, 68.48, 4, 4662
10579, 5781, 54.65, 252, 68.48, 4, 4663
10580, 5781, 54.64, 252, 68.48, 4, 4664
10581, 5781, 54.64, 252, 68.48, 4, 4665
10582, 5781, 54.63, 252, 68.48, 4, 4666
10583, 5781, 54.63, 252, 68.48, 4, 4667
10584, 5781, 54.62, 252, 68.48, 4, 4668
10585, 5782, 54.62, 252, 68.48, 4, 4668
10586, 5783, 54.63, 252, 68.48, 4, 4668
10587, 5783, 54.62, 252, 68.48, 4, 4669
10588, 5783, 54.62, 252, 68.48, 4, 4670
10589, 5784, 54.62, 252, 68.48, 4, 4670
10590, 5785, 54.63, 252, 68.48, 4, 4670
10591, 5785, 54.62, 252, 68.48, 4, 4671
10592, 5785, 54.62, 252, 68.48, 4, 4672
10593, 5785, 54.61, 252, 68.48, 4, 4673
10594, 5785, 54.61, 252, 68.48, 4, 4674
10595, 5785, 54.60, 252, 68.48, 4, 4675
10596, 5785, 54.60, 252, 68.48, 4, 4676
10597, 5786, 54.60, 252, 68.48, 4, 4676
10598, 5787, 54.60, 252, 68.48, 4, 4676
10599, 5788, 54.61, 252, 68.48, 4, 4676
10600, 5789, 54.61, 252, 68.48, 4, 4676
10601, 5789, 54.61, 252, 68.48, 4, 4677
10602, 5789, 54.60, 252, 68.48, 4, 4678
10603, 5789, 54.60, 252, 68.48, 4, 4679
10604, 5790, 54.60, 252, 68.48, 4, 4679
10605, 5790, 54.60, 252, 68.48, 4, 4680
10606, 5791, 54.60, 252, 68.48, 4, 4680
10607, 5791, 54.60, 252, 68.48, 4, 4681
10608, 5791, 54.59, 252, 68.48, 4, 4682
10609, 5792, 54.60, 252, 68.48, 4, 4682
10610, 5792, 54.59, 252, 68.48, 4, 4683
10611, 5793, 54.59, 252, 68.48, 4, 4683
10612, 5794, 54.60, 252, 68.48, 4, 4683
10613, 5794, 54.59, 252, 68.48, 4, 4684
10614, 5795, 54.60, 252, 68.48, 4, 4684
10615, 5795, 54.59, 252, 68.48, 4, 4685
10616, 5796, 54.60, 252, 68.48, 4, 4685
10617, 5796, 54.59, 252, 68.48, 4, 4686
10618, 5796, 54.59, 252, 68.48, 4, 4687
10619, 5796, 54.58, 252, 68.48, 4, 4688
10620, 5796, 54.58, 252, 68.48, 4, 4689
10621, 5797, 54.58, 252, 68.48, 4, 4689
10622, 5797, 54.58, 252, 68.48, 4, 4690
10623, 5797, 54.57, 252, 68.48, 4, 4691
10624, 5798, 54.57, 252, 68.48, 4, 4691
10625, 5798, 54.57, 252, 68.48, 4, 4692
10626, 5798, 54.56, 252, 68.48, 4, 4693
10627, 5799, 54.57, 252, 68.48, 4, 4693
10628, 5799, 54.56, 252, 68.48, 4, 4694
10629, 5800, 54.57, 252, 68.48, 4, 4694
10630, 5801, 54.57, 252, 68.48, 4, 4694
10631, 5802, 54.58, 252, 68.48, 4, 4694
10632, 5803, 54.58, 252, 68.48, 4, 4694
10633, 5803, 54.58, 252, 68.48, 4, 4695
10634, 5804, 54.58, 252, 68.48, 4, 4695
10635, 5804, 54.57, 252, 68.48, 4, 4696
10636, 5804, 54.57, 252, 68.48, 4, 4697
10637, 5805, 54.57, 252, 68.48, 4, 4697
10638, 5805, 54.57, 252, 68.48, 4, 4698
10639, 5805, 54.56, 252, 68.48, 4, 4699
10640, 5805, 54.56, 252, 68.48, 4, 4700
10641, 5806, 54.56, 252, 68.48, 4, 4700
10642, 5807, 54.57, 252, 68.48, 4, 4700
10643, 5808, 54.57, 252, 68.48, 4, 4700
10644, 5809, 54.58, 252, 68.48, 4, 4700
10645, 5810, 54.58, 252, 68.48, 4, 4700
10646, 5811, 54.58, 252, 68.48, 4, 4700
10647, 5812, 54.59, 252, 68.48, 4, 4700
10648, 5813, 54.59, 252, 68.48, 4, 4700
10649, 5814, 54.60, 252, 68.48, 4, 4700
10650, 5814, 54.59, 252, 68.48, 4, 4701
10651, 5815, 54.60, 252, 68.48, 4, 4701
10652, 5815, 54.59, 252, 68.48, 4, 4702
10653, 5816, 54.59, 252, 68.48, 4, 4702
10654, 5817, 54.60, 252, 68.48, 4, 4702
10655, 5818, 54.60, 252, 68.48, 4, 4702
10656, 5818, 54.60, 252, 68.48, 4, 4703
10657, 5819, 54.60, 252, 68.48, 4, 4703
10658, 5819, 54.60, 252, 68.48, 4, 4704
10659, 5819, 54.59, 252, 68.48, 4, 4705
10660, 5819, 54.59, 252, 68.48, 4, 4706
10661, 5820, 54.59, 252, 68.48, 4, 4706
10662, 5821, 54.60, 252, 68.48, 4, 4706
10663, 5821, 54.59, 252, 68.48, 4, 4707
10664, 5822, 54.59, 252, 68.48, 4, 4707
10665, 5823, 54.60, 252, 68.48, 4, 4707
10666, 5824, 54.60, 252, 68.48, 4, 4707
10667, 5824, 54.60, 252, 68.48, 4, 4708
10668, 5824, 54.59, 252, 68.48, 4, 4709
10669, 5824, 54.59, 252, 68.48, 4, 4709
10670, 5824, 54.58, 252, 68.48, 4, 4710
10671, 5824, 54.58, 252, 68.48, 4, 4711
10672, 5824, 54.57, 252, 68.48, 4, 4712
10673, 5825, 54.58, 252, 68.48, 4, 4712
10674, 5825, 54.57, 252, 68.48, 4, 4713
10675, 5825, 54.57, 252, 68.48, 4, 4714
10676, 5825, 54.56, 252, 68.48, 4, 4715
10677, 5825, 54.56, 252, 68.48, 4, 4716
10678, 5826, 54.56, 252, 68.48, 4, 4716
10679, 5827, 54.57, 252, 68.48, 4, 4716
10680, 5828, 54.57, 252, 68.48, 4, 4716
10681, 5828, 54.56, 252, 68.48, 4, 4717
10682, 5829, 54.57, 252, 68.48, 4, 4717
10683, 5829, 54.56, 252, 68.48, 4, 4718
10684, 5830, 54.57, 252, 68.48, 4, 4718
10685, 5830, 54.56, 252, 68.48, 4, 4719
10686, 5830, 54.56, 252, 68.48, 4, 4720
10687, 5831, 54.56, 252, 68.48, 4, 4720
10688, 5832, 54.57, 252, 68.48, 4, 4720
10689, 5832, 54.56, 252, 68.48, 4, 4721
10690, 5833, 54.57, 252, 68.48, 4, 4721
10691, 5833, 54.56, 252, 68.48, 4, 4722
10692, 5834, 54.56, 252, 68.48, 4, 4722
10693, 5835, 54.57, 252, 68.48, 4, 4722
10694, 5835, 54.56, 252, 68.48, 4, 4723
10695, 5836, 54.57, 252, 68.48, 4, 4723
10696, 5836, 54.56, 252, 68.48, 4, 4724
10697, 5837, 54.57, 252, 68.48, 4, 4724
10698, 5838, 54.57, 252, 68.48, 4, 4724
10699, 5839, 54.58, 252, 68.48, 4, 4724
10700, 5840, 54.58, 252, 68.48, 4, 4724
10701, 5841, 54.58, 252, 68.48, 4, 4724
10702, 5842, 54.59, 252, 68.48, 4, 4724
10703, 5842, 54.58, 252, 68.48, 4, 4725
10704, 5843, 54.59, 252, 68.48, 4, 4725
10705, 5844, 54.59, 252, 68.48, 4, 4725
10706, 5845, 54.60, 252, 68.48, 4, 4725
10707, 5845, 54.59, 252, 68.48, 4, 4726
10708, 5846, 54.59, 252, 68.48, 4, 4726
10709, 5846, 54.59, 252, 68.48, 4, 4727
10710, 5846, 54.58, 252, 68.48, 4, 4728
10711, 5847, 54.59, 252, 68.48, 4, 4728
10712, 5848, 54.59, 252, 68.48, 4, 4728
10713, 5848, 54.59, 252, 68.48, 4, 4729
10714, 5848, 54.58, 252, 68.48, 4, 4730
10715, 5849, 54.59, 252, 68.48, 4, 4730
10716, 5850, 54.59, 252, 68.48, 4, 4730
10717, 5850, 54.59, 252, 68.48, 4, 4731
10718, 5850, 54.58, 252, 68.48, 4, 4732
10719, 5850, 54.58, 252, 68.48, 4, 4733
10720, 5851, 54.58, 252, 68.48, 4, 4733
10721, 5851, 54.58, 252, 68.48, 4, 4734
10722, 5852, 54.58, 252, 68.48, 4, 4734
10723, 5853, 54.58, 252, 68.48, 4, 4734
10724, 5853, 54.58, 252, 68.48, 4, 4735
10725, 5853, 54.57, 252, 68.48, 4, 4736
10726, 5853, 54.57, 252, 68.48, 4, 4737
10727, 5854, 54.57, 252, 68.48, 4, 4737
10728, 5854, 54.57, 252, 68.48, 4, 4738
10729, 5855, 54.57, 252, 68.48, 4, 4738
10730, 5855, 54.57, 252, 68.48, 4, 4739
10731, 5855, 54.56, 252, 68.48, 4, 4740
10732, 5855, 54.56, 252, 68.48, 4, 4741
10733, 5856, 54.56, 252, 68.48, 4, 4741
10734, 5857, 54.56, 252, 68.48, 4, 4741
10735, 5858, 54.57, 252, 68.48, 4, 4741
10736, 5859, 54.57, 252, 68.48, 4, 4741
10737, 5860, 54.58, 252, 68.48, 4, 4741
10738, 5860, 54.57, 252, 68.48, 4, 4742
10739, 5860, 54.57, 252, 68.48, 4, 4743
10740, 5861, 54.57, 252, 68.48, 4, 4743
10741, 5862, 54.58, 252, 68.48, 4, 4743
10742, 5862, 54.57, 252, 68.48, 4, 4744
10743, 5863, 54.58, 252, 68.48, 4, 4744
10744, 5864, 54.58, 252, 68.48, 4, 4744
10745, 5864, 54.57, 252, 68.48, 4, 4745
10746, 5864, 54.57, 252, 68.48, 4, 4746
10747, 5864, 54.56, 252, 68.48, 4, 4747
10748, 5864, 54.56, 252, 68.48, 4, 4748
10749, 5865, 54.56, 252, 68.48, 4, 4748
10750, 5866, 54.57, 252, 68.48, 4, 4748
10751, 5866, 54.56, 252, 68.48, 4, 4749
10752, 5867, 54.57, 252, 68.48, 4, 4749
10753, 5868, 54.57, 252, 68.48, 4, 4749
10754, 5869, 54.58, 252, 68.48, 4, 4749
10755, 5870, 54.58, 252, 68.48, 4, 4749
10756, 5871, 54.58, 252, 68.48, 4, 4749
10757, 5871, 54.58, 252, 68.48, 4, 4750
10758, 5872, 54.58, 252, 68.48, 4, 4750
10759, 5872, 54.58, 252, 68.48, 4, 4751
10760, 5873, 54.58, 252, 68.48, 4, 4751
10761, 5873, 54.58, 252, 68.48, 4, 4752
10762, 5874, 54.58, 252, 68.48, 4, 4752
10763, 5874, 54.58, 252, 68.48, 4, 4753
10764, 5875, 54.58, 252, 68.48, 4, 4753
10765, 5876, 54.58, 252, 68.48, 4, 4753
10766, 5877, 54.59, 252, 68.48, 4, 4753
10767, 5878, 54.59, 252, 68.48, 4, 4753
10768, 5879, 54.60, 252, 68.48, 4, 4753
10769, 5879, 54.59, 252, 68.48, 4, 4754
10770, 5879, 54.59, 252, 68.48, 4, 4755
10771, 5880, 54.59, 252, 68.48, 4, 4755
10772, 5881, 54.60, 252, 68.48, 4, 4755
10773, 5881, 54.59, 252, 68.48, 4, 4756
10774, 5881, 54.59, 252, 68.48, 4, 4757
10775, 5882, 54.59, 252, 68.48, 4, 4757
10776, 5882, 54.58, 252, 68.48, 4, 4758
10777, 5883, 54.59, 252, 68.48, 4, 4758
10778, 5884, 54.59, 252, 68.48, 4, 4758
10779, 5884, 54.59, 252, 68.48, 4, 4759
10780, 5884, 54.58, 252, 68.48, 4, 4760
10781, 5884, 54.58, 252, 68.48, 4, 4761
10782, 5885, 54.58, 252, 68.48, 4, 4761
10783, 5885, 54.58, 252, 68.48, 4, 4762
10784, 5886, 54.58, 252, 68.48, 4, 4762
10785, 5886, 54.58, 252, 68.48, 4, 4763
10786, 5886, 54.57, 252, 68.48, 4, 4764
10787, 5886, 54.57, 252, 68.48, 4, 4765
10788, 5887, 54.57, 252, 68.48, 4, 4765
10789, 5888, 54.57, 252, 68.48, 4, 4765
10790, 5888, 54.57, 252, 68.48, 4, 4766
10791, 5889, 54.57, 252, 68.48, 4, 4766
10792, 5890, 54.58, 252, 68.48, 4, 4766
10793, 5890, 54.57, 252, 68.48, 4, 4767
10794, 5890, 54.57, 252, 68.48, 4, 4767
10795, 5890, 54.56, 252, 68.48, 4, 4767
10796, 5891, 54.57, 252, 68.48, 4, 4767
10797, 5892, 54.57, 252, 68.48, 4, 4767
10798, 5892, 54.57, 252, 68.48, 4, 4768
10799, 5893, 54.57, 252, 68.48, 4, 4768
10800, 5893, 54.56, 252, 68.48, 4, 4769
10801, 5894, 54.57, 252, 68.48, 4, 4769
10802, 5894, 54.56, 252, 68.48, 4, 4770
10803, 5895, 54.57, 252, 68.48, 4, 4770
10804, 5895, 54.56, 252, 68.48, 4, 4771
10805, 5895, 54.56, 252, 68.48, 4, 4772
10806, 5895, 54.55, 252, 68.48, 4, 4773
10807, 5895, 54.55, 252, 68.48, 4, 4774
10808, 5896, 54.55, 252, 68.48, 4, 4774
10809, 5897, 54.56, 252, 68.48, 4, 4774
10810, 5897, 54.55, 252, 68.48, 4, 4775
10811, 5897, 54.55, 252, 68.48, 4, 4776
10812, 5898, 54.55, 252, 68.48, 4, 4776
10813, 5898, 54.55, 252, 68.48, 4, 4777
10814, 5899, 54.55, 252, 68.48, 4, 4777
10815, 5900, 54.55, 252, 68.48, 4, 4777
10816, 5901, 54.56, 252, 68.48, 4, 4777
10817, 5901, 54.55, 252, 68.48, 4, 4778
10818, 5902, 54.56, 252, 68.48, 4, 4778
10819, 5902, 54.55, 252, 68.48, 4, 4779
10820, 5902, 54.55, 252, 68.48, 4, 4780
10821, 5903, 54.55, 252, 68.48, 4, 4780
10822, 5904, 54.56, 252, 68.48, 4, 4780
10823, 5905, 54.56, 252, 68.48, 4, 4780
10824, 5906, 54.56, 252, 68.48, 4, 4780
10825, 5907, 54.57, 252, 68.48, 4, 4780
10826, 5908, 54.57, 252, 68.48, 4, 4780
10827, 5908, 54.57, 252, 68.48, 4, 4781
10828, 5908, 54.56, 252, 68.48, 4, 4782
10829, 5908, 54.56, 252, 68.48, 4, 4783
10830, 5909, 54.56, 252, 68.48, 4, 4783
10831, 5909, 54.56, 252, 68.48, 4, 4784
10832, 5910, 54.56, 252, 68.48, 4, 4784
10833, 5910, 54.56, 252, 68.48, 4, 4785
10834, 5910, 54.55, 252, 68.48, 4, 4786
10835, 5911, 54.55, 252, 68.48, 4, 4786
10836, 5911, 54.55, 252, 68.48, 4, 4787
10837, 5911, 54.54, 252, 68.48, 4, 4788
10838, 5912, 54.55, 252, 68.48, 4, 4788
10839, 5913, 54.55, 252, 68.48, 4, 4788
10840, 5914, 54.56, 252, 68.48, 4, 4788
10841, 5915, 54.56, 252, 68.48, 4, 4788
10842, 5916, 54.57, 252, 68.48, 4, 4788
10843, 5917, 54.57, 252, 68.48, 4, 4788
10844, 5918, 54.57, 252, 68.48, 4, 4788
10845, 5918, 54.57, 252, 68.48, 4, 4789
10846, 5919, 54.57, 252, 68.48, 4, 4789
10847, 5920, 54.58, 252, 68.48, 4, 4789
10848, 5921, 54.58, 252, 68.48, 4, 4789
10849, 5922, 54.59, 252, 68.48, 4, 4789
10850, 5923, 54.59, 252, 68.48, 4, 4789
10851, 5924, 54.59, 252, 68.48, 4, 4789
10852, 5924, 54.59, 252, 68.48, 4, 4790
10853, 5924, 54.58, 252, 68.48, 4, 4791
10854, 5925, 54.59, 252, 68.48, 4, 4791
10855, 5925, 54.58, 252, 68.48, 4, 4792
10856, 5925, 54.58, 252, 68.48, 4, 4793
10857, 5925, 54.57, 252, 68.48, 4, 4794
10858, 5925, 54.57, 252, 68.48, 4, 4795
10859, 5926, 54.57, 252, 68.48, 4, 4795
10860, 5927, 54.58, 252, 68.48, 4, 4795
10861, 5928, 54.58, 252, 68.48, 4, 4795
10862, 5929, 54.58, 252, 68.48, 4, 4795
10863, 5930, 54.59, 252, 68.48, 4, 4795
10864, 5930, 54.58, 252, 68.48, 4, 4796
10865, 5930, 54.58, 252, 68.48, 4, 4797
10866, 5931, 54.58, 252, 68.48, 4, 4797
10867, 5932, 54.59, 252, 68.48, 4, 4797
10868, 5933, 54.59, 252, 68.48, 4, 4797
10869, 5934, 54.60, 252, 68.48, 4, 4797
10870, 5935, 54.60, 252, 68.48, 4, 4797
10871, 5936, 54.60, 252, 68.48, 4, 4797
10872, 5936, 54.60, 252, 68.48, 4, 4798
10873, 5937, 54.60, 252, 68.48, 4, 4798
10874, 5937, 54.60, 252, 68.48, 4, 4799
10875, 5937, 54.59, 252, 68.48, 4, 4800
10876, 5938, 54.60, 252, 68.48, 4, 4800
10877, 5938, 54.59, 252, 68.48, 4, 4801
10878, 5938, 54.59, 252, 68.48, 4, 4802
10879, 5939, 54.59, 252, 68.48, 4, 4802
10880, 5939, 54.59, 252, 68.48, 4, 4803
10881, 5939, 54.58, 252, 68.48, 4, 4804
10882, 5939, 54.58, 252, 68.48, 4, 4805
10883, 5939, 54.57, 252, 68.48, 4, 4806
10884, 5940, 54.58, 252, 68.48, 4, 4806
10885, 5941, 54.58, 252, 68.48, 4, 4806
10886, 5941, 54.57, 252, 68.48, 4, 4807
10887, 5942, 54.58, 252, 68.48, 4, 4807
10888, 5942, 54.57, 252, 68.48, 4, 4808
10889, 5942, 54.57, 252, 68.48, 4, 4809
10890, 5943, 54.57, 252, 68.48, 4, 4809
10891, 5943, 54.57, 252, 68.48, 4, 4810
10892, 5944, 54.57, 252, 68.48, 4, 4810
10893, 5945, 54.58, 252, 68.48, 4, 4810
10894, 5945, 54.57, 252, 68.48, 4, 4811
10895, 5945, 54.57, 252, 68.48, 4, 4812
10896, 5946, 54.57, 252, 68.48, 4, 4812
10897, 5947, 54.57, 252, 68.48, 4, 4812
10898, 5948, 54.58, 252, 68.48, 4, 4812
10899, 5948, 54.57, 252, 68.48, 4, 4813
10900, 5948, 54.57, 252, 68.48, 4, 4814
10901, 5949, 54.57, 252, 68.48, 4, 4814
10902, 5949, 54.57, 252, 68.48, 4, 4815
10903, 5950, 54.57, 252, 68.48, 4, 4815
10904, 5950, 54.57, 252, 68.48, 4, 4816
10905, 5950, 54.56, 252, 68.48, 4, 4817
10906, 5950, 54.56, 252, 68.48, 4, 4818
10907, 5951, 54.56, 252, 68.48, 4, 4818
10908, 5951, 54.56, 252, 68.48, 4, 4819
10909, 5951, 54.55, 252, 68.48, 4, 4820
10910, 5952, 54.56, 252, 68.48, 4, 4820
10911, 5952, 54.55, 252, 68.48, 4, 4821
10912, 5952, 54.55, 252, 68.48, 4, 4822
10913, 5953, 54.55, 252, 68.48, 4, 4822
10914, 5954, 54.55, 252, 68.48, 4, 4822
10915, 5955, 54.56, 252, 68.48, 4, 4822
10916, 5955, 54.55, 252, 68.48, 4, 4823
10917, 5956, 54.56, 252, 68.48, 4, 4823
10918, 5957, 54.56, 252, 68.48, 4, 4823
10919, 5958, 54.57, 252, 68.48, 4, 4823
10920, 5959, 54.57, 252, 68.48, 4, 4823
10921, 5960, 54.57, 252, 68.48, 4, 4823
10922, 5960, 54.57, 252, 68.48, 4, 4824
10923, 5961, 54.57, 252, 68.48, 4, 4824
10924, 5961, 54.57, 252, 68.48, 4, 4825
10925, 5961, 54.56, 252, 68.48, 4, 4826
10926, 5961, 54.56, 252, 68.48, 4, 4827
10927, 5961, 54.55, 252, 68.48, 4, 4828
10928, 5962, 54.56, 252, 68.48, 4, 4828
10929, 5963, 54.56, 252, 68.48, 4, 4828
10930, 5964, 54.57, 252, 68.48, 4, 4828
10931, 5965, 54.57, 252, 68.48, 4, 4828
10932, 5965, 54.56, 252, 68.48, 4, 4829
10933, 5966, 54.57, 252, 68.48, 4, 4829
10934, 5967, 54.57, 252, 68.48, 4, 4829
10935, 5967, 54.57, 252, 68.48, 4, 4830
10936, 5968, 54.57, 252, 68.48, 4, 4830
10937, 5969, 54.58, 252, 68.48, 4, 4830
10938, 5969, 54.57, 252, 68.48, 4, 4831
10939, 5970, 54.58, 252, 68.48, 4, 4831
10940, 5970, 54.57, 252, 68.48, 4, 4832
10941, 5971, 54.57, 252, 68.48, 4, 4832
10942, 5971, 54.57, 252, 68.48, 4, 4833
10943, 5972, 54.57, 252, 68.48, 4, 4833
10944, 5973, 54.58, 252, 68.48, 4, 4833
10945, 5973, 54.57, 252, 68.48, 4, 4834
10946, 5974, 54.58, 252, 68.48, 4, 4834
10947, 5975, 54.58, 252, 68.48, 4, 4834
10948, 5975, 54.58, 252, 68.48, 4, 4835
10949, 5975, 54.57, 252, 68.48, 4, 4836
10950, 5975, 54.57, 252, 68.48, 4, 4837
10951, 5976, 54.57, 252, 68.48, 4, 4837
10952, 5977, 54.57, 252, 68.48, 4, 4837
10953, 5977, 54.57, 252, 68.48, 4, 4838
10954, 5977, 54.56, 252, 68.48, 4, 4839
10955, 5978, 54.57, 252, 68.48, 4, 4839
10956, 5979, 54.57, 252, 68.48, 4, 4839
10957, 5980, 54.58, 252, 68.48, 4, 4839
10958, 5980, 54.57, 252, 68.48, 4, 4840
10959, 5981, 54.58, 252, 68.48, 4, 4840
10960, 5981, 54.57, 252, 68.48, 4, 4841
10961, 5981, 54.57, 252, 68.48, 4, 4842
10962, 5981, 54.56, 252, 68.48, 4, 4843
10963, 5981, 54.56, 252, 68.48, 4, 4844
10964, 5982, 54.56, 252, 68.48, 4, 4844
10965, 5982, 54.56, 252, 68.48, 4, 4845
10966, 5983, 54.56, 252, 68.48, 4, 4845
10967, 5984, 54.56, 252, 68.48, 4, 4845
10968, 5984, 54.56, 252, 68.48, 4, 4846
10969, 5985, 54.56, 252, 68.48, 4, 4846
10970, 5985, 54.56, 252, 68.48, 4, 4847
10971, 5985, 54.55, 252, 68.48, 4, 4848
10972, 5986, 54.56, 252, 68.48, 4, 4848
10973, 5987, 54.56, 252, 68.48, 4, 4848
10974, 5987, 54.56, 252, 68.48, 4, 4849
10975, 5988, 54.56, 252, 68.48, 4, 4849
10976, 5988, 54.56, 252, 68.48, 4, 4850
10977, 5988, 54.55, 252, 68.48, 4, 4851
10978, 5989, 54.55, 252, 68.48, 4, 4851
10979, 5989, 54.55, 252, 68.48, 4, 4852
10980, 5990, 54.55, 252, 68.48, 4, 4852
10981, 5990, 54.55, 252, 68.48, 4, 4853
10982, 5991, 54.55, 252, 68.48, 4, 4853
10983, 5991, 54.55, 252, 68.48, 4, 4854
10984, 5991, 54.54, 252, 68.48, 4, 4855
10985, 5991, 54.54, 252, 68.48, 4, 4856
10986, 5992, 54.54, 252, 68.48, 4, 4856
10987, 5992, 54.54, 252, 68.48, 4, 4857
10988, 5992, 54.53, 252, 68.48, 4, 4858
10989, 5992, 54.53, 252, 68.48, 4, 4859
10990, 5993, 54.53, 252, 68.48, 4, 4859
10991, 5994, 54.54, 252, 68.48, 4, 4859
10992, 5994, 54.53, 252, 68.48, 4, 4860
10993, 5994, 54.53, 252, 68.48, 4, 4861
10994, 5995, 54.53, 252, 68.48, 4, 4861
10995, 5995, 54.52, 252, 68.48, 4, 4861
10996, 5995, 54.52, 252, 68.48, 4, 4862
10997, 5996, 54.52, 252, 68.48, 4, 4862
10998, 5996, 54.52, 252, 68.48, 4, 4863
10999, 5996, 54.51, 252, 68.48, 4, 4864
11000, 5997, 54.52, 252, 68.48, 4, 4864
11001, 5998, 54.52, 252, 68.48, 4, 4864
11002, 5999, 54.53, 252, 68.48, 4, 4864
11003, 6000, 54.53, 252, 68.48, 4, 4864
11004, 6001, 54.53, 252, 68.48, 4, 4864
11005, 6002, 54.54, 252, 68.48, 4, 4864
11006, 6003, 54.54, 252, 68.48, 4, 4864
11007, 6004, 54.55, 252, 68.48, 4, 4864
11008, 6004, 54.54, 252, 68.48, 4, 4865
11009, 6005, 54.55, 252, 68.48, 4, 4865
11010, 6005, 54.54, 252, 68.48, 4, 4866
11011, 6006, 54.55, 252, 68.48, 4, 4866
11012, 6006, 54.54, 252, 68.48, 4, 4867
11013, 6006, 54.54, 252, 68.48, 4, 4868
11014, 6007, 54.54, 252, 68.48, 4, 4868
11015, 6008, 54.54, 252, 68.48, 4, 4868
11016, 6008, 54.54, 252, 68.48, 4, 4869
11017, 6008, 54.53, 252, 68.48, 4, 4870
11018, 6008, 54.53, 252, 68.48, 4, 4871
11019, 6008, 54.52, 252, 68.48, 4, 4872
11020, 6008, 54.52, 252, 68.48, 4, 4872
11021, 6009, 54.52, 252, 68.48, 4, 4872
11022, 6010, 54.53, 252, 68.48, 4, 4872
11023, 6010, 54.52, 252, 68.48, 4, 4873
11024, 6011, 54.53, 252, 68.48, 4, 4873
11025, 6011, 54.52, 252, 68.48, 4, 4874
11026, 6011, 54.52, 252, 68.48, 4, 4875
11027, 6012, 54.52, 252, 68.48, 4, 4875
11028, 6012, 54.52, 252, 68.48, 4, 4876
11029, 6012, 54.51, 252, 68.48, 4, 4877
11030, 6013, 54.51, 252, 68.48, 4, 4877
11031, 6013, 54.51, 252, 68.48, 4, 4878
11032, 6013, 54.51, 252, 68.48, 4, 4879
11033, 6014, 54.51, 252, 68.48, 4, 4879
11034, 6014, 54.50, 252, 68.48, 4, 4880
11035, 6015, 54.51, 252, 68.48, 4, 4880
11036, 6015, 54.50, 252, 68.48, 4, 4881
11037, 6015, 54.50, 252, 68.48, 4, 4882
11038, 6016, 54.50, 252, 68.48, 4, 4882
11039, 6016, 54.50, 252, 68.48, 4, 4883
11040, 6016, 54.49, 252, 68.48, 4, 4884
11041, 6017, 54.50, 252, 68.48, 4, 4884
11042, 6018, 54.50, 252, 68.48, 4, 4884
11043, 6018, 54.50, 252, 68.48, 4, 4885
11044, 6018, 54.49, 252, 68.48, 4, 4886
11045, 6019, 54.50, 252, 68.48, 4, 4886
11046, 6020, 54.50, 252, 68.48, 4, 4886
11047, 6021, 54.50, 252, 68.48, 4, 4886
11048, 6021, 54.50, 252, 68.48, 4, 4887
11049, 6022, 54.50, 252, 68.48, 4, 4887
11050, 6023, 54.51, 252, 68.48, 4, 4887
11051, 6024, 54.51, 252, 68.48, 4, 4887
11052, 6025, 54.52, 252, 68.48, 4, 4887
11053, 6025, 54.51, 252, 68.48, 4, 4888
11054, 6026, 54.51, 252, 68.48, 4, 4888
11055, 6027, 54.52, 252, 68.48, 4, 4888
11056, 6028, 54.52, 252, 68.48, 4, 4888
11057, 6028, 54.52, 252, 68.48, 4, 4889
11058, 6028, 54.51, 252, 68.48, 4, 4890
11059, 6029, 54.52, 252, 68.48, 4, 4890
11060, 6029, 54.51, 252, 68.48, 4, 4891
11061, 6030, 54.52, 252, 68.48, 4, 4891
11062, 6030, 54.51, 252, 68.48, 4, 4892
11063, 6031, 54.52, 252, 68.48, 4, 4892
11064, 6032, 54.52, 252, 68.48, 4, 4892
11065, 6033, 54.52, 252, 68.48, 4, 4892
11066, 6034, 54.53, 252, 68.48, 4, 4892
11067, 6034, 54.52, 252, 68.48, 4, 4893
11068, 6035, 54.53, 252, 68.48, 4, 4893
11069, 6035, 54.52, 252, 68.48, 4, 4894
11070, 6035, 54.52, 252, 68.48, 4, 4895
11071, 6035, 54.51, 252, 68.48, 4, 4896
11072, 6036, 54.52, 252, 68.48, 4, 4896
11073, 6037, 54.52, 252, 68.48, 4, 4896
11074, 6037, 54.52, 252, 68.48, 4, 4897
11075, 6037, 54.51, 252, 68.48, 4, 4898
11076, 6037, 54.51, 252, 68.48, 4, 4899
11077, 6037, 54.50, 252, 68.48, 4, 4900
11078, 6037, 54.50, 252, 68.48, 4, 4901
11079, 6037, 54.49, 252, 68.48, 4, 4902
11080, 6038, 54.49, 252, 68.48, 4, 4902
11081, 6038, 54.49, 252, 68.48, 4, 4903
11082, 6039, 54.49, 252, 68.48, 4, 4903
11083, 6040, 54.50, 252, 68.48, 4, 4903
11084, 6041, 54.50, 252, 68.48, 4, 4903
11085, 6042, 54.51, 252, 68.48, 4, 4903
11086, 6042, 54.50, 252, 68.48, 4, 4904
11087, 6043, 54.51, 252, 68.48, 4, 4904
11088, 6043, 54.50, 252, 68.48, 4, 4905
11089, 6044, 54.50, 252, 68.48, 4, 4905
11090, 6045, 54.51, 252, 68.48, 4, 4905
11091, 6046, 54.51, 252, 68.48, 4, 4905
11092, 6047, 54.52, 252, 68.48, 4, 4905
11093, 6047, 54.51, 252, 68.48, 4, 4906
11094, 6047, 54.51, 252, 68.48, 4, 4907
11095, 6048, 54.51, 252, 68.48, 4, 4907
11096, 6049, 54.52, 252, 68.48, 4, 4907
11097, 6050, 54.52, 252, 68.48, 4, 4907
11098, 6051, 54.52, 252, 68.48, 4, 4907
11099, 6051, 54.52, 252, 68.48, 4, 4908
11100, 6051, 54.51, 252, 68.48, 4, 4909
11101, 6051, 54.51, 252, 68.48, 4, 4910
11102, 6051, 54.50, 252, 68.48, 4, 4911
11103, 6052, 54.51, 252, 68.48, 4, 4911
11104, 6053, 54.51, 252, 68.48, 4, 4911
11105, 6054, 54.52, 252, 68.48, 4, 4911
11106, 6054, 54.51, 252, 68.48, 4, 4912
11107, 6055, 54.52, 252, 68.48, 4, 4912
11108, 6055, 54.51, 252, 68.48, 4, 4913
11109, 6055, 54.51, 252, 68.48, 4, 4914
11110, 6055, 54.50, 252, 68.48, 4, 4915
11111, 6056, 54.50, 252, 68.48, 4, 4915
11112, 6057, 54.51, 252, 68.48, 4, 4915
11113, 6057, 54.50, 252, 68.48, 4, 4916
11114, 6057, 54.50, 252, 68.48, 4, 4917
11115, 6058, 54.50, 252, 68.48, 4, 4917
11116, 6059, 54.51, 252, 68.48, 4, 4917
11117, 6059, 54.50, 252, 68.48, 4, 4918
11118, 6059, 54.50, 252, 68.48, 4, 4919
11119, 6060, 54.50, 252, 68.48, 4, 4919
11120, 6061, 54.51, 252, 68.48, 4, 4919
11121, 6061, 54.50, 252, 68.48, 4, 4920
11122, 6061, 54.50, 252, 68.48, 4, 4921
11123, 6061, 54.49, 252, 68.48, 4, 4922
11124, 6062, 54.49, 252, 68.48, 4, 4922
11125, 6062, 54.49, 252, 68.48, 4, 4923
11126, 6063, 54.49, 252, 68.48, 4, 4923
11127, 6063, 54.49, 252, 68.48, 4, 4924
11128, 6064, 54.49, 252, 68.48, 4, 4924
11129, 6065, 54.50, 252, 68.48, 4, 4924
11130, 6065, 54.49, 252, 68.48, 4, 4925
11131, 6065, 54.49, 252, 68.48, 4, 4926
11132, 6065, 54.48, 252, 68.48, 4, 4927
11133, 6065, 54.48, 252, 68.48, 4, 4928
11134, 6065, 54.47, 252, 68.48, 4, 4929
11135, 6065, 54.47, 252, 68.48, 4, 4930
11136, 6065, 54.46, 252, 68.48, 4, 4931
11137, 6066, 54.47, 252, 68.48, 4, 4931
11138, 6066, 54.46, 252, 68.48, 4, 4932
11139, 6066, 54.46, 252, 68.48, 4, 4933
11140, 6067, 54.46, 252, 68.48, 4, 4933
11141, 6067, 54.46, 252, 68.48, 4, 4934
11142, 6067, 54.45, 252, 68.48, 4, 4935
11143, 6067, 54.45, 252, 68.48, 4, 4936
11144, 6067, 54.44, 252, 68.48, 4, 4937
11145, 6068, 54.45, 252, 68.48, 4, 4937
11146, 6068, 54.44, 252, 68.48, 4, 4938
11147, 6068, 54.44, 252, 68.48, 4, 4939
11148, 6069, 54.44, 252, 68.48, 4, 4939
11149, 6069, 54.44, 252, 68.48, 4, 4939
11150, 6069, 54.43, 252, 68.48, 4, 4940
11151, 6069, 54.43, 252, 68.48, 4, 4941
11152, 6070, 54.43, 252, 68.48, 4, 4941
11153, 6070, 54.42, 252, 68.48, 4, 4942
11154, 6071, 54.43, 252, 68.48, 4, 4942
11155, 6071, 54.42, 252, 68.48, 4, 4943
11156, 6072, 54.43, 252, 68.48, 4, 4943
11157, 6072, 54.42, 252, 68.48, 4, 4944
11158, 6072, 54.42, 252, 68.48, 4, 4945
11159, 6072, 54.41, 252, 68.48, 4, 4946
11160, 6073, 54.42, 252, 68.48, 4, 4946
11161, 6074, 54.42, 252, 68.48, 4, 4946
11162, 6074, 54.42, 252, 68.48, 4, 4947
11163, 6075, 54.42, 252, 68.48, 4, 4947
11164, 6075, 54.42, 252, 68.48, 4, 4948
11165, 6076, 54.42, 252, 68.48, 4, 4948
11166, 6077, 54.42, 252, 68.48, 4, 4948
11167, 6077, 54.42, 252, 68.48, 4, 4949
11168, 6078, 54.42, 252, 68.48, 4, 4949
11169, 6079, 54.43, 252, 68.48, 4, 4949
11170, 6080, 54.43, 252, 68.48, 4, 4949
11171, 6081, 54.44, 252, 68.48, 4, 4949
11172, 6081, 54.43, 252, 68.48, 4, 4950
11173, 6082, 54.43, 252, 68.48, 4, 4950
11174, 6082, 54.43, 252, 68.48, 4, 4951
11175, 6083, 54.43, 252, 68.48, 4, 4951
11176, 6084, 54.44, 252, 68.48, 4, 4951
11177, 6085, 54.44, 252, 68.48, 4, 4951
11178, 6086, 54.45, 252, 68.48, 4, 4951
11179, 6087, 54.45, 252, 68.48, 4, 4951
11180, 6088, 54.45, 252, 68.48, 4, 4951
11181, 6089, 54.46, 252, 68.48, 4, 4951
11182, 6090, 54.46, 252, 68.48, 4, 4951
11183, 6090, 54.46, 252, 68.48, 4, 4952
11184, 6090, 54.45, 252, 68.48, 4, 4953
11185, 6090, 54.45, 252, 68.48, 4, 4954
11186, 6090, 54.44, 252, 68.48, 4, 4955
11187, 6091, 54.45, 252, 68.48, 4, 4955
11188, 6091, 54.44, 252, 68.48, 4, 4956
11189, 6091, 54.44, 252, 68.48, 4, 4957
11190, 6091, 54.43, 252, 68.48, 4, 4958
11191, 6092, 54.44, 252, 68.48, 4, 4958
11192, 6092, 54.43, 252, 68.48, 4, 4959
11193, 6092, 54.43, 252, 68.48, 4, 4960
11194, 6092, 54.42, 252, 68.48, 4, 4961
11195, 6093, 54.43, 252, 68.48, 4, 4961
11196, 6094, 54.43, 252, 68.48, 4, 4961
11197, 6094, 54.43, 252, 68.48, 4, 4962
11198, 6095, 54.43, 252, 68.48, 4, 4962
11199, 6096, 54.43, 252, 68.48, 4, 4962
11200, 6097, 54.44, 252, 68.48, 4, 4962
11201, 6098, 54.44, 252, 68.48, 4, 4962
11202, 6098, 54.44, 252, 68.48, 4, 4963
11203, 6099, 54.44, 252, 68.48, 4, 4963
11204, 6100, 54.44, 252, 68.48, 4, 4963
11205, 6100, 54.44, 252, 68.48, 4, 4964
11206, 6101, 54.44, 252, 68.48, 4, 4964
11207, 6101, 54.44, 252, 68.48, 4, 4965
11208, 6101, 54.43, 252, 68.48, 4, 4966
11209, 6101, 54.43, 252, 68.48, 4, 4967
11210, 6101, 54.42, 252, 68.48, 4, 4968
11211, 6102, 54.43, 252, 68.48, 4, 4968
11212, 6102, 54.42, 252, 68.48, 4, 4969
11213, 6103, 54.43, 252, 68.48, 4, 4969
11214, 6103, 54.42, 252, 68.48, 4, 4970
11215, 6103, 54.42, 252, 68.48, 4, 4971
11216, 6103, 54.41, 252, 68.48, 4, 4972
11217, 6103, 54.41, 252, 68.48, 4, 4973
11218, 6104, 54.41, 252, 68.48, 4, 4973
11219, 6105, 54.42, 252, 68.48, 4, 4973
11220, 6106, 54.42, 252, 68.48, 4, 4973
11221, 6106, 54.42, 252, 68.48, 4, 4974
11222, 6107, 54.42, 252, 68.48, 4, 4974
11223, 6108, 54.42, 252, 68.48, 4, 4974
11224, 6109, 54.43, 252, 68.48, 4, 4974
11225, 6109, 54.42, 252, 68.48, 4, 4975
11226, 6109, 54.42, 252, 68.48, 4, 4976
11227, 6110, 54.42, 252, 68.48, 4, 4976
11228, 6111, 54.43, 252, 68.48, 4, 4976
11229, 6112, 54.43, 252, 68.48, 4, 4976
11230, 6113, 54.43, 252, 68.48, 4, 4976
11231, 6114, 54.44, 252, 68.48, 4, 4976
11232, 6114, 54.43, 252, 68.48, 4, 4977
11233, 6114, 54.43, 252, 68.48, 4, 4978
11234, 6115, 54.43, 252, 68.48, 4, 4978
11235, 6116, 54.44, 252, 68.48, 4, 4978
11236, 6116, 54.43, 252, 68.48, 4, 4979
11237, 6117, 54.44, 252, 68.48, 4, 4979
11238, 6117, 54.43, 252, 68.48, 4, 4979
11239, 6117, 54.43, 252, 68.48, 4, 4980
11240, 6117, 54.42, 252, 68.48, 4, 4981
11241, 6117, 54.42, 252, 68.48, 4, 4982
11242, 6117, 54.41, 252, 68.48, 4, 4983
11243, 6117, 54.41, 252, 68.48, 4, 4984
11244, 6117, 54.40, 252, 68.48, 4, 4985
11245, 6117, 54.40, 252, 68.48, 4, 4986
11246, 6117, 54.39, 252, 68.48, 4, 4987
11247, 6118, 54.40, 252, 68.48, 4, 4987
11248, 6118, 54.39, 252, 68.48, 4, 4988
11249, 6119, 54.40, 252, 68.48, 4, 4988
11250, 6119, 54.39, 252, 68.48, 4, 4989
11251, 6120, 54.40, 252, 68.48, 4, 4989
11252, 6120, 54.39, 252, 68.48, 4, 4990
11253, 6120, 54.39, 252, 68.48, 4, 4991
11254, 6121, 54.39, 252, 68.48, 4, 4991
11255, 6122, 54.39, 252, 68.48, 4, 4991
11256, 6122, 54.39, 252, 68.48, 4, 4992
11257, 6123, 54.39, 252, 68.48, 4, 4992
11258, 6124, 54.40, 252, 68.48, 4, 4992
11259, 6124, 54.39, 252, 68.48, 4, 4993
11260, 6124, 54.39, 252, 68.48, 4, 4994
11261, 6125, 54.39, 252, 68.48, 4, 4994
11262, 6126, 54.40, 252, 68.48, 4, 4994
11263, 6127, 54.40, 252, 68.48, 4, 4994
11264, 6127, 54.39, 252, 68.48, 4, 4995
11265, 6127, 54.39, 252, 68.48, 4, 4996
11266, 6128, 54.39, 252, 68.48, 4, 4996
11267, 6129, 54.40, 252, 68.48, 4, 4996
11268, 6130, 54.40, 252, 68.48, 4, 4996
11269, 6130, 54.40, 252, 68.48, 4, 4997
11270, 6131, 54.40, 252, 68.48, 4, 4997
11271, 6132, 54.41, 252, 68.48, 4, 4997
11272, 6132, 54.40, 252, 68.48, 4, 4998
11273, 6132, 54.40, 252, 68.48, 4, 4999
11274, 6133, 54.40, 252, 68.48, 4, 4999
11275, 6134, 54.40, 252, 68.48, 4, 4999
11276, 6134, 54.40, 252, 68.48, 4, 5000
11277, 6134, 54.39, 252, 68.48, 4, 5001
11278, 6135, 54.40, 252, 68.48, 4, 5001
11279, 6136, 54.40, 252, 68.48, 4, 5001
11280, 6136, 54.40, 252, 68.48, 4, 5002
11281, 6136, 54.39, 252, 68.48, 4, 5003
11282, 6137, 54.40, 252, 68.48, 4, 5003
11283, 6138, 54.40, 252, 68.48, 4, 5003
11284, 6138, 54.40, 252, 68.48, 4, 5004
11285, 6139, 54.40, 252, 68.48, 4, 5004
11286, 6140, 54.40, 252, 68.48, 4, 5004
11287, 6140, 54.40, 252, 68.48, 4, 5005
11288, 6140, 54.39, 252, 68.48, 4, 5006
11289, 6140, 54.39, 252, 68.48, 4, 5007
11290, 6141, 54.39, 252, 68.48, 4, 5007
11291, 6142, 54.40, 252, 68.48, 4, 5007
11292, 6143, 54.40, 252, 68.48, 4, 5007
11293, 6143, 54.40, 252, 68.48, 4, 5007
11294, 6143, 54.39, 252, 68.48, 4, 5008
11295, 6144, 54.40, 252, 68.48, 4, 5008
11296, 6144, 54.39, 252, 68.48, 4, 5009
11297, 6144, 54.39, 252, 68.48, 4, 5010
11298, 6144, 54.38, 252, 68.48, 4, 5011
11299, 6144, 54.38, 252, 68.48, 4, 5012
11300, 6144, 54.37, 252, 68.48, 4, 5013
11301, 6145, 54.38, 252, 68.48, 4, 5013
11302, 6145, 54.37, 252, 68.48, 4, 5014
11303, 6146, 54.37, 252, 68.48, 4, 5014
11304, 6147, 54.38, 252, 68.48, 4, 5014
11305, 6148, 54.38, 252, 68.48, 4, 5014
11306, 6149, 54.39, 252, 68.48, 4, 5014
11307, 6150, 54.39, 252, 68.48, 4, 5014
11308, 6151, 54.40, 252, 68.48, 4, 5014
11309, 6152, 54.40, 252, 68.48, 4, 5014
11310, 6152, 54.39, 252, 68.48, 4, 5015
11311, 6152, 54.39, 252, 68.48, 4, 5016
11312, 6153, 54.39, 252, 68.48, 4, 5016
11313, 6154, 54.40, 252, 68.48, 4, 5016
11314, 6154, 54.39, 252, 68.48, 4, 5017
11315, 6155, 54.40, 252, 68.48, 4, 5017
11316, 6156, 54.40, 252, 68.48, 4, 5017
11317, 6157, 54.40, 252, 68.48, 4, 5017
11318, 6158, 54.41, 252, 68.48, 4, 5017
11319, 6158, 54.40, 252, 68.48, 4, 5018
11320, 6158, 54.40, 252, 68.48, 4, 5019
11321, 6159, 54.40, 252, 68.48, 4, 5019
11322, 6160, 54.41, 252, 68.48, 4, 5019
11323, 6161, 54.41, 252, 68.48, 4, 5019
11324, 6162, 54.42, 252, 68.48, 4, 5019
11325, 6163, 54.42, 252, 68.48, 4, 5019
11326, 6164, 54.42, 252, 68.48, 4, 5019
11327, 6165, 54.43, 252, 68.48, 4, 5019
11328, 6165, 54.42, 252, 68.48, 4, 5020
11329, 6165, 54.42, 252, 68.48, 4, 5021
11330, 6165, 54.41, 252, 68.48, 4, 5022
11331, 6166, 54.42, 252, 68.48, 4, 5022
11332, 6166, 54.41, 252, 68.48, 4, 5022
11333, 6167, 54.42, 252, 68.48, 4, 5022
11334, 6168, 54.42, 252, 68.48, 4, 5022
11335, 6169, 54.42, 252, 68.48, 4, 5022
11336, 6170, 54.43, 252, 68.48, 4, 5022
11337, 6170, 54.42, 252, 68.48, 4, 5023
11338, 6170, 54.42, 252, 68.48, 4, 5024
11339, 6171, 54.42, 252, 68.48, 4, 5024
11340, 6172, 54.43, 252, 68.48, 4, 5024
11341, 6173, 54.43, 252, 68.48, 4, 5024
11342, 6174, 54.43, 252, 68.48, 4, 5024
11343, 6175, 54.44, 252, 68.48, 4, 5024
11344, 6176, 54.44, 252, 68.48, 4, 5024
11345, 6177, 54.45, 252, 68.48, 4, 5024
11346, 6177, 54.44, 252, 68.48, 4, 5024
11347, 6177, 54.44, 252, 68.48, 4, 5025
11348, 6178, 54.44, 252, 68.48, 4, 5025
11349, 6178, 54.44, 252, 68.48, 4, 5026
11350, 6179, 54.44, 252, 68.48, 4, 5026
11351, 6180, 54.44, 252, 68.48, 4, 5026
11352, 6181, 54.45, 252, 68.48, 4, 5026
11353, 6182, 54.45, 252, 68.48, 4, 5026
11354, 6183, 54.46, 252, 68.48, 4, 5026
11355, 6183, 54.45, 252, 68.48, 4, 5027
11356, 6184, 54.46, 252, 68.48, 4, 5027
11357, 6184, 54.45, 252, 68.48, 4, 5028
11358, 6185, 54.46, 252, 68.48, 4, 5028
11359, 6185, 54.45, 252, 68.48, 4, 5029
11360, 6186, 54.45, 252, 68.48, 4, 5029
11361, 6187, 54.46, 252, 68.48, 4, 5029
11362, 6188, 54.46, 252, 68.48, 4, 5029
11363, 6189, 54.47, 252, 68.48, 4, 5029
11364, 6190, 54.47, 252, 68.48, 4, 5029
11365, 6190, 54.47, 252, 68.48, 4, 5030
11366, 6190, 54.46, 252, 68.48, 4, 5031
11367, 6191, 54.46, 252, 68.48, 4, 5031
11368, 6191, 54.46, 252, 68.48, 4, 5032
11369, 6192, 54.46, 252, 68.48, 4, 5032
11370, 6192, 54.46, 252, 68.48, 4, 5033
11371, 6193, 54.46, 252, 68.48, 4, 5033
11372, 6193, 54.46, 252, 68.48, 4, 5034
11373, 6193, 54.45, 252, 68.48, 4, 5035
11374, 6193, 54.45, 252, 68.48, 4, 5036
11375, 6194, 54.45, 252, 68.48, 4, 5036
11376, 6194, 54.45, 252, 68.48, 4, 5037
11377, 6195, 54.45, 252, 68.48, 4, 5037
11378, 6195, 54.45, 252, 68.48, 4, 5038
11379, 6195, 54.44, 252, 68.48, 4, 5039
11380, 6196, 54.45, 252, 68.48, 4, 5039
11381, 6197, 54.45, 252, 68.48, 4, 5039
11382, 6198, 54.45, 252, 68.48, 4, 5039
11383, 6199, 54.46, 252, 68.48, 4, 5039
11384, 6199, 54.45, 252, 68.48, 4, 5040
11385, 6200, 54.46, 252, 68.48, 4, 5040
11386, 6200, 54.45, 252, 68.48, 4, 5041
11387, 6201, 54.46, 252, 68.48, 4, 5041
11388, 6201, 54.45, 252, 68.48, 4, 5042
11389, 6201, 54.45, 252, 68.48, 4, 5043
11390, 6201, 54.44, 252, 68.48, 4, 5044
11391, 6202, 54.45, 252, 68.48, 4, 5044
11392, 6202, 54.44, 252, 68.48, 4, 5045
11393, 6202, 54.44, 252, 68.48, 4, 5046
11394, 6202, 54.43, 252, 68.48, 4, 5047
11395, 6203, 54.44, 252, 68.48, 4, 5047
11396, 6203, 54.43, 252, 68.48, 4, 5048
11397, 6204, 54.44, 252, 68.48, 4, 5048
11398, 6205, 54.44, 252, 68.48, 4, 5048
11399, 6205, 54.43, 252, 68.48, 4, 5049
11400, 6205, 54.43, 252, 68.48, 4, 5050
11401, 6206, 54.43, 252, 68.48, 4, 5050
11402, 6207, 54.44, 252, 68.48, 4, 5050
11403, 6208, 54.44, 252, 68.48, 4, 5050
11404, 6208, 54.44, 252, 68.48, 4, 5051
11405, 6209, 54.44, 252, 68.48, 4, 5051
11406, 6210, 54.45, 252, 68.48, 4, 5051
11407, 6211, 54.45, 252, 68.48, 4, 5051
11408, 6211, 54.44, 252, 68.48, 4, 5052
11409, 6211, 54.44, 252, 68.48, 4, 5053
11410, 6211, 54.43, 252, 68.48, 4, 5054
11411, 6211, 54.43, 252, 68.48, 4, 5055
11412, 6212, 54.43, 252, 68.48, 4, 5055
11413, 6213, 54.44, 252, 68.48, 4, 5055
11414, 6213, 54.43, 252, 68.48, 4, 5056
11415, 6214, 54.44, 252, 68.48, 4, 5056
11416, 6214, 54.43, 252, 68.48, 4, 5057
11417, 6214, 54.43, 252, 68.48, 4, 5058
11418, 6214, 54.42, 252, 68.48, 4, 5059
11419, 6215, 54.43, 252, 68.48, 4, 5059
11420, 6216, 54.43, 252, 68.48, 4, 5059
11421, 6216, 54.43, 252, 68.48, 4, 5060
11422, 6217, 54.43, 252, 68.48, 4, 5060
11423, 6217, 54.43, 252, 68.48, 4, 5061
11424, 6217, 54.42, 252, 68.48, 4, 5062
11425, 6217, 54.42, 252, 68.48, 4, 5063
11426, 6218, 54.42, 252, 68.48, 4, 5063
11427, 6219, 54.42, 252, 68.48, 4, 5063
11428, 6219, 54.42, 252, 68.48, 4, 5064
11429, 6220, 54.42, 252, 68.48, 4, 5064
11430, 6220, 54.42, 252, 68.48, 4, 5065
11431, 6221, 54.42, 252, 68.48, 4, 5065
11432, 6221, 54.42, 252, 68.48, 4, 5066
11433, 6221, 54.41, 252, 68.48, 4, 5067
11434, 6221, 54.41, 252, 68.48, 4, 5068
11435, 6222, 54.41, 252, 68.48, 4, 5068
11436, 6223, 54.42, 252, 68.48, 4, 5068
11437, 6223, 54.41, 252, 68.48, 4, 5069
11438, 6224, 54.42, 252, 68.48, 4, 5069
11439, 6224, 54.41, 252, 68.48, 4, 5070
11440, 6225, 54.41, 252, 68.48, 4, 5070
11441, 6226, 54.42, 252, 68.48, 4, 5070
11442, 6227, 54.42, 252, 68.48, 4, 5070
11443, 6228, 54.43, 252, 68.48, 4, 5070
11444, 6229, 54.43, 252, 68.48, 4, 5070
11445, 6230, 54.43, 252, 68.48, 4, 5070
11446, 6231, 54.44, 252, 68.48, 4, 5070
11447, 6232, 54.44, 252, 68.48, 4, 5070
11448, 6232, 54.44, 252, 68.48, 4, 5071
11449, 6233, 54.44, 252, 68.48, 4, 5071
11450, 6234, 54.45, 252, 68.48, 4, 5071
11451, 6235, 54.45, 252, 68.48, 4, 5071
11452, 6235, 54.44, 252, 68.48, 4, 5072
11453, 6236, 54.45, 252, 68.48, 4, 5072
11454, 6237, 54.45, 252, 68.48, 4, 5072
11455, 6238, 54.46, 252, 68.48, 4, 5072
11456, 6239, 54.46, 252, 68.48, 4, 5072
11457, 6239, 54.46, 252, 68.48, 4, 5073
11458, 6240, 54.46, 252, 68.48, 4, 5073
11459, 6240, 54.46, 252, 68.48, 4, 5074
11460, 6240, 54.45, 252, 68.48, 4, 5075
11461, 6241, 54.45, 252, 68.48, 4, 5075
11462, 6241, 54.45, 252, 68.48, 4, 5076
11463, 6242, 54.45, 252, 68.48, 4, 5076
11464, 6243, 54.46, 252, 68.48, 4, 5076
11465, 6244, 54.46, 252, 68.48, 4, 5076
11466, 6245, 54.47, 252, 68.48, 4, 5076
11467, 6245, 54.46, 252, 68.48, 4, 5077
11468, 6246, 54.46, 252, 68.48, 4, 5077
11469, 6247, 54.47, 252, 68.48, 4, 5077
11470, 6247, 54.46, 252, 68.48, 4, 5078
11471, 6248, 54.47, 252, 68.48, 4, 5078
11472, 6249, 54.47, 252, 68.48, 4, 5078
11473, 6249, 54.47, 252, 68.48, 4, 5079
11474, 6250, 54.47, 252, 68.48, 4, 5079
11475, 6250, 54.47, 252, 68.48, 4, 5080
11476, 6251, 54.47, 252, 68.48, 4, 5080
11477, 6252, 54.47, 252, 68.48, 4, 5080
11478, 6252, 54.47, 252, 68.48, 4, 5081
11479, 6253, 54.47, 252, 68.48, 4, 5081
11480, 6254, 54.48, 252, 68.48, 4, 5081
11481, 6254, 54.47, 252, 68.48, 4, 5082
11482, 6255, 54.48, 252, 68.48, 4, 5082
11483, 6255, 54.47, 252, 68.48, 4, 5083
11484, 6256, 54.48, 252, 68.48, 4, 5083
11485, 6256, 54.47, 252, 68.48, 4, 5084
11486, 6256, 54.47, 252, 68.48, 4, 5085
11487, 6257, 54.47, 252, 68.48, 4, 5085
11488, 6258, 54.47, 252, 68.48, 4, 5085
11489, 6259, 54.48, 252, 68.48, 4, 5085
11490, 6260, 54.48, 252, 68.48, 4, 5085
11491, 6261, 54.49, 252, 68.48, 4, 5085
11492, 6261, 54.48, 252, 68.48, 4, 5086
11493, 6262, 54.49, 252, 68.48, 4, 5086
11494, 6262, 54.48, 252, 68.48, 4, 5087
11495, 6262, 54.48, 252, 68.48, 4, 5088
11496, 6263, 54.48, 252, 68.48, 4, 5088
11497, 6264, 54.48, 252, 68.48, 4, 5088
11498, 6265, 54.49, 252, 68.48, 4, 5088
11499, 6266, 54.49, 252, 68.48, 4, 5088
11500, 6266, 54.49, 252, 68.48, 4, 5089
11501, 6267, 54.49, 252, 68.48, 4, 5089
11502, 6268, 54.49, 252, 68.48, 4, 5089
11503, 6268, 54.49, 252, 68.48, 4, 5090
11504, 6269, 54.49, 252, 68.48, 4, 5090
11505, 6270, 54.50, 252, 68.48, 4, 5090
11506, 6271, 54.50, 252, 68.48, 4, 5090
11507, 6272, 54.51, 252, 68.48, 4, 5090
11508, 6272, 54.50, 252, 68.48, 4, 5091
11509, 6273, 54.51, 252, 68.48, 4, 5091
11510, 6273, 54.50, 252, 68.48, 4, 5092
11511, 6273, 54.50, 252, 68.48, 4, 5093
11512, 6273, 54.49, 252, 68.48, 4, 5094
11513, 6274, 54.49, 252, 68.48, 4, 5094
11514, 6275, 54.50, 252, 68.48, 4, 5094
11515, 6276, 54.50, 252, 68.48, 4, 5094
11516, 6277, 54.51, 252, 68.48, 4, 5094
11517, 6277, 54.50, 252, 68.48, 4, 5095
11518, 6278, 54.51, 252, 68.48, 4, 5095
11519, 6279, 54.51, 252, 68.48, 4, 5095
11520, 6279, 54.51, 252, 68.48, 4, 5096
11521, 6280, 54.51, 252, 68.48, 4, 5096
11522, 6280, 54.50, 252, 68.48, 4, 5097
11523, 6281, 54.51, 252, 68.48, 4, 5097
11524, 6281, 54.50, 252, 68.48, 4, 5098
11525, 6282, 54.51, 252, 68.48, 4, 5098
11526, 6282, 54.50, 252, 68.48, 4, 5099
11527, 6282, 54.50, 252, 68.48, 4, 5100
11528, 6283, 54.50, 252, 68.48, 4, 5100
11529, 6284, 54.51, 252, 68.48, 4, 5100
11530, 6284, 54.50, 252, 68.48, 4, 5101
11531, 6285, 54.51, 252, 68.48, 4, 5101
11532, 6285, 54.50, 252, 68.48, 4, 5102
11533, 6285, 54.50, 252, 68.48, 4, 5103
11534, 6285, 54.49, 252, 68.48, 4, 5104
11535, 6286, 54.50, 252, 68.48, 4, 5104
11536, 6287, 54.50, 252, 68.48, 4, 5104
11537, 6288, 54.50, 252, 68.48, 4, 5104
11538, 6289, 54.51, 252, 68.48, 4, 5104
11539, 6290, 54.51, 252, 68.48, 4, 5104
11540, 6290, 54.51, 252, 68.48, 4, 5105
11541, 6291, 54.51, 252, 68.48, 4, 5105
11542, 6291, 54.51, 252, 68.48, 4, 5106
11543, 6292, 54.51, 252, 68.48, 4, 5106
11544, 6292, 54.50, 252, 68.48, 4, 5107
11545, 6293, 54.51, 252, 68.48, 4, 5107
11546, 6293, 54.50, 252, 68.48, 4, 5108
11547, 6294, 54.51, 252, 68.48, 4, 5108
11548, 6295, 54.51, 252, 68.48, 4, 5108
11549, 6295, 54.51, 252, 68.48, 4, 5109
11550, 6296, 54.51, 252, 68.48, 4, 5109
11551, 6297, 54.51, 252, 68.48, 4, 5109
11552, 6297, 54.51, 252, 68.48, 4, 5110
11553, 6298, 54.51, 252, 68.48, 4, 5110
11554, 6298, 54.51, 252, 68.48, 4, 5111
11555, 6299, 54.51, 252, 68.48, 4, 5111
11556, 6300, 54.52, 252, 68.48, 4, 5111
11557, 6300, 54.51, 252, 68.48, 4, 5112
11558, 6301, 54.52, 252, 68.48, 4, 5112
11559, 6302, 54.52, 252, 68.48, 4, 5112
11560, 6303, 54.52, 252, 68.48, 4, 5112
11561, 6303, 54.52, 252, 68.48, 4, 5113
11562, 6304, 54.52, 252, 68.48, 4, 5113
11563, 6305, 54.53, 252, 68.48, 4, 5113
11564, 6306, 54.53, 252, 68.48, 4, 5113
11565, 6307, 54.54, 252, 68.48, 4, 5113
11566, 6307, 54.53, 252, 68.48, 4, 5114
11567, 6307, 54.53, 252, 68.48, 4, 5115
11568, 6307, 54.52, 252, 68.48, 4, 5116
11569, 6307, 54.52, 252, 68.48, 4, 5117
11570, 6307, 54.51, 252, 68.48, 4, 5118
11571, 6307, 54.51, 252, 68.48, 4, 5119
11572, 6307, 54.50, 252, 68.48, 4, 5120
11573, 6307, 54.50, 252, 68.48, 4, 5120
11574, 6308, 54.50, 252, 68.48, 4, 5120
11575, 6309, 54.51, 252, 68.48, 4, 5120
11576, 6310, 54.51, 252, 68.48, 4, 5120
11577, 6311, 54.51, 252, 68.48, 4, 5120
11578, 6312, 54.52, 252, 68.48, 4, 5120
11579, 6313, 54.52, 252, 68.48, 4, 5120
11580, 6313, 54.52, 252, 68.48, 4, 5121
11581, 6313, 54.51, 252, 68.48, 4, 5122
11582, 6313, 54.51, 252, 68.48, 4, 5123
11583, 6314, 54.51, 252, 68.48, 4, 5123
11584, 6315, 54.51, 252, 68.48, 4, 5123
11585, 6316, 54.52, 252, 68.48, 4, 5123
11586, 6317, 54.52, 252, 68.48, 4, 5123
11587, 6317, 54.52, 252, 68.48, 4, 5124
11588, 6317, 54.51, 252, 68.48, 4, 5125
11589, 6317, 54.51, 252, 68.48, 4, 5126
11590, 6317, 54.50, 252, 68.48, 4, 5127
11591, 6318, 54.51, 252, 68.48, 4, 5127
11592, 6318, 54.50, 252, 68.48, 4, 5128
11593, 6318, 54.50, 252, 68.48, 4, 5129
11594, 6318, 54.49, 252, 68.48, 4, 5130
11595, 6319, 54.50, 252, 68.48, 4, 5130
11596, 6320, 54.50, 252, 68.48, 4, 5130
11597, 6320, 54.50, 252, 68.48, 4, 5131
11598, 6321, 54.50, 252, 68.48, 4, 5131
11599, 6321, 54.50, 252, 68.48, 4, 5132
11600, 6321, 54.49, 252, 68.48, 4, 5133
11601, 6321, 54.49, 252, 68.48, 4, 5134
11602, 6322, 54.49, 252, 68.48, 4, 5134
11603, 6323, 54.49, 252, 68.48, 4, 5134
11604, 6324, 54.50, 252, 68.48, 4, 5134
11605, 6325, 54.50, 252, 68.48, 4, 5134
11606, 6325, 54.50, 252, 68.48, 4, 5135
11607, 6326, 54.50, 252, 68.48, 4, 5135
11608, 6327, 54.51, 252, 68.48, 4, 5135
11609, 6327, 54.50, 252, 68.48, 4, 5136
11610, 6328, 54.50, 252, 68.48, 4, 5136
11611, 6329, 54.51, 252, 68.48, 4, 5136
11612, 6330, 54.51, 252, 68.48, 4, 5136
11613, 6331, 54.52, 252, 68.48, 4, 5136
11614, 6331, 54.51, 252, 68.48, 4, 5137
11615, 6332, 54.52, 252, 68.48, 4, 5137
11616, 6333, 54.52, 252, 68.48, 4, 5137
11617, 6333, 54.51, 252, 68.48, 4, 5138
11618, 6334, 54.52, 252, 68.48, 4, 5138
11619, 6334, 54.51, 252, 68.48, 4, 5139
11620, 6335, 54.52, 252, 68.48, 4, 5139
11621, 6336, 54.52, 252, 68.48, 4, 5139
11622, 6336, 54.52, 252, 68.48, 4, 5140
11623, 6337, 54.52, 252, 68.48, 4, 5140
11624, 6338, 54.53, 252, 68.48, 4, 5140
11625, 6338, 54.52, 252, 68.48, 4, 5141
11626, 6338, 54.52, 252, 68.48, 4, 5142
11627, 6339, 54.52, 252, 68.48, 4, 5142
11628, 6339, 54.51, 252, 68.48, 4, 5143
11629, 6340, 54.52, 252, 68.48, 4, 5143
11630, 6341, 54.52, 252, 68.48, 4, 5143
11631, 6342, 54.53, 252, 68.48, 4, 5143
11632, 6343, 54.53, 252, 68.48, 4, 5143
11633, 6344, 54.53, 252, 68.48, 4, 5143
11634, 6345, 54.54, 252, 68.48, 4, 5143
11635, 6345, 54.53, 252, 68.48, 4, 5144
11636, 6346, 54.54, 252, 68.48, 4, 5144
11637, 6346, 54.53, 252, 68.48, 4, 5145
11638, 6346, 54.53, 252, 68.48, 4, 5146
11639, 6347, 54.53, 252, 68.48, 4, 5146
11640, 6348, 54.54, 252, 68.48, 4, 5146
11641, 6349, 54.54, 252, 68.48, 4, 5146
11642, 6350, 54.54, 252, 68.48, 4, 5146
11643, 6351, 54.55, 252, 68.48, 4, 5146
11644, 6351, 54.54, 252, 68.48, 4, 5147
11645, 6352, 54.55, 252, 68.48, 4, 5147
11646, 6353, 54.55, 252, 68.48, 4, 5147
11647, 6353, 54.55, 252, 68.48, 4, 5148
11648, 6354, 54.55, 252, 68.48, 4, 5148
11649, 6355, 54.55, 252, 68.48, 4, 5148
11650, 6356, 54.56, 252, 68.48, 4, 5148
11651, 6357, 54.56, 252, 68.48, 4, 5148
11652, 6357, 54.56, 252, 68.48, 4, 5149
11653, 6357, 54.55, 252, 68.48, 4, 5150
11654, 6358, 54.56, 252, 68.48, 4, 5150
11655, 6358, 54.55, 252, 68.48, 4, 5151
11656, 6359, 54.56, 252, 68.48, 4, 5151
11657, 6360, 54.56, 252, 68.48, 4, 5151
11658, 6360, 54.55, 252, 68.48, 4, 5152
11659, 6360, 54.55, 252, 68.48, 4, 5153
11660, 6360, 54.55, 252, 68.48, 4, 5154
11661, 6360, 54.54, 252, 68.48, 4, 5155
11662, 6360, 54.54, 252, 68.48, 4, 5156
11663, 6361, 54.54, 252, 68.48, 4, 5156
11664, 6362, 54.54, 252, 68.48, 4, 5156
11665, 6363, 54.55, 252, 68.48, 4, 5156
11666, 6364, 54.55, 252, 68.48, 4, 5156
11667, 6364, 54.55, 252, 68.48, 4, 5157
11668, 6365, 54.55, 252, 68.48, 4, 5157
11669, 6366, 54.55, 252, 68.48, 4, 5157
11670, 6366, 54.55, 252, 68.48, 4, 5158
11671, 6367, 54.55, 252, 68.48, 4, 5158
11672, 6368, 54.56, 252, 68.48, 4, 5158
11673, 6368, 54.55, 252, 68.48, 4, 5158
11674, 6369, 54.56, 252, 68.48, 4, 5158
11675, 6369, 54.55, 252, 68.48, 4, 5159
11676, 6370, 54.56, 252, 68.48, 4, 5159
11677, 6370, 54.55, 252, 68.48, 4, 5160
11678, 6371, 54.56, 252, 68.48, 4, 5160
11679, 6371, 54.55, 252, 68.48, 4, 5161
11680, 6372, 54.55, 252, 68.48, 4, 5161
11681, 6373, 54.56, 252, 68.48, 4, 5161
11682, 6374, 54.56, 252, 68.48, 4, 5161
11683, 6375, 54.57, 252, 68.48, 4, 5161
11684, 6376, 54.57, 252, 68.48, 4, 5161
11685, 6376, 54.57, 252, 68.48, 4, 5162
11686, 6377, 54.57, 252, 68.48, 4, 5162
11687, 6377, 54.56, 252, 68.48, 4, 5163
11688, 6378, 54.57, 252, 68.48, 4, 5163
11689, 6379, 54.57, 252, 68.48, 4, 5163
11690, 6379, 54.57, 252, 68.48, 4, 5164
11691, 6379, 54.56, 252, 68.48, 4, 5165
11692, 6379, 54.56, 252, 68.48, 4, 5166
11693, 6379, 54.55, 252, 68.48, 4, 5167
11694, 6379, 54.55, 252, 68.48, 4, 5168
11695, 6379, 54.54, 252, 68.48, 4, 5169
11696, 6379, 54.54, 252, 68.48, 4, 5170
11697, 6380, 54.54, 252, 68.48, 4, 5170
11698, 6381, 54.55, 252, 68.48, 4, 5170
11699, 6382, 54.55, 252, 68.48, 4, 5170
11700, 6383, 54.56, 252, 68.48, 4, 5170
11701, 6383, 54.55, 252, 68.48, 4, 5171
11702, 6384, 54.55, 252, 68.48, 4, 5171
11703, 6384, 54.55, 252, 68.48, 4, 5172
11704, 6385, 54.55, 252, 68.48, 4, 5172
11705, 6386, 54.56, 252, 68.48, 4, 5172
11706, 6386, 54.55, 252, 68.48, 4, 5173
11707, 6386, 54.55, 252, 68.48, 4, 5174
11708, 6387, 54.55, 252, 68.48, 4, 5174
11709, 6388, 54.56, 252, 68.48, 4, 5174
11710, 6388, 54.55, 252, 68.48, 4, 5174
11711, 6389, 54.56, 252, 68.48, 4, 5174
11712, 6390, 54.56, 252, 68.48, 4, 5174
11713, 6391, 54.56, 252, 68.48, 4, 5174
11714, 6392, 54.57, 252, 68.48, 4, 5174
11715, 6393, 54.57, 252, 68.48, 4, 5174
11716, 6394, 54.57, 252, 68.48, 4, 5174
11717, 6394, 54.57, 252, 68.48, 4, 5175
11718, 6394, 54.57, 252, 68.48, 4, 5176
11719, 6394, 54.56, 252, 68.48, 4, 5177
11720, 6394, 54.56, 252, 68.48, 4, 5178
11721, 6394, 54.55, 252, 68.48, 4, 5179
11722, 6395, 54.56, 252, 68.48, 4, 5179
11723, 6396, 54.56, 252, 68.48, 4, 5179
11724, 6396, 54.55, 252, 68.48, 4, 5180
11725, 6397, 54.56, 252, 68.48, 4, 5180
11726, 6397, 54.55, 252, 68.48, 4, 5181
11727, 6397, 54.55, 252, 68.48, 4, 5182
11728, 6397, 54.54, 252, 68.48, 4, 5183
11729, 6397, 54.54, 252, 68.48, 4, 5184
11730, 6397, 54.54, 252, 68.48, 4, 5185
11731, 6398, 54.54, 252, 68.48, 4, 5185
11732, 6399, 54.54, 252, 68.48, 4, 5185
11733, 6400, 54.55, 252, 68.48, 4, 5185
11734, 6400, 54.54, 252, 68.48, 4, 5186
11735, 6401, 54.55, 252, 68.48, 4, 5186
11736, 6401, 54.54, 252, 68.48, 4, 5187
11737, 6401, 54.54, 252, 68.48, 4, 5188
11738, 6401, 54.53, 252, 68.48, 4, 5189
11739, 6402, 54.54, 252, 68.48, 4, 5189
11740, 6403, 54.54, 252, 68.48, 4, 5189
11741, 6404, 54.54, 252, 68.48, 4, 5189
11742, 6404, 54.54, 252, 68.48, 4, 5190
11743, 6405, 54.54, 252, 68.48, 4, 5190
11744, 6406, 54.55, 252, 68.48, 4, 5190
11745, 6407, 54.55, 252, 68.48, 4, 5190
11746, 6407, 54.55, 252, 68.48, 4, 5191
11747, 6407, 54.54, 252, 68.48, 4, 5192
11748, 6408, 54.55, 252, 68.48, 4, 5192
11749, 6409, 54.55, 252, 68.48, 4, 5192
11750, 6409, 54.54, 252, 68.48, 4, 5193
11751, 6410, 54.55, 252, 68.48, 4, 5193
11752, 6411, 54.55, 252, 68.48, 4, 5193
11753, 6412, 54.56, 252, 68.48, 4, 5193
11754, 6412, 54.55, 252, 68.48, 4, 5194
11755, 6413, 54.56, 252, 68.48, 4, 5194
11756, 6414, 54.56, 252, 68.48, 4, 5194
11757, 6414, 54.55, 252, 68.48, 4, 5195
11758, 6414, 54.55, 252, 68.48, 4, 5196
11759, 6415, 54.55, 252, 68.48, 4, 5196
11760, 6415, 54.55, 252, 68.48, 4, 5197
11761, 6415, 54.54, 252, 68.48, 4, 5198
11762, 6415, 54.54, 252, 68.48, 4, 5199
11763, 6415, 54.54, 252, 68.48, 4, 5200
11764, 6416, 54.54, 252, 68.48, 4, 5200
11765, 6416, 54.53, 252, 68.48, 4, 5201
11766, 6416, 54.53, 252, 68.48, 4, 5202
11767, 6416, 54.53, 252, 68.48, 4, 5203
11768, 6417, 54.53, 252, 68.48, 4, 5203
11769, 6418, 54.53, 252, 68.48, 4, 5203
11770, 6418, 54.53, 252, 68.48, 4, 5204
11771, 6418, 54.52, 252, 68.48, 4, 5205
11772, 6419, 54.53, 252, 68.48, 4, 5205
11773, 6419, 54.52, 252, 68.48, 4, 5205
11774, 6420, 54.53, 252, 68.48, 4, 5205
11775, 6420, 54.52, 252, 68.48, 4, 5206
11776, 6420, 54.52, 252, 68.48, 4, 5207
11777, 6420, 54.51, 252, 68.48, 4, 5208
11778, 6421, 54.52, 252, 68.48, 4, 5208
11779, 6421, 54.51, 252, 68.48, 4, 5209
11780, 6422, 54.52, 252, 68.48, 4, 5209
11781, 6423, 54.52, 252, 68.48, 4, 5209
11782, 6424, 54.52, 252, 68.48, 4, 5209
11783, 6424, 54.52, 252, 68.48, 4, 5209
11784, 6425, 54.52, 252, 68.48, 4, 5209
11785, 6426, 54.53, 252, 68.48, 4, 5209
11786, 6426, 54.52, 252, 68.48, 4, 5210
11787, 6427, 54.53, 252, 68.48, 4, 5210
11788, 6427, 54.52, 252, 68.48, 4, 5211
11789, 6427, 54.52, 252, 68.48, 4, 5212
11790, 6428, 54.52, 252, 68.48, 4, 5212
11791, 6429, 54.52, 252, 68.48, 4, 5212
11792, 6429, 54.52, 252, 68.48, 4, 5213
11793, 6430, 54.52, 252, 68.48, 4, 5213
11794, 6430, 54.52, 252, 68.48, 4, 5214
11795, 6430, 54.51, 252, 68.48, 4, 5215
11796, 6431, 54.52, 252, 68.48, 4, 5215
11797, 6431, 54.51, 252, 68.48, 4, 5216
11798, 6431, 54.51, 252, 68.48, 4, 5217
11799, 6432, 54.51, 252, 68.48, 4, 5217
11800, 6432, 54.51, 252, 68.48, 4, 5218
11801, 6433, 54.51, 252, 68.48, 4, 5218
11802, 6434, 54.52, 252, 68.48, 4, 5218
11803, 6434, 54.51, 252, 68.48, 4, 5219
11804, 6434, 54.51, 252, 68.48, 4, 5220
11805, 6434, 54.50, 252, 68.48, 4, 5221
11806, 6434, 54.50, 252, 68.48, 4, 5222
11807, 6435, 54.50, 252, 68.48, 4, 5222
11808, 6436, 54.51, 252, 68.48, 4, 5222
11809, 6437, 54.51, 252, 68.48, 4, 5222
11810, 6438, 54.51, 252, 68.48, 4, 5222
11811, 6438, 54.51, 252, 68.48, 4, 5223
11812, 6438, 54.50, 252, 68.48, 4, 5224
11813, 6438, 54.50, 252, 68.48, 4, 5225
11814, 6439, 54.50, 252, 68.48, 4, 5225
11815, 6440, 54.51, 252, 68.48, 4, 5225
11816, 6440, 54.50, 252, 68.48, 4, 5226
11817, 6440, 54.50, 252, 68.48, 4, 5227
11818, 6441, 54.50, 252, 68.48, 4, 5227
11819, 6441, 54.50, 252, 68.48, 4, 5228
11820, 6442, 54.50, 252, 68.48, 4, 5228
11821, 6443, 54.50, 252, 68.48, 4, 5228
11822, 6443, 54.50, 252, 68.48, 4, 5229
11823, 6444, 54.50, 252, 68.48, 4, 5229
11824, 6445, 54.51, 252, 68.48, 4, 5229
11825, 6446, 54.51, 252, 68.48, 4, 5229
11826, 6447, 54.52, 252, 68.48, 4, 5229
11827, 6448, 54.52, 252, 68.48, 4, 5229
11828, 6449, 54.52, 252, 68.48, 4, 5229
11829, 6449, 54.52, 252, 68.48, 4, 5230
11830, 6450, 54.52, 252, 68.48, 4, 5230
11831, 6451, 54.53, 252, 68.48, 4, 5230
11832, 6451, 54.52, 252, 68.48, 4, 5231
11833, 6452, 54.53, 252, 68.48, 4, 5231
11834, 6453, 54.53, 252, 68.48, 4, 5231
11835, 6453, 54.52, 252, 68.48, 4, 5232
11836, 6453, 54.52, 252, 68.48, 4, 5233
11837, 6453, 54.52, 252, 68.48, 4, 5234
11838, 6454, 54.52, 252, 68.48, 4, 5234
11839, 6454, 54.51, 252, 68.48, 4, 5235
11840, 6454, 54.51, 252, 68.48, 4, 5236
11841, 6455, 54.51, 252, 68.48, 4, 5236
11842, 6456, 54.52, 252, 68.48, 4, 5236
11843, 6457, 54.52, 252, 68.48, 4, 5236
11844, 6457, 54.52, 252, 68.48, 4, 5237
11845, 6457, 54.51, 252, 68.48, 4, 5238
11846, 6457, 54.51, 252, 68.48, 4, 5239
11847, 6458, 54.51, 252, 68.48, 4, 5239
11848, 6458, 54.51, 252, 68.48, 4, 5240
11849, 6458, 54.50, 252, 68.48, 4, 5241
11850, 6459, 54.51, 252, 68.48, 4, 5241
11851, 6459, 54.50, 252, 68.48, 4, 5242
11852, 6460, 54.51, 252, 68.48, 4, 5242
11853, 6461, 54.51, 252, 68.48, 4, 5242
11854, 6461, 54.50, 252, 68.48, 4, 5243
11855, 6462, 54.51, 252, 68.48, 4, 5243
11856, 6463, 54.51, 252, 68.48, 4, 5243
11857, 6464, 54.52, 252, 68.48, 4, 5243
11858, 6465, 54.52, 252, 68.48, 4, 5243
11859, 6466, 54.52, 252, 68.48, 4, 5243
11860, 6466, 54.52, 252, 68.48, 4, 5244
11861, 6467, 54.52, 252, 68.48, 4, 5244
11862, 6468, 54.53, 252, 68.48, 4, 5244
11863, 6469, 54.53, 252, 68.48, 4, 5244
11864, 6470, 54.53, 252, 68.48, 4, 5244
11865, 6471, 54.54, 252, 68.48, 4, 5244
11866, 6471, 54.53, 252, 68.48, 4, 5245
11867, 6471, 54.53, 252, 68.48, 4, 5246
11868, 6472, 54.53, 252, 68.48, 4, 5246
11869, 6473, 54.54, 252, 68.48, 4, 5246
11870, 6474, 54.54, 252, 68.48, 4, 5246
11871, 6475, 54.54, 252, 68.48, 4, 5246
11872, 6476, 54.55, 252, 68.48, 4, 5246
11873, 6477, 54.55, 252, 68.48, 4, 5246
11874, 6478, 54.56, 252, 68.48, 4, 5246
11875, 6478, 54.55, 252, 68.48, 4, 5247
11876, 6478, 54.55, 252, 68.48, 4, 5248
11877, 6479, 54.55, 252, 68.48, 4, 5248
11878, 6480, 54.55, 252, 68.48, 4, 5248
11879, 6480, 54.55, 252, 68.48, 4, 5249
11880, 6481, 54.55, 252, 68.48, 4, 5249
11881, 6482, 54.56, 252, 68.48, 4, 5249
11882, 6482, 54.55, 252, 68.48, 4, 5250
11883, 6483, 54.56, 252, 68.48, 4, 5250
11884, 6484, 54.56, 252, 68.48, 4, 5250
11885, 6484, 54.56, 252, 68.48, 4, 5251
11886, 6485, 54.56, 252, 68.48, 4, 5251
11887, 6486, 54.56, 252, 68.48, 4, 5251
11888, 6486, 54.56, 252, 68.48, 4, 5252
11889, 6487, 54.56, 252, 68.48, 4, 5252
11890, 6487, 54.56, 252, 68.48, 4, 5253
11891, 6488, 54.56, 252, 68.48, 4, 5253
11892, 6489, 54.57, 252, 68.48, 4, 5253
11893, 6489, 54.56, 252, 68.48, 4, 5254
11894, 6489, 54.56, 252, 68.48, 4, 5255
11895, 6489, 54.55, 252, 68.48, 4, 5256
11896, 6490, 54.56, 252, 68.48, 4, 5256
11897, 6491, 54.56, 252, 68.48, 4, 5256
11898, 6492, 54.56, 252, 68.48, 4, 5256
11899, 6493, 54.57, 252, 68.48, 4, 5256
11900, 6493, 54.56, 252, 68.48, 4, 5257
11901, 6494, 54.57, 252, 68.48, 4, 5257
11902, 6495, 54.57, 252, 68.48, 4, 5257
11903, 6495, 54.57, 252, 68.48, 4, 5258
11904, 6495, 54.56, 252, 68.48, 4, 5259
11905, 6496, 54.57, 252, 68.48, 4, 5259
11906, 6497, 54.57, 252, 68.48, 4, 5259
11907, 6498, 54.57, 252, 68.48, 4, 5259
11908, 6499, 54.58, 252, 68.48, 4, 5259
11909, 6499, 54.57, 252, 68.48, 4, 5260
11910, 6500, 54.58, 252, 68.48, 4, 5260
11911, 6501, 54.58, 252, 68.48, 4, 5260
11912, 6502, 54.58, 252, 68.48, 4, 5260
11913, 6502, 54.58, 252, 68.48, 4, 5261
11914, 6503, 54.58, 252, 68.48, 4, 5261
11915, 6504, 54.59, 252, 68.48, 4, 5261
11916, 6505, 54.59, 252, 68.48, 4, 5261
11917, 6505, 54.59, 252, 68.48, 4, 5262
11918, 6505, 54.58, 252, 68.48, 4, 5263
11919, 6506, 54.59, 252, 68.48, 4, 5263
11920, 6506, 54.58, 252, 68.48, 4, 5264
11921, 6507, 54.58, 252, 68.48, 4, 5264
11922, 6507, 54.58, 252, 68.48, 4, 5265
11923, 6508, 54.58, 252, 68.48, 4, 5265
11924, 6509, 54.59, 252, 68.48, 4, 5265
11925, 6510, 54.59, 252, 68.48, 4, 5265
11926, 6511, 54.60, 252, 68.48, 4, 5265
11927, 6512, 54.60, 252, 68.48, 4, 5265
11928, 6512, 54.59, 252, 68.48, 4, 5266
11929, 6513, 54.60, 252, 68.48, 4, 5266
11930, 6514, 54.60, 252, 68.48, 4, 5266
11931, 6515, 54.61, 252, 68.48, 4, 5266
11932, 6515, 54.60, 252, 68.48, 4, 5267
11933, 6516, 54.60, 252, 68.48, 4, 5267
11934, 6516, 54.60, 252, 68.48, 4, 5268
11935, 6517, 54.60, 252, 68.48, 4, 5268
11936, 6518, 54.61, 252, 68.48, 4, 5268
11937, 6518, 54.60, 252, 68.48, 4, 5269
11938, 6519, 54.61, 252, 68.48, 4, 5269
11939, 6520, 54.61, 252, 68.48, 4, 5269
11940, 6521, 54.61, 252, 68.48, 4, 5269
11941, 6521, 54.61, 252, 68.48, 4, 5270
11942, 6522, 54.61, 252, 68.48, 4, 5270
11943, 6523, 54.62, 252, 68.48, 4, 5270
11944, 6524, 54.62, 252, 68.48, 4, 5270
11945, 6525, 54.63, 252, 68.48, 4, 5270
11946, 6526, 54.63, 252, 68.48, 4, 5270
11947, 6526, 54.62, 252, 68.48, 4, 5271
11948, 6527, 54.63, 252, 68.48, 4, 5271
11949, 6527, 54.62, 252, 68.48, 4, 5272
11950, 6527, 54.62, 252, 68.48, 4, 5273
11951, 6528, 54.62, 252, 68.48, 4, 5273
11952, 6528, 54.62, 252, 68.48, 4, 5274
11953, 6528, 54.61, 252, 68.48, 4, 5275
11954, 6528, 54.61, 252, 68.48, 4, 5276
11955, 6528, 54.60, 252, 68.48, 4, 5277
11956, 6529, 54.61, 252, 68.48, 4, 5277
11957, 6530, 54.61, 252, 68.48, 4, 5277
11958, 6531, 54.62, 252, 68.48, 4, 5277
11959, 6532, 54.62, 252, 68.48, 4, 5277
11960, 6532, 54.62, 252, 68.48, 4, 5277
11961, 6532, 54.61, 252, 68.48, 4, 5278
11962, 6533, 54.61, 252, 68.48, 4, 5278
11963, 6533, 54.61, 252, 68.48, 4, 5279
11964, 6533, 54.61, 252, 68.48, 4, 5280
11965, 6534, 54.61, 252, 68.48, 4, 5280
11966, 6534, 54.60, 252, 68.48, 4, 5281
11967, 6534, 54.60, 252, 68.48, 4, 5282
11968, 6534, 54.60, 252, 68.48, 4, 5283
11969, 6535, 54.60, 252, 68.48, 4, 5283
11970, 6536, 54.60, 252, 68.48, 4, 5283
11971, 6537, 54.61, 252, 68.48, 4, 5283
11972, 6538, 54.61, 252, 68.48, 4, 5283
11973, 6539, 54.61, 252, 68.48, 4, 5283
11974, 6540, 54.62, 252, 68.48, 4, 5283
11975, 6540, 54.61, 252, 68.48, 4, 5284
11976, 6540, 54.61, 252, 68.48, 4, 5285
11977, 6541, 54.61, 252, 68.48, 4, 5285
11978, 6542, 54.62, 252, 68.48, 4, 5285
11979, 6542, 54.61, 252, 68.48, 4, 5286
11980, 6542, 54.61, 252, 68.48, 4, 5287
11981, 6542, 54.60, 252, 68.48, 4, 5288
11982, 6543, 54.61, 252, 68.48, 4, 5288
11983, 6544, 54.61, 252, 68.48, 4, 5288
11984, 6545, 54.61, 252, 68.48, 4, 5288
11985, 6545, 54.61, 252, 68.48, 4, 5289
11986, 6545, 54.61, 252, 68.48, 4, 5290
11987, 6546, 54.61, 252, 68.48, 4, 5290
11988, 6547, 54.61, 252, 68.48, 4, 5290
11989, 6548, 54.62, 252, 68.48, 4, 5290
11990, 6549, 54.62, 252, 68.48, 4, 5290
11991, 6549, 54.62, 252, 68.48, 4, 5291
11992, 6549, 54.61, 252, 68.48, 4, 5292
11993, 6550, 54.62, 252, 68.48, 4, 5292
11994, 6551, 54.62, 252, 68.48, 4, 5292
11995, 6552, 54.62, 252, 68.48, 4, 5292
11996, 6552, 54.62, 252, 68.48, 4, 5293
11997, 6553, 54.62, 252, 68.48, 4, 5293
11998, 6553, 54.62, 252, 68.48, 4, 5294
11999, 6553, 54.61, 252, 68.48, 4, 5295
12000, 6553, 54.61, 252, 68.48, 4, 5295
12001, 6553, 54.60, 252, 68.48, 4, 5296
12002, 6553, 54.60, 252, 68.48, 4, 5297
12003, 6554, 54.60, 252, 68.48, 4, 5297
12004, 6554, 54.60, 252, 68.48, 4, 5298
12005, 6555, 54.60, 252, 68.48, 4, 5298
12006, 6555, 54.60, 252, 68.48, 4, 5299
12007, 6555, 54.59, 252, 68.48, 4, 5300
12008, 6555, 54.59, 252, 68.48, 4, 5301
12009, 6556, 54.59, 252, 68.48, 4, 5301
12010, 6556, 54.59, 252, 68.48, 4, 5302
12011, 6556, 54.58, 252, 68.48, 4, 5303
12012, 6556, 54.58, 252, 68.48, 4, 5304
12013, 6557, 54.58, 252, 68.48, 4, 5304
12014, 6558, 54.59, 252, 68.48, 4, 5304
12015, 6558, 54.58, 252, 68.48, 4, 5305
12016, 6558, 54.58, 252, 68.48, 4, 5306
12017, 6559, 54.58, 252, 68.48, 4, 5306
12018, 6560, 54.58, 252, 68.48, 4, 5306
12019, 6560, 54.58, 252, 68.48, 4, 5307
12020, 6560, 54.58, 252, 68.48, 4, 5308
12021, 6561, 54.58, 252, 68.48, 4, 5308
12022, 6561, 54.57, 252, 68.48, 4, 5309
12023, 6562, 54.58, 252, 68.48, 4, 5309
12024, 6563, 54.58, 252, 68.48, 4, 5309
12025, 6564, 54.59, 252, 68.48, 4, 5309
12026, 6565, 54.59, 252, 68.48, 4, 5309
12027, 6565, 54.59, 252, 68.48, 4, 5310
12028, 6565, 54.58, 252, 68.48, 4, 5311
12029, 6566, 54.58, 252, 68.48, 4, 5311
12030, 6567, 54.59, 252, 68.48, 4, 5311
12031, 6568, 54.59, 252, 68.48, 4, 5311
12032, 6569, 54.60, 252, 68.48, 4, 5311
12033, 6570, 54.60, 252, 68.48, 4, 5311
12034, 6571, 54.60, 252, 68.48, 4, 5311
12035, 6571, 54.60, 252, 68.48, 4, 5312
12036, 6571, 54.59, 252, 68.48, 4, 5313
12037, 6572, 54.60, 252, 68.48, 4, 5313
12038, 6572, 54.59, 252, 68.48, 4, 5314
12039, 6573, 54.60, 252, 68.48, 4, 5314
12040, 6574, 54.60, 252, 68.48, 4, 5314
12041, 6574, 54.60, 252, 68.48, 4, 5315
12042, 6575, 54.60, 252, 68.48, 4, 5315
12043, 6576, 54.60, 252, 68.48, 4, 5315
12044, 6576, 54.60, 252, 68.48, 4, 5316
12045, 6577, 54.60, 252, 68.48, 4, 5316
12046, 6577, 54.60, 252, 68.48, 4, 5317
12047, 6577, 54.59, 252, 68.48, 4, 5318
12048, 6577, 54.59, 252, 68.48, 4, 5319
12049, 6577, 54.59, 252, 68.48, 4, 5320
12050, 6577, 54.58, 252, 68.48, 4, 5321
12051, 6577, 54.58, 252, 68.48, 4, 5322
12052, 6578, 54.58, 252, 68.48, 4, 5322
12053, 6578, 54.58, 252, 68.48, 4, 5323
12054, 6579, 54.58, 252, 68.48, 4, 5323
12055, 6579, 54.57, 252, 68.48, 4, 5324
12056, 6579, 54.57, 252, 68.48, 4, 5325
12057, 6580, 54.57, 252, 68.48, 4, 5325
12058, 6580, 54.57, 252, 68.48, 4, 5326
12059, 6580, 54.57, 252, 68.48, 4, 5326
12060, 6581, 54.57, 252, 68.48, 4, 5326
12061, 6581, 54.56, 252, 68.48, 4, 5327
12062, 6581, 54.56, 252, 68.48, 4, 5328
12063, 6582, 54.56, 252, 68.48, 4, 5328
12064, 6582, 54.56, 252, 68.48, 4, 5329
12065, 6583, 54.56, 252, 68.48, 4, 5329
12066, 6583, 54.56, 252, 68.48, 4, 5330
12067, 6583, 54.55, 252, 68.48, 4, 5331
12068, 6583, 54.55, 252, 68.48, 4, 5332
12069, 6583, 54.54, 252, 68.48, 4, 5333
12070, 6583, 54.54, 252, 68.48, 4, 5334
12071, 6584, 54.54, 252, 68.48, 4, 5334
12072, 6584, 54.54, 252, 68.48, 4, 5335
12073, 6584, 54.53, 252, 68.48, 4, 5336
12074, 6584, 54.53, 252, 68.48, 4, 5337
12075, 6585, 54.53, 252, 68.48, 4, 5337
12076, 6586, 54.54, 252, 68.48, 4, 5337
12077, 6586, 54.53, 252, 68.48, 4, 5338
12078, 6587, 54.54, 252, 68.48, 4, 5338
12079, 6587, 54.53, 252, 68.48, 4, 5339
12080, 6588, 54.54, 252, 68.48, 4, 5339
12081, 6589, 54.54, 252, 68.48, 4, 5339
12082, 6590, 54.54, 252, 68.48, 4, 5339
12083, 6590, 54.54, 252, 68.48, 4, 5340
12084, 6591, 54.54, 252, 68.48, 4, 5340
12085, 6592, 54.55, 252, 68.48, 4, 5340
12086, 6592, 54.54, 252, 68.48, 4, 5341
12087, 6593, 54.55, 252, 68.48, 4, 5341
12088, 6594, 54.55, 252, 68.48, 4, 5341
12089, 6594, 54.55, 252, 68.48, 4, 5342
12090, 6595, 54.55, 252, 68.48, 4, 5342
12091, 6596, 54.55, 252, 68.48, 4, 5342
12092, 6596, 54.55, 252, 68.48, 4, 5343
12093, 6597, 54.55, 252, 68.48, 4, 5343
12094, 6598, 54.56, 252, 68.48, 4, 5343
12095, 6598, 54.55, 252, 68.48, 4, 5344
12096, 6598, 54.55, 252, 68.48, 4, 5345
12097, 6599, 54.55, 252, 68.48, 4, 5345
12098, 6599, 54.55, 252, 68.48, 4, 5346
12099, 6600, 54.55, 252, 68.48, 4, 5346
12100, 6600, 54.55, 252, 68.48, 4, 5347
12101, 6601, 54.55, 252, 68.48, 4, 5347
12102, 6602, 54.55, 252, 68.48, 4, 5347
12103, 6603, 54.56, 252, 68.48, 4, 5347
12104, 6604, 54.56, 252, 68.48, 4, 5347
12105, 6605, 54.56, 252, 68.48, 4, 5347
12106, 6606, 54.57, 252, 68.48, 4, 5347
12107, 6607, 54.57, 252, 68.48, 4, 5347
12108, 6607, 54.57, 252, 68.48, 4, 5348
12109, 6607, 54.56, 252, 68.48, 4, 5349
12110, 6608, 54.57, 252, 68.48, 4, 5349
12111, 6608, 54.56, 252, 68.48, 4, 5350
12112, 6609, 54.57, 252, 68.48, 4, 5350
12113, 6610, 54.57, 252, 68.48, 4, 5350
12114, 6611, 54.57, 252, 68.48, 4, 5350
12115, 6611, 54.57, 252, 68.48, 4, 5351
12116, 6611, 54.56, 252, 68.48, 4, 5352
12117, 6612, 54.57, 252, 68.48, 4, 5352
12118, 6613, 54.57, 252, 68.48, 4, 5352
12119, 6614, 54.58, 252, 68.48, 4, 5352
12120, 6615, 54.58, 252, 68.48, 4, 5352
12121, 6616, 54.58, 252, 68.48, 4, 5352
12122, 6617, 54.59, 252, 68.48, 4, 5352
12123, 6617, 54.58, 252, 68.48, 4, 5353
12124, 6618, 54.59, 252, 68.48, 4, 5353
12125, 6619, 54.59, 252, 68.48, 4, 5353
12126, 6620, 54.59, 252, 68.48, 4, 5353
12127, 6621, 54.60, 252, 68.48, 4, 5353
12128, 6622, 54.60, 252, 68.48, 4, 5353
12129, 6623, 54.60, 252, 68.48, 4, 5353
12130, 6623, 54.60, 252, 68.48, 4, 5354
12131, 6624, 54.60, 252, 68.48, 4, 5354
12132, 6624, 54.60, 252, 68.48, 4, 5355
12133, 6624, 54.59, 252, 68.48, 4, 5356
12134, 6625, 54.60, 252, 68.48, 4, 5356
12135, 6625, 54.59, 252, 68.48, 4, 5356
12136, 6625, 54.59, 252, 68.48, 4, 5357
12137, 6626, 54.59, 252, 68.48, 4, 5357
12138, 6627, 54.60, 252, 68.48, 4, 5357
12139, 6627, 54.59, 252, 68.48, 4, 5358
12140, 6628, 54.60, 252, 68.48, 4, 5358
12141, 6628, 54.59, 252, 68.48, 4, 5359
12142, 6628, 54.59, 252, 68.48, 4, 5360
12143, 6628, 54.58, 252, 68.48, 4, 5360
12144, 6629, 54.59, 252, 68.48, 4, 5360
12145, 6629, 54.58, 252, 68.48, 4, 5361
12146, 6629, 54.58, 252, 68.48, 4, 5362
12147, 6630, 54.58, 252, 68.48, 4, 5362
12148, 6631, 54.59, 252, 68.48, 4, 5362
12149, 6632, 54.59, 252, 68.48, 4, 5362
12150, 6633, 54.59, 252, 68.48, 4, 5362
12151, 6634, 54.60, 252, 68.48, 4, 5362
12152, 6635, 54.60, 252, 68.48, 4, 5362
12153, 6635, 54.60, 252, 68.48, 4, 5363
12154, 6636, 54.60, 252, 68.48, 4, 5363
12155, 6637, 54.60, 252, 68.48, 4, 5363
12156, 6638, 54.61, 252, 68.48, 4, 5363
12157, 6639, 54.61, 252, 68.48, 4, 5363
12158, 6639, 54.61, 252, 68.48, 4, 5364
12159, 6639, 54.60, 252, 68.48, 4, 5365
12160, 6640, 54.61, 252, 68.48, 4, 5365
12161, 6641, 54.61, 252, 68.48, 4, 5365
12162, 6642, 54.61, 252, 68.48, 4, 5365
12163, 6643, 54.62, 252, 68.48, 4, 5365
12164, 6643, 54.61, 252, 68.48, 4, 5366
12165, 6643, 54.61, 252, 68.48, 4, 5367
12166, 6643, 54.60, 252, 68.48, 4, 5368
12167, 6644, 54.61, 252, 68.48, 4, 5368
12168, 6645, 54.61, 252, 68.48, 4, 5368
12169, 6646, 54.61, 252, 68.48, 4, 5368
12170, 6646, 54.61, 252, 68.48, 4, 5369
12171, 6647, 54.61, 252, 68.48, 4, 5369
12172, 6647, 54.61, 252, 68.48, 4, 5370
12173, 6648, 54.61, 252, 68.48, 4, 5370
12174, 6648, 54.61, 252, 68.48, 4, 5371
12175, 6648, 54.60, 252, 68.48, 4, 5372
12176, 6648, 54.60, 252, 68.48, 4, 5373
12177, 6649, 54.60, 252, 68.48, 4, 5373
12178, 6649, 54.60, 252, 68.48, 4, 5374
12179, 6649, 54.59, 252, 68.48, 4, 5375
12180, 6650, 54.60, 252, 68.48, 4, 5375
12181, 6651, 54.60, 252, 68.48, 4, 5375
12182, 6651, 54.60, 252, 68.48, 4, 5376
12183, 6651, 54.59, 252, 68.48, 4, 5377
12184, 6652, 54.60, 252, 68.48, 4, 5377
12185, 6652, 54.59, 252, 68.48, 4, 5378
12186, 6652, 54.59, 252, 68.48, 4, 5379
12187, 6653, 54.59, 252, 68.48, 4, 5379
12188, 6654, 54.59, 252, 68.48, 4, 5379
12189, 6654, 54.59, 252, 68.48, 4, 5380
12190, 6655, 54.59, 252, 68.48, 4, 5380
12191, 6655, 54.59, 252, 68.48, 4, 5381
12192, 6656, 54.59, 252, 68.48, 4, 5381
12193, 6656, 54.59, 252, 68.48, 4, 5382
12194, 6656, 54.58, 252, 68.48, 4, 5383
12195, 6657, 54.59, 252, 68.48, 4, 5383
12196, 6658, 54.59, 252, 68.48, 4, 5383
12197, 6659, 54.60, 252, 68.48, 4, 5383
12198, 6660, 54.60, 252, 68.48, 4, 5383
12199, 6660, 54.59, 252, 68.48, 4, 5384
12200, 6660, 54.59, 252, 68.48, 4, 5385
12201, 6660, 54.59, 252, 68.48, 4, 5386
12202, 6661, 54.59, 252, 68.48, 4, 5386
12203, 6662, 54.59, 252, 68.48, 4, 5386
12204, 6663, 54.60, 252, 68.48, 4, 5386
12205, 6664, 54.60, 252, 68.48, 4, 5386
12206, 6665, 54.60, 252, 68.48, 4, 5386
12207, 6665, 54.60, 252, 68.48, 4, 5387
12208, 6665, 54.60, 252, 68.48, 4, 5388
12209, 6665, 54.59, 252, 68.48, 4, 5389
12210, 6666, 54.59, 252, 68.48, 4, 5389
12211, 6667, 54.60, 252, 68.48, 4, 5389
12212, 6668, 54.60, 252, 68.48, 4, 5389
12213, 6668, 54.60, 252, 68.48, 4, 5390
12214, 6669, 54.60, 252, 68.48, 4, 5390
12215, 6670, 54.60, 252, 68.48, 4, 5390
12216, 6670, 54.60, 252, 68.48, 4, 5390
12217, 6670, 54.60, 252, 68.48, 4, 5390
12218, 6671, 54.60, 252, 68.48, 4, 5390
12219, 6672, 54.60, 252, 68.48, 4, 5390
12220, 6672, 54.60, 252, 68.48, 4, 5391
12221, 6673, 54.60, 252, 68.48, 4, 5391
12222, 6674, 54.61, 252, 68.48, 4, 5391
12223, 6674, 54.60, 252, 68.48, 4, 5392
12224, 6674, 54.60, 252, 68.48, 4, 5393
12225, 6674, 54.59, 252, 68.48, 4, 5394
12226, 6674, 54.59, 252, 68.48, 4, 5395
12227, 6675, 54.59, 252, 68.48, 4, 5395
12228, 6676, 54.60, 252, 68.48, 4, 5395
12229, 6676, 54.59, 252, 68.48, 4, 5396
12230, 6677, 54.60, 252, 68.48, 4, 5396
12231, 6677, 54.59, 252, 68.48, 4, 5397
12232, 6677, 54.59, 252, 68.48, 4, 5398
12233, 6677, 54.58, 252, 68.48, 4, 5399
12234, 6677, 54.58, 252, 68.48, 4, 5400
12235, 6678, 54.58, 252, 68.48, 4, 5400
12236, 6679, 54.58, 252, 68.48, 4, 5400
12237, 6679, 54.58, 252, 68.48, 4, 5401
12238, 6680, 54.58, 252, 68.48, 4, 5401
12239, 6681, 54.59, 252, 68.48, 4, 5401
12240, 6681, 54.58, 252, 68.48, 4, 5402
12241, 6681, 54.58, 252, 68.48, 4, 5403
12242, 6682, 54.58, 252, 68.48, 4, 5403
12243, 6682, 54.58, 252, 68.48, 4, 5403
12244, 6682, 54.57, 252, 68.48, 4, 5404
12245, 6682, 54.57, 252, 68.48, 4, 5405
12246, 6683, 54.57, 252, 68.48, 4, 5405
12247, 6683, 54.57, 252, 68.48, 4, 5406
12248, 6683, 54.56, 252, 68.48, 4, 5407
12249, 6683, 54.56, 252, 68.48, 4, 5408
12250, 6683, 54.56, 252, 68.48, 4, 5408
12251, 6683, 54.55, 252, 68.48, 4, 5409
12252, 6683, 54.55, 252, 68.48, 4, 5410
12253, 6684, 54.55, 252, 68.48, 4, 5410
12254, 6684, 54.55, 252, 68.48, 4, 5411
12255, 6685, 54.55, 252, 68.48, 4, 5411
12256, 6685, 54.54, 252, 68.48, 4, 5412
12257, 6686, 54.55, 252, 68.48, 4, 5412
12258, 6687, 54.55, 252, 68.48, 4, 5412
12259, 6688, 54.56, 252, 68.48, 4, 5412
12260, 6689, 54.56, 252, 68.48, 4, 5412
12261, 6689, 54.56, 252, 68.48, 4, 5413
12262, 6689, 54.55, 252, 68.48, 4, 5414
12263, 6689, 54.55, 252, 68.48, 4, 5415
12264, 6689, 54.54, 252, 68.48, 4, 5416
12265, 6689, 54.54, 252, 68.48, 4, 5417
12266, 6690, 54.54, 252, 68.48, 4, 5417
12267, 6690, 54.54, 252, 68.48, 4, 5418
12268, 6690, 54.53, 252, 68.48, 4, 5419
12269, 6691, 54.54, 252, 68.48, 4, 5419
12270, 6691, 54.53, 252, 68.48, 4, 5420
12271, 6691, 54.53, 252, 68.48, 4, 5421
12272, 6692, 54.53, 252, 68.48, 4, 5421
12273, 6693, 54.53, 252, 68.48, 4, 5421
12274, 6693, 54.53, 252, 68.48, 4, 5422
12275, 6693, 54.53, 252, 68.48, 4, 5423
12276, 6694, 54.53, 252, 68.48, 4, 5423
12277, 6695, 54.53, 252, 68.48, 4, 5423
12278, 6695, 54.53, 252, 68.48, 4, 5424
12279, 6695, 54.52, 252, 68.48, 4, 5425
12280, 6696, 54.53, 252, 68.48, 4, 5425
12281, 6697, 54.53, 252, 68.48, 4, 5425
12282, 6697, 54.53, 252, 68.48, 4, 5426
12283, 6697, 54.52, 252, 68.48, 4, 5427
12284, 6698, 54.53, 252, 68.48, 4, 5427
12285, 6698, 54.52, 252, 68.48, 4, 5428
12286, 6698, 54.52, 252, 68.48, 4, 5429
12287, 6699, 54.52, 252, 68.48, 4, 5429
12288, 6700, 54.52, 252, 68.48, 4, 5429
12289, 6701, 54.53, 252, 68.48, 4, 5429
12290, 6702, 54.53, 252, 68.48, 4, 5429
12291, 6702, 54.53, 252, 68.48, 4, 5430
12292, 6703, 54.53, 252, 68.48, 4, 5430
12293, 6703, 54.53, 252, 68.48, 4, 5431
12294, 6704, 54.53, 252, 68.48, 4, 5431
12295, 6705, 54.53, 252, 68.48, 4, 5431
12296, 6706, 54.54, 252, 68.48, 4, 5431
12297, 6706, 54.53, 252, 68.48, 4, 5432
12298, 6707, 54.54, 252, 68.48, 4, 5432
12299, 6708, 54.54, 252, 68.48, 4, 5432
12300, 6709, 54.54, 252, 68.48, 4, 5432
12301, 6710, 54.55, 252, 68.48, 4, 5432
12302, 6710, 54.54, 252, 68.48, 4, 5433
12303, 6711, 54.55, 252, 68.48, 4, 5433
12304, 6711, 54.54, 252, 68.48, 4, 5434
12305, 6712, 54.55, 252, 68.48, 4, 5434
12306, 6712, 54.54, 252, 68.48, 4, 5435
12307, 6713, 54.55, 252, 68.48, 4, 5435
12308, 6714, 54.55, 252, 68.48, 4, 5435
12309, 6714, 54.55, 252, 68.48, 4, 5436
12310, 6714, 54.54, 252, 68.48, 4, 5437
12311, 6715, 54.54, 252, 68.48, 4, 5437
12312, 6715, 54.54, 252, 68.48, 4, 5438
12313, 6716, 54.54, 252, 68.48, 4, 5438
12314, 6716, 54.54, 252, 68.48, 4, 5439
12315, 6717, 54.54, 252, 68.48, 4, 5439
12316, 6718, 54.55, 252, 68.48, 4, 5439
12317, 6719, 54.55, 252, 68.48, 4, 5439
12318, 6720, 54.55, 252, 68.48, 4, 5439
12319, 6720, 54.55, 252, 68.48, 4, 5440
12320, 6721, 54.55, 252, 68.48, 4, 5440
12321, 6722, 54.56, 252, 68.48, 4, 5440
12322, 6722, 54.55, 252, 68.48, 4, 5441
12323, 6722, 54.55, 252, 68.48, 4, 5442
12324, 6722, 54.54, 252, 68.48, 4, 5443
12325, 6722, 54.54, 252, 68.48, 4, 5444
12326, 6723, 54.54, 252, 68.48, 4, 5444
12327, 6724, 54.55, 252, 68.48, 4, 5444
12328, 6725, 54.55, 252, 68.48, 4, 5444
12329, 6725, 54.55, 252, 68.48, 4, 5445
12330, 6725, 54.54, 252, 68.48, 4, 5446
12331, 6725, 54.54, 252, 68.48, 4, 5447
12332, 6725, 54.53, 252, 68.48, 4, 5448
12333, 6726, 54.54, 252, 68.48, 4, 5448
12334, 6726, 54.53, 252, 68.48, 4, 5449
12335, 6727, 54.54, 252, 68.48, 4, 5449
12336, 6728, 54.54, 252, 68.48, 4, 5449
12337, 6728, 54.54, 252, 68.48, 4, 5450
12338, 6728, 54.53, 252, 68.48, 4, 5451
12339, 6729, 54.53, 252, 68.48, 4, 5451
12340, 6729, 54.53, 252, 68.48, 4, 5452
12341, 6729, 54.53, 252, 68.48, 4, 5453
12342, 6729, 54.52, 252, 68.48, 4, 5454
12343, 6729, 54.52, 252, 68.48, 4, 5455
12344, 6729, 54.51, 252, 68.48, 4, 5456
12345, 6729, 54.51, 252, 68.48, 4, 5457
12346, 6730, 54.51, 252, 68.48, 4, 5457
12347, 6731, 54.52, 252, 68.48, 4, 5457
12348, 6731, 54.51, 252, 68.48, 4, 5458
12349, 6732, 54.51, 252, 68.48, 4, 5458
12350, 6733, 54.52, 252, 68.48, 4, 5458
12351, 6733, 54.51, 252, 68.48, 4, 5459
12352, 6733, 54.51, 252, 68.48, 4, 5460
12353, 6733, 54.50, 252, 68.48, 4, 5461
12354, 6734, 54.51, 252, 68.48, 4, 5461
12355, 6735, 54.51, 252, 68.48, 4, 5461
12356, 6735, 54.51, 252, 68.48, 4, 5462
12357, 6735, 54.50, 252, 68.48, 4, 5463
12358, 6736, 54.51, 252, 68.48, 4, 5463
12359, 6737, 54.51, 252, 68.48, 4, 5463
12360, 6738, 54.51, 252, 68.48, 4, 5463
12361, 6738, 54.51, 252, 68.48, 4, 5464
12362, 6739, 54.51, 252, 68.48, 4, 5464
12363, 6739, 54.51, 252, 68.48, 4, 5465
12364, 6739, 54.51, 252, 68.48, 4, 5466
12365, 6739, 54.50, 252, 68.48, 4, 5467
12366, 6740, 54.50, 252, 68.48, 4, 5467
12367, 6741, 54.51, 252, 68.48, 4, 5467
12368, 6741, 54.50, 252, 68.48, 4, 5468
12369, 6741, 54.50, 252, 68.48, 4, 5469
12370, 6741, 54.49, 252, 68.48, 4, 5470
12371, 6741, 54.49, 252, 68.48, 4, 5471
12372, 6742, 54.49, 252, 68.48, 4, 5471
12373, 6742, 54.49, 252, 68.48, 4, 5472
12374, 6742, 54.49, 252, 68.48, 4, 5473
12375, 6743, 54.49, 252, 68.48, 4, 5473
12376, 6743, 54.48, 252, 68.48, 4, 5474
12377, 6743, 54.48, 252, 68.48, 4, 5474
12378, 6744, 54.48, 252, 68.48, 4, 5474
12379, 6745, 54.49, 252, 68.48, 4, 5474
12380, 6746, 54.49, 252, 68.48, 4, 5474
12381, 6747, 54.49, 252, 68.48, 4, 5474
12382, 6747, 54.49, 252, 68.48, 4, 5475
12383, 6748, 54.49, 252, 68.48, 4, 5475
12384, 6749, 54.50, 252, 68.48, 4, 5475
12385, 6749, 54.49, 252, 68.48, 4, 5476
12386, 6749, 54.49, 252, 68.48, 4, 5477
12387, 6750, 54.49, 252, 68.48, 4, 5477
12388, 6751, 54.50, 252, 68.48, 4, 5477
12389, 6751, 54.49, 252, 68.48, 4, 5478
12390, 6752, 54.50, 252, 68.48, 4, 5478
12391, 6753, 54.50, 252, 68.48, 4, 5478
12392, 6753, 54.49, 252, 68.48, 4, 5479
12393, 6753, 54.49, 252, 68.48, 4, 5480
12394, 6754, 54.49, 252, 68.48, 4, 5480
12395, 6755, 54.50, 252, 68.48, 4, 5480
12396, 6755, 54.49, 252, 68.48, 4, 5481
12397, 6756, 54.50, 252, 68.48, 4, 5481
12398, 6757, 54.50, 252, 68.48, 4, 5481
12399, 6757, 54.50, 252, 68.48, 4, 5482
12400, 6757, 54.49, 252, 68.48, 4, 5483
12401, 6757, 54.49, 252, 68.48, 4, 5484
12402, 6757, 54.48, 252, 68.48, 4, 5485
12403, 6758, 54.49, 252, 68.48, 4, 5485
12404, 6758, 54.48, 252, 68.48, 4, 5486
12405, 6759, 54.49, 252, 68.48, 4, 5486
12406, 6759, 54.48, 252, 68.48, 4, 5487
12407, 6760, 54.49, 252, 68.48, 4, 5487
12408, 6760, 54.48, 252, 68.48, 4, 5488
12409, 6761, 54.48, 252, 68.48, 4, 5488
12410, 6761, 54.48, 252, 68.48, 4, 5489
12411, 6761, 54.48, 252, 68.48, 4, 5490
12412, 6762, 54.48, 252, 68.48, 4, 5490
12413, 6763, 54.48, 252, 68.48, 4, 5490
12414, 6764, 54.49, 252, 68.48, 4, 5490
12415, 6765, 54.49, 252, 68.48, 4, 5490
12416, 6766, 54.49, 252, 68.48, 4, 5490
12417, 6766, 54.49, 252, 68.48, 4, 5491
12418, 6767, 54.49, 252, 68.48, 4, 5491
12419, 6767, 54.49, 252, 68.48, 4, 5492
12420, 6767, 54.48, 252, 68.48, 4, 5493
12421, 6768, 54.49, 252, 68.48, 4, 5493
12422, 6768, 54.48, 252, 68.48, 4, 5494
12423, 6769, 54.49, 252, 68.48, 4, 5494
12424, 6769, 54.48, 252, 68.48, 4, 5495
12425, 6770, 54.49, 252, 68.48, 4, 5495
12426, 6771, 54.49, 252, 68.48, 4, 5495
12427, 6772, 54.49, 252, 68.48, 4, 5495
12428, 6772, 54.49, 252, 68.48, 4, 5496
12429, 6773, 54.49, 252, 68.48, 4, 5496
12430, 6774, 54.50, 252, 68.48, 4, 5496
12431, 6775, 54.50, 252, 68.48, 4, 5496
12432, 6776, 54.50, 252, 68.48, 4, 5496
12433, 6776, 54.50, 252, 68.48, 4, 5497
12434, 6776, 54.50, 252, 68.48, 4, 5498
12435, 6777, 54.50, 252, 68.48, 4, 5498
12436, 6778, 54.50, 252, 68.48, 4, 5498
12437, 6778, 54.50, 252, 68.48, 4, 5499
12438, 6779, 54.50, 252, 68.48, 4, 5499
12439, 6779, 54.50, 252, 68.48, 4, 5500
12440, 6779, 54.49, 252, 68.48, 4, 5501
12441, 6779, 54.49, 252, 68.48, 4, 5502
12442, 6780, 54.49, 252, 68.48, 4, 5502
12443, 6781, 54.50, 252, 68.48, 4, 5502
12444, 6782, 54.50, 252, 68.48, 4, 5502
12445, 6783, 54.50, 252, 68.48, 4, 5502
12446, 6783, 54.50, 252, 68.48, 4, 5503
12447, 6784, 54.50, 252, 68.48, 4, 5503
12448, 6784, 54.50, 252, 68.48, 4, 5504
12449, 6785, 54.50, 252, 68.48, 4, 5504
12450, 6785, 54.50, 252, 68.48, 4, 5504
12451, 6785, 54.49, 252, 68.48, 4, 5505
12452, 6786, 54.50, 252, 68.48, 4, 5505
12453, 6786, 54.49, 252, 68.48, 4, 5506
12454, 6787, 54.50, 252, 68.48, 4, 5506
12455, 6787, 54.49, 252, 68.48, 4, 5507
12456, 6788, 54.50, 252, 68.48, 4, 5507
12457, 6788, 54.49, 252, 68.48, 4, 5508
12458, 6789, 54.50, 252, 68.48, 4, 5508
12459, 6790, 54.50, 252, 68.48, 4, 5508
12460, 6790, 54.49, 252, 68.48, 4, 5509
12461, 6790, 54.49, 252, 68.48, 4, 5510
12462, 6791, 54.49, 252, 68.48, 4, 5510
12463, 6792, 54.50, 252, 68.48, 4, 5510
12464, 6792, 54.49, 252, 68.48, 4, 5511
12465, 6793, 54.50, 252, 68.48, 4, 5511
12466, 6794, 54.50, 252, 68.48, 4, 5511
12467, 6795, 54.50, 252, 68.48, 4, 5511
12468, 6796, 54.51, 252, 68.48, 4, 5511
12469, 6797, 54.51, 252, 68.48, 4, 5511
12470, 6797, 54.51, 252, 68.48, 4, 5512
12471, 6797, 54.50, 252, 68.48, 4, 5513
12472, 6797, 54.50, 252, 68.48, 4, 5514
12473, 6797, 54.49, 252, 68.48, 4, 5515
12474, 6798, 54.50, 252, 68.48, 4, 5515
12475, 6799, 54.50, 252, 68.48, 4, 5515
12476, 6799, 54.50, 252, 68.48, 4, 5516
12477, 6799, 54.49, 252, 68.48, 4, 5517
12478, 6799, 54.49, 252, 68.48, 4, 5518
12479, 6799, 54.48, 252, 68.48, 4, 5519
12480, 6799, 54.48, 252, 68.48, 4, 5520
12481, 6800, 54.48, 252, 68.48, 4, 5520
12482, 6801, 54.49, 252, 68.48, 4, 5520
12483, 6801, 54.48, 252, 68.48, 4, 5521
12484, 6802, 54.49, 252, 68.48, 4, 5521
12485, 6802, 54.48, 252, 68.48, 4, 5522
12486, 6803, 54.49, 252, 68.48, 4, 5522
12487, 6803, 54.48, 252, 68.48, 4, 5522
12488, 6804, 54.48, 252, 68.48, 4, 5522
12489, 6804, 54.48, 252, 68.48, 4, 5523
12490, 6804, 54.48, 252, 68.48, 4, 5524
12491, 6805, 54.48, 252, 68.48, 4, 5524
12492, 6805, 54.47, 252, 68.48, 4, 5525
12493, 6805, 54.47, 252, 68.48, 4, 5526
12494, 6805, 54.47, 252, 68.48, 4, 5527
12495, 6806, 54.47, 252, 68.48, 4, 5527
12496, 6806, 54.47, 252, 68.48, 4, 5528
12497, 6806, 54.46, 252, 68.48, 4, 5529
12498, 6807, 54.46, 252, 68.48, 4, 5529
12499, 6807, 54.46, 252, 68.48, 4, 5530
12500, 6808, 54.46, 252, 68.48, 4, 5530
12501, 6808, 54.46, 252, 68.48, 4, 5531
12502, 6808, 54.46, 252, 68.48, 4, 5532
12503, 6809, 54.46, 252, 68.48, 4, 5532
12504, 6810, 54.46, 252, 68.48, 4, 5532
12505, 6811, 54.47, 252, 68.48, 4, 5532
12506, 6812, 54.47, 252, 68.48, 4, 5532
12507, 6813, 54.47, 252, 68.48, 4, 5532
12508, 6814, 54.48, 252, 68.48, 4, 5532
12509, 6815, 54.48, 252, 68.48, 4, 5532
12510, 6816, 54.48, 252, 68.48, 4, 5532
12511, 6816, 54.48, 252, 68.48, 4, 5533
12512, 6816, 54.48, 252, 68.48, 4, 5534
12513, 6816, 54.47, 252, 68.48, 4, 5535
12514, 6817, 54.47, 252, 68.48, 4, 5535
12515, 6817, 54.47, 252, 68.48, 4, 5536
12516, 6818, 54.47, 252, 68.48, 4, 5536
12517, 6818, 54.47, 252, 68.48, 4, 5537
12518, 6818, 54.47, 252, 68.48, 4, 5538
12519, 6819, 54.47, 252, 68.48, 4, 5538
12520, 6820, 54.47, 252, 68.48, 4, 5538
12521, 6820, 54.47, 252, 68.48, 4, 5539
12522, 6820, 54.46, 252, 68.48, 4, 5540
12523, 6820, 54.46, 252, 68.48, 4, 5541
12524, 6820, 54.46, 252, 68.48, 4, 5542
12525, 6820, 54.45, 252, 68.48, 4, 5543
12526, 6820, 54.45, 252, 68.48, 4, 5544
12527, 6821, 54.45, 252, 68.48, 4, 5544
12528, 6821, 54.45, 252, 68.48, 4, 5545
12529, 6821, 54.44, 252, 68.48, 4, 5546
12530, 6822, 54.45, 252, 68.48, 4, 5546
12531, 6822, 54.44, 252, 68.48, 4, 5547
12532, 6823, 54.44, 252, 68.48, 4, 5547
12533, 6824, 54.45, 252, 68.48, 4, 5547
12534, 6825, 54.45, 252, 68.48, 4, 5547
12535, 6825, 54.45, 252, 68.48, 4, 5548
12536, 6825, 54.44, 252, 68.48, 4, 5549
12537, 6826, 54.45, 252, 68.48, 4, 5549
12538, 6827, 54.45, 252, 68.48, 4, 5549
12539, 6828, 54.45, 252, 68.48, 4, 5549
12540, 6829, 54.46, 252, 68.48, 4, 5549
12541, 6830, 54.46, 252, 68.48, 4, 5549
12542, 6831, 54.46, 252, 68.48, 4, 5549
12543, 6831, 54.46, 252, 68.48, 4, 5550
12544, 6831, 54.46, 252, 68.48, 4, 5551
12545, 6832, 54.46, 252, 68.48, 4, 5551
12546, 6832, 54.46, 252, 68.48, 4, 5552
12547, 6833, 54.46, 252, 68.48, 4, 5552
12548, 6834, 54.46, 252, 68.48, 4, 5552
12549, 6835, 54.47, 252, 68.48, 4, 5552
12550, 6836, 54.47, 252, 68.48, 4, 5552
12551, 6836, 54.47, 252, 68.48, 4, 5553
12552, 6837, 54.47, 252, 68.48, 4, 5553
12553, 6838, 54.47, 252, 68.48, 4, 5553
12554, 6839, 54.48, 252, 68.48, 4, 5553
12555, 6839, 54.47, 252, 68.48, 4, 5554
12556, 6840, 54.48, 252, 68.48, 4, 5554
12557, 6840, 54.47, 252, 68.48, 4, 5555
12558, 6841, 54.48, 252, 68.48, 4, 5555
12559, 6841, 54.47, 252, 68.48, 4, 5556
12560, 6842, 54.47, 252, 68.48, 4, 5556
12561, 6842, 54.47, 252, 68.48, 4, 5557
12562, 6843, 54.47, 252, 68.48, 4, 5557
12563, 6843, 54.47, 252, 68.48, 4, 5558
12564, 6844, 54.47, 252, 68.48, 4, 5558
12565, 6844, 54.47, 252, 68.48, 4, 5559
12566, 6845, 54.47, 252, 68.48, 4, 5559
12567, 6845, 54.47, 252, 68.48, 4, 5560
12568, 6845, 54.46, 252, 68.48, 4, 5561
12569, 6845, 54.46, 252, 68.48, 4, 5562
12570, 6846, 54.46, 252, 68.48, 4, 5562
12571, 6847, 54.47, 252, 68.48, 4, 5562
12572, 6847, 54.46, 252, 68.48, 4, 5563
12573, 6848, 54.47, 252, 68.48, 4, 5563
12574, 6849, 54.47, 252, 68.48, 4, 5563
12575, 6850, 54.47, 252, 68.48, 4, 5563
12576, 6850, 54.47, 252, 68.48, 4, 5564
12577, 6851, 54.47, 252, 68.48, 4, 5564
12578, 6851, 54.47, 252, 68.48, 4, 5565
12579, 6851, 54.46, 252, 68.48, 4, 5566
12580, 6851, 54.46, 252, 68.48, 4, 5567
12581, 6851, 54.46, 252, 68.48, 4, 5568
12582, 6852, 54.46, 252, 68.48, 4, 5568
12583, 6852, 54.45, 252, 68.48, 4, 5569
12584, 6853, 54.46, 252, 68.48, 4, 5569
12585, 6853, 54.45, 252, 68.48, 4, 5570
12586, 6854, 54.46, 252, 68.48, 4, 5570
12587, 6854, 54.45, 252, 68.48, 4, 5571
12588, 6855, 54.46, 252, 68.48, 4, 5571
12589, 6855, 54.45, 252, 68.48, 4, 5572
12590, 6855, 54.45, 252, 68.48, 4, 5573
12591, 6856, 54.45, 252, 68.48, 4, 5573
12592, 6857, 54.46, 252, 68.48, 4, 5573
12593, 6857, 54.45, 252, 68.48, 4, 5574
12594, 6857, 54.45, 252, 68.48, 4, 5575
12595, 6857, 54.44, 252, 68.48, 4, 5576
12596, 6857, 54.44, 252, 68.48, 4, 5577
12597, 6857, 54.43, 252, 68.48, 4, 5578
12598, 6858, 54.44, 252, 68.48, 4, 5578
12599, 6859, 54.44, 252, 68.48, 4, 5578
12600, 6859, 54.44, 252, 68.48, 4, 5579
12601, 6859, 54.43, 252, 68.48, 4, 5580
12602, 6859, 54.43, 252, 68.48, 4, 5581
12603, 6860, 54.43, 252, 68.48, 4, 5581
12604, 6860, 54.43, 252, 68.48, 4, 5582
12605, 6860, 54.42, 252, 68.48, 4, 5583
12606, 6860, 54.42, 252, 68.48, 4, 5584
12607, 6861, 54.42, 252, 68.48, 4, 5584
12608, 6862, 54.43, 252, 68.48, 4, 5584
12609, 6862, 54.42, 252, 68.48, 4, 5585
12610, 6863, 54.43, 252, 68.48, 4, 5585
12611, 6863, 54.42, 252, 68.48, 4, 5586
12612, 6863, 54.42, 252, 68.48, 4, 5587
12613, 6863, 54.41, 252, 68.48, 4, 5588
12614, 6864, 54.42, 252, 68.48, 4, 5588
12615, 6865, 54.42, 252, 68.48, 4, 5588
12616, 6866, 54.42, 252, 68.48, 4, 5588
12617, 6866, 54.42, 252, 68.48, 4, 5589
12618, 6867, 54.42, 252, 68.48, 4, 5589
12619, 6868, 54.43, 252, 68.48, 4, 5589
12620, 6869, 54.43, 252, 68.48, 4, 5589
12621, 6870, 54.43, 252, 68.48, 4, 5589
12622, 6871, 54.44, 252, 68.48, 4, 5589
12623, 6872, 54.44, 252, 68.48, 4, 5589
12624, 6872, 54.44, 252, 68.48, 4, 5589
12625, 6873, 54.44, 252, 68.48, 4, 5589
12626, 6873, 54.44, 252, 68.48, 4, 5590
12627, 6874, 54.44, 252, 68.48, 4, 5590
12628, 6875, 54.44, 252, 68.48, 4, 5590
12629, 6876, 54.45, 252, 68.48, 4, 5590
12630, 6876, 54.44, 252, 68.48, 4, 5591
12631, 6876, 54.44, 252, 68.48, 4, 5592
12632, 6876, 54.43, 252, 68.48, 4, 5593
12633, 6877, 54.44, 252, 68.48, 4, 5593
12634, 6878, 54.44, 252, 68.48, 4, 5593
12635, 6879, 54.44, 252, 68.48, 4, 5593
12636, 6880, 54.45, 252, 68.48, 4, 5593
12637, 6880, 54.44, 252, 68.48, 4, 5594
12638, 6880, 54.44, 252, 68.48, 4, 5595
12639, 6880, 54.43, 252, 68.48, 4, 5596
12640, 6881, 54.44, 252, 68.48, 4, 5596
12641, 6882, 54.44, 252, 68.48, 4, 5596
12642, 6882, 54.44, 252, 68.48, 4, 5597
12643, 6882, 54.43, 252, 68.48, 4, 5598
12644, 6883, 54.44, 252, 68.48, 4, 5598
12645, 6884, 54.44, 252, 68.48, 4, 5598
12646, 6884, 54.44, 252, 68.48, 4, 5599
12647, 6885, 54.44, 252, 68.48, 4, 5599
12648, 6886, 54.44, 252, 68.48, 4, 5599
12649, 6887, 54.45, 252, 68.48, 4, 5599
12650, 6887, 54.44, 252, 68.48, 4, 5600
12651, 6888, 54.45, 252, 68.48, 4, 5600
12652, 6888, 54.44, 252, 68.48, 4, 5601
12653, 6888, 54.44, 252, 68.48, 4, 5602
12654, 6889, 54.44, 252, 68.48, 4, 5602
12655, 6890, 54.44, 252, 68.48, 4, 5602
12656, 6891, 54.45, 252, 68.48, 4, 5602
12657, 6892, 54.45, 252, 68.48, 4, 5602
12658, 6892, 54.45, 252, 68.48, 4, 5603
12659, 6893, 54.45, 252, 68.48, 4, 5603
12660, 6894, 54.45, 252, 68.48, 4, 5603
12661, 6895, 54.46, 252, 68.48, 4, 5603
12662, 6896, 54.46, 252, 68.48, 4, 5603
12663, 6896, 54.46, 252, 68.48, 4, 5604
12664, 6896, 54.45, 252, 68.48, 4, 5605
12665, 6897, 54.46, 252, 68.48, 4, 5605
12666, 6898, 54.46, 252, 68.48, 4, 5605
12667, 6899, 54.46, 252, 68.48, 4, 5605
12668, 6900, 54.47, 252, 68.48, 4, 5605
12669, 6901, 54.47, 252, 68.48, 4, 5605
12670, 6902, 54.48, 252, 68.48, 4, 5605
12671, 6903, 54.48, 252, 68.48, 4, 5605
12672, 6904, 54.48, 252, 68.48, 4, 5605
12673, 6905, 54.49, 252, 68.48, 4, 5605
12674, 6905, 54.48, 252, 68.48, 4, 5606
12675, 6906, 54.49, 252, 68.48, 4, 5606
12676, 6907, 54.49, 252, 68.48, 4, 5606
12677, 6908, 54.49, 252, 68.48, 4, 5606
12678, 6909, 54.50, 252, 68.48, 4, 5606
12679, 6910, 54.50, 252, 68.48, 4, 5606
12680, 6910, 54.50, 252, 68.48, 4, 5607
12681, 6910, 54.49, 252, 68.48, 4, 5608
12682, 6911, 54.49, 252, 68.48, 4, 5608
12683, 6911, 54.49, 252, 68.48, 4, 5609
12684, 6912, 54.49, 252, 68.48, 4, 5609
12685, 6913, 54.50, 252, 68.48, 4, 5609
12686, 6914, 54.50, 252, 68.48, 4, 5609
12687, 6914, 54.50, 252, 68.48, 4, 5610
12688, 6914, 54.49, 252, 68.48, 4, 5611
12689, 6915, 54.50, 252, 68.48, 4, 5611
12690, 6916, 54.50, 252, 68.48, 4, 5611
12691, 6917, 54.50, 252, 68.48, 4, 5611
12692, 6917, 54.50, 252, 68.48, 4, 5612
12693, 6917, 54.49, 252, 68.48, 4, 5613
12694, 6918, 54.50, 252, 68.48, 4, 5613
12695, 6919, 54.50, 252, 68.48, 4, 5613
12696, 6919, 54.50, 252, 68.48, 4, 5614
12697, 6920, 54.50, 252, 68.48, 4, 5614
12698, 6921, 54.50, 252, 68.48, 4, 5614
12699, 6921, 54.50, 252, 68.48, 4, 5615
12700, 6922, 54.50, 252, 68.48, 4, 5615
12701, 6922, 54.50, 252, 68.48, 4, 5616
12702, 6922, 54.50, 252, 68.48, 4, 5617
12703, 6923, 54.50, 252, 68.48, 4, 5617
12704, 6924, 54.50, 252, 68.48, 4, 5617
12705, 6925, 54.51, 252, 68.48, 4, 5617
12706, 6926, 54.51, 252, 68.48, 4, 5617
12707, 6926, 54.51, 252, 68.48, 4, 5618
12708, 6927, 54.51, 252, 68.48, 4, 5618
12709, 6928, 54.51, 252, 68.48, 4, 5618
12710, 6929, 54.52, 252, 68.48, 4, 5618
12711, 6930, 54.52, 252, 68.48, 4, 5618
12712, 6931, 54.52, 252, 68.48, 4, 5618
12713, 6931, 54.52, 252, 68.48, 4, 5619
12714, 6932, 54.52, 252, 68.48, 4, 5619
12715, 6932, 54.52, 252, 68.48, 4, 5620
12716, 6932, 54.51, 252, 68.48, 4, 5621
12717, 6933, 54.52, 252, 68.48, 4, 5621
12718, 6934, 54.52, 252, 68.48, 4, 5621
12719, 6935, 54.52, 252, 68.48, 4, 5621
12720, 6936, 54.53, 252, 68.48, 4, 5621
12721, 6936, 54.52, 252, 68.48, 4, 5622
12722, 6937, 54.53, 252, 68.48, 4, 5622
12723, 6937, 54.52, 252, 68.48, 4, 5623
12724, 6937, 54.52, 252, 68.48, 4, 5624
12725, 6937, 54.51, 252, 68.48, 4, 5625
12726, 6937, 54.51, 252, 68.48, 4, 5625
12727, 6937, 54.51, 252, 68.48, 4, 5626
12728, 6938, 54.51, 252, 68.48, 4, 5626
12729, 6939, 54.51, 252, 68.48, 4, 5626
12730, 6940, 54.52, 252, 68.48, 4, 5626
12731, 6941, 54.52, 252, 68.48, 4, 5626
12732, 6941, 54.52, 252, 68.48, 4, 5627
12733, 6942, 54.52, 252, 68.48, 4, 5627
12734, 6942, 54.52, 252, 68.48, 4, 5628
12735, 6943, 54.52, 252, 68.48, 4, 5628
12736, 6944, 54.52, 252, 68.48, 4, 5628
12737, 6945, 54.53, 252, 68.48, 4, 5628
12738, 6945, 54.52, 252, 68.48, 4, 5629
12739, 6946, 54.53, 252, 68.48, 4, 5629
12740, 6947, 54.53, 252, 68.48, 4, 5629
12741, 6947, 54.52, 252, 68.48, 4, 5630
12742, 6948, 54.53, 252, 68.48, 4, 5630
12743, 6948, 54.52, 252, 68.48, 4, 5631
12744, 6948, 54.52, 252, 68.48, 4, 5632
12745, 6948, 54.52, 252, 68.48, 4, 5633
12746, 6949, 54.52, 252, 68.48, 4, 5633
12747, 6950, 54.52, 252, 68.48, 4, 5633
12748, 6950, 54.52, 252, 68.48, 4, 5634
12749, 6951, 54.52, 252, 68.48, 4, 5634
12750, 6952, 54.53, 252, 68.48, 4, 5634
12751, 6952, 54.52, 252, 68.48, 4, 5635
12752, 6952, 54.52, 252, 68.48, 4, 5636
12753, 6952, 54.51, 252, 68.48, 4, 5637
12754, 6953, 54.52, 252, 68.48, 4, 5637
12755, 6954, 54.52, 252, 68.48, 4, 5637
12756, 6954, 54.52, 252, 68.48, 4, 5638
12757, 6954, 54.51, 252, 68.48, 4, 5639
12758, 6955, 54.51, 252, 68.48, 4, 5639
12759, 6956, 54.52, 252, 68.48, 4, 5639
12760, 6956, 54.51, 252, 68.48, 4, 5640
12761, 6956, 54.51, 252, 68.48, 4, 5641
12762, 6957, 54.51, 252, 68.48, 4, 5641
12763, 6957, 54.51, 252, 68.48, 4, 5642
12764, 6957, 54.50, 252, 68.48, 4, 5643
12765, 6958, 54.51, 252, 68.48, 4, 5643
12766, 6959, 54.51, 252, 68.48, 4, 5643
12767, 6960, 54.52, 252, 68.48, 4, 5643
12768, 6961, 54.52, 252, 68.48, 4, 5643
12769, 6962, 54.52, 252, 68.48, 4, 5643
12770, 6963, 54.53, 252, 68.48, 4, 5643
12771, 6964, 54.53, 252, 68.48, 4, 5643
12772, 6964, 54.53, 252, 68.48, 4, 5644
12773, 6964, 54.52, 252, 68.48, 4, 5645
12774, 6964, 54.52, 252, 68.48, 4, 5646
12775, 6965, 54.52, 252, 68.48, 4, 5646
12776, 6966, 54.52, 252, 68.48, 4, 5646
12777, 6966, 54.52, 252, 68.48, 4, 5646
12778, 6967, 54.52, 252, 68.48, 4, 5646
12779, 6968, 54.53, 252, 68.48, 4, 5646
12780, 6968, 54.52, 252, 68.48, 4, 5647
12781, 6968, 54.52, 252, 68.48, 4, 5648
12782, 6969, 54.52, 252, 68.48, 4, 5648
12783, 6970, 54.53, 252, 68.48, 4, 5648
12784, 6970, 54.52, 252, 68.48, 4, 5649
12785, 6970, 54.52, 252, 68.48, 4, 5649
12786, 6970, 54.51, 252, 68.48, 4, 5650
12787, 6971, 54.52, 252, 68.48, 4, 5650
12788, 6971, 54.51, 252, 68.48, 4, 5651
12789, 6972, 54.52, 252, 68.48, 4, 5651
12790, 6973, 54.52, 252, 68.48, 4, 5651
12791, 6974, 54.52, 252, 68.48, 4, 5651
12792, 6974, 54.52, 252, 68.48, 4, 5652
12793, 6974, 54.51, 252, 68.48, 4, 5653
12794, 6975, 54.52, 252, 68.48, 4, 5653
12795, 6975, 54.51, 252, 68.48, 4, 5654
12796, 6975, 54.51, 252, 68.48, 4, 5655
12797, 6976, 54.51, 252, 68.48, 4, 5655
12798, 6977, 54.52, 252, 68.48, 4, 5655
12799, 6978, 54.52, 252, 68.48, 4, 5655
12800, 6978, 54.52, 252, 68.48, 4, 5656
12801, 6978, 54.51, 252, 68.48, 4, 5657
12802, 6979, 54.51, 252, 68.48, 4, 5657
12803, 6980, 54.52, 252, 68.48, 4, 5657
12804, 6980, 54.51, 252, 68.48, 4, 5658
12805, 6981, 54.52, 252, 68.48, 4, 5658
12806, 6982, 54.52, 252, 68.48, 4, 5658
12807, 6982, 54.52, 252, 68.48, 4, 5659
12808, 6982, 54.51, 252, 68.48, 4, 5660
12809, 6982, 54.51, 252, 68.48, 4, 5661
12810, 6983, 54.51, 252, 68.48, 4, 5661
12811, 6984, 54.52, 252, 68.48, 4, 5661
12812, 6984, 54.51, 252, 68.48, 4, 5662
12813, 6985, 54.51, 252, 68.48, 4, 5662
12814, 6985, 54.51, 252, 68.48, 4, 5663
12815, 6985, 54.51, 252, 68.48, 4, 5664
12816, 6985, 54.50, 252, 68.48, 4, 5665
12817, 6985, 54.50, 252, 68.48, 4, 5666
12818, 6986, 54.50, 252, 68.48, 4, 5666
12819, 6987, 54.51, 252, 68.48, 4, 5666
12820, 6988, 54.51, 252, 68.48, 4, 5666
12821, 6988, 54.50, 252, 68.48, 4, 5667
12822, 6989, 54.51, 252, 68.48, 4, 5667
12823, 6989, 54.50, 252, 68.48, 4, 5668
12824, 6990, 54.51, 252, 68.48, 4, 5668
12825, 6990, 54.50, 252, 68.48, 4, 5669
12826, 6990, 54.50, 252, 68.48, 4, 5670
12827, 6990, 54.49, 252, 68.48, 4, 5671
12828, 6991, 54.50, 252, 68.48, 4, 5671
12829, 6991, 54.49, 252, 68.48, 4, 5672
12830, 6992, 54.50, 252, 68.48, 4, 5672
12831, 6992, 54.49, 252, 68.48, 4, 5673
12832, 6992, 54.49, 252, 68.48, 4, 5673
12833, 6992, 54.48, 252, 68.48, 4, 5674
12834, 6993, 54.49, 252, 68.48, 4, 5674
12835, 6994, 54.49, 252, 68.48, 4, 5674
12836, 6995, 54.50, 252, 68.48, 4, 5674
12837, 6996, 54.50, 252, 68.48, 4, 5674
12838, 6997, 54.50, 252, 68.48, 4, 5674
12839, 6997, 54.50, 252, 68.48, 4, 5675
12840, 6997, 54.49, 252, 68.48, 4, 5676
12841, 6997, 54.49, 252, 68.48, 4, 5677
12842, 6998, 54.49, 252, 68.48, 4, 5677
12843, 6998, 54.49, 252, 68.48, 4, 5678
12844, 6999, 54.49, 252, 68.48, 4, 5678
12845, 7000, 54.50, 252, 68.48, 4, 5678
12846, 7001, 54.50, 252, 68.48, 4, 5678
12847, 7001, 54.50, 252, 68.48, 4, 5679
12848, 7002, 54.50, 252, 68.48, 4, 5679
12849, 7003, 54.50, 252, 68.48, 4, 5679
12850, 7003, 54.50, 252, 68.48, 4, 5680
12851, 7004, 54.50, 252, 68.48, 4, 5680
12852, 7005, 54.51, 252, 68.48, 4, 5680
12853, 7006, 54.51, 252, 68.48, 4, 5680
12854, 7006, 54.50, 252, 68.48, 4, 5681
12855, 7006, 54.50, 252, 68.48, 4, 5682
12856, 7006, 54.50, 252, 68.48, 4, 5683
12857, 7007, 54.50, 252, 68.48, 4, 5683
12858, 7007, 54.50, 252, 68.48, 4, 5684
12859, 7008, 54.50, 252, 68.48, 4, 5684
12860, 7008, 54.49, 252, 68.48, 4, 5684
12861, 7009, 54.50, 252, 68.48, 4, 5684
12862, 7009, 54.49, 252, 68.48, 4, 5685
12863, 7010, 54.50, 252, 68.48, 4, 5685
12864, 7010, 54.49, 252, 68.48, 4, 5686
12865, 7011, 54.50, 252, 68.48, 4, 5686
12866, 7011, 54.49, 252, 68.48, 4, 5687
12867, 7012, 54.50, 252, 68.48, 4, 5687
12868, 7012, 54.49, 252, 68.48, 4, 5688
12869, 7013, 54.50, 252, 68.48, 4, 5688
12870, 7014, 54.50, 252, 68.48, 4, 5688
12871, 7015, 54.50, 252, 68.48, 4, 5688
12872, 7015, 54.50, 252, 68.48, 4, 5688
12873, 7015, 54.49, 252, 68.48, 4, 5688
12874, 7015, 54.49, 252, 68.48, 4, 5689
12875, 7016, 54.49, 252, 68.48, 4, 5689
12876, 7016, 54.49, 252, 68.48, 4, 5690
12877, 7016, 54.48, 252, 68.48, 4, 5691
12878, 7016, 54.48, 252, 68.48, 4, 5692
12879, 7017, 54.48, 252, 68.48, 4, 5692
12880, 7018, 54.49, 252, 68.48, 4, 5692
12881, 7018, 54.48, 252, 68.48, 4, 5693
12882, 7018, 54.48, 252, 68.48, 4, 5694
12883, 7019, 54.48, 252, 68.48, 4, 5694
12884, 7020, 54.49, 252, 68.48, 4, 5694
12885, 7021, 54.49, 252, 68.48, 4, 5694
12886, 7022, 54.49, 252, 68.48, 4, 5694
12887, 7023, 54.50, 252, 68.48, 4, 5694
12888, 7024, 54.50, 252, 68.48, 4, 5694
12889, 7025, 54.50, 252, 68.48, 4, 5694
12890, 7025, 54.50, 252, 68.48, 4, 5695
12891, 7025, 54.50, 252, 68.48, 4, 5696
12892, 7025, 54.49, 252, 68.48, 4, 5697
12893, 7025, 54.49, 252, 68.48, 4, 5698
12894, 7026, 54.49, 252, 68.48, 4, 5698
12895, 7026, 54.49, 252, 68.48, 4, 5699
12896, 7027, 54.49, 252, 68.48, 4, 5699
12897, 7027, 54.49, 252, 68.48, 4, 5700
12898, 7028, 54.49, 252, 68.48, 4, 5700
12899, 7029, 54.49, 252, 68.48, 4, 5700
12900, 7029, 54.49, 252, 68.48, 4, 5701
12901, 7029, 54.48, 252, 68.48, 4, 5702
12902, 7030, 54.49, 252, 68.48, 4, 5702
12903, 7030, 54.48, 252, 68.48, 4, 5703
12904, 7030, 54.48, 252, 68.48, 4, 5704
12905, 7031, 54.48, 252, 68.48, 4, 5704
12906, 7032, 54.49, 252, 68.48, 4, 5704
12907, 7033, 54.49, 252, 68.48, 4, 5704
12908, 7034, 54.49, 252, 68.48, 4, 5704
12909, 7034, 54.49, 252, 68.48, 4, 5705
12910, 7035, 54.49, 252, 68.48, 4, 5705
12911, 7035, 54.49, 252, 68.48, 4, 5706
12912, 7036, 54.49, 252, 68.48, 4, 5706
12913, 7037, 54.50, 252, 68.48, 4, 5706
12914, 7038, 54.50, 252, 68.48, 4, 5706
12915, 7038, 54.49, 252, 68.48, 4, 5707
12916, 7039, 54.50, 252, 68.48, 4, 5707
12917, 7040, 54.50, 252, 68.48, 4, 5707
12918, 7040, 54.50, 252, 68.48, 4, 5708
12919, 7040, 54.49, 252, 68.48, 4, 5709
12920, 7041, 54.50, 252, 68.48, 4, 5709
12921, 7042, 54.50, 252, 68.48, 4, 5709
12922, 7042, 54.50, 252, 68.48, 4, 5710
12923, 7042, 54.49, 252, 68.48, 4, 5711
12924, 7043, 54.50, 252, 68.48, 4, 5711
12925, 7043, 54.49, 252, 68.48, 4, 5712
12926, 7043, 54.49, 252, 68.48, 4, 5713
12927, 7043, 54.48, 252, 68.48, 4, 5714
12928, 7043, 54.48, 252, 68.48, 4, 5715
12929, 7044, 54.48, 252, 68.48, 4, 5715
12930, 7044, 54.48, 252, 68.48, 4, 5716
12931, 7044, 54.47, 252, 68.48, 4, 5717
12932, 7044, 54.47, 252, 68.48, 4, 5718
12933, 7044, 54.47, 252, 68.48, 4, 5719
12934, 7045, 54.47, 252, 68.48, 4, 5719
12935, 7046, 54.47, 252, 68.48, 4, 5719
12936, 7046, 54.47, 252, 68.48, 4, 5719
12937, 7046, 54.46, 252, 68.48, 4, 5720
12938, 7047, 54.47, 252, 68.48, 4, 5720
12939, 7047, 54.46, 252, 68.48, 4, 5721
12940, 7048, 54.47, 252, 68.48, 4, 5721
12941, 7049, 54.47, 252, 68.48, 4, 5721
12942, 7050, 54.47, 252, 68.48, 4, 5721
12943, 7050, 54.47, 252, 68.48, 4, 5722
12944, 7050, 54.47, 252, 68.48, 4, 5723
12945, 7051, 54.47, 252, 68.48, 4, 5723
12946, 7052, 54.47, 252, 68.48, 4, 5723
12947, 7053, 54.48, 252, 68.48, 4, 5723
12948, 7054, 54.48, 252, 68.48, 4, 5723
12949, 7054, 54.48, 252, 68.48, 4, 5723
12950, 7054, 54.47, 252, 68.48, 4, 5724
12951, 7054, 54.47, 252, 68.48, 4, 5725
12952, 7054, 54.46, 252, 68.48, 4, 5726
12953, 7054, 54.46, 252, 68.48, 4, 5727
12954, 7054, 54.45, 252, 68.48, 4, 5728
12955, 7054, 54.45, 252, 68.48, 4, 5729
12956, 7054, 54.45, 252, 68.48, 4, 5730
12957, 7055, 54.45, 252, 68.48, 4, 5730
12958, 7056, 54.45, 252, 68.48, 4, 5730
12959, 7057, 54.46, 252, 68.48, 4, 5730
12960, 7057, 54.45, 252, 68.48, 4, 5731
12961, 7058, 54.46, 252, 68.48, 4, 5731
12962, 7059, 54.46, 252, 68.48, 4, 5731
12963, 7060, 54.46, 252, 68.48, 4, 5731
12964, 7061, 54.47, 252, 68.48, 4, 5731
12965, 7061, 54.46, 252, 68.48, 4, 5732
12966, 7061, 54.46, 252, 68.48, 4, 5733
12967, 7062, 54.46, 252, 68.48, 4, 5733
12968, 7062, 54.46, 252, 68.48, 4, 5734
12969, 7063, 54.46, 252, 68.48, 4, 5734
12970, 7063, 54.46, 252, 68.48, 4, 5735
12971, 7064, 54.46, 252, 68.48, 4, 5735
12972, 7065, 54.46, 252, 68.48, 4, 5735
12973, 7065, 54.46, 252, 68.48, 4, 5736
12974, 7065, 54.46, 252, 68.48, 4, 5737
12975, 7066, 54.46, 252, 68.48, 4, 5737
12976, 7067, 54.46, 252, 68.48, 4, 5737
12977, 7068, 54.47, 252, 68.48, 4, 5737
12978, 7069, 54.47, 252, 68.48, 4, 5737
12979, 7070, 54.47, 252, 68.48, 4, 5737
12980, 7070, 54.47, 252, 68.48, 4, 5738
12981, 7071, 54.47, 252, 68.48, 4, 5738
12982, 7072, 54.48, 252, 68.48, 4, 5738
12983, 7073, 54.48, 252, 68.48, 4, 5738
12984, 7074, 54.48, 252, 68.48, 4, 5738
12985, 7074, 54.48, 252, 68.48, 4, 5739
12986, 7075, 54.48, 252, 68.48, 4, 5739
12987, 7076, 54.49, 252, 68.48, 4, 5739
12988, 7076, 54.48, 252, 68.48, 4, 5740
12989, 7076, 54.48, 252, 68.48, 4, 5741
12990, 7077, 54.48, 252, 68.48, 4, 5741
12991, 7078, 54.48, 252, 68.48, 4, 5741
12992, 7078, 54.48, 252, 68.48, 4, 5742
12993, 7078, 54.48, 252, 68.48, 4, 5743
12994, 7079, 54.48, 252, 68.48, 4, 5743
12995, 7080, 54.48, 252, 68.48, 4, 5743
12996, 7080, 54.48, 252, 68.48, 4, 5744
12997, 7080, 54.47, 252, 68.48, 4, 5745
12998, 7081, 54.48, 252, 68.48, 4, 5745
12999, 7082, 54.48, 252, 68.48, 4, 5745
13000, 7082, 54.48, 252, 68.48, 4, 5746
13001, 7082, 54.47, 252, 68.48, 4, 5747
13002, 7083, 54.48, 252, 68.48, 4, 5747
13003, 7084, 54.48, 252, 68.48, 4, 5747
13004, 7084, 54.48, 252, 68.48, 4, 5748
13005, 7085, 54.48, 252, 68.48, 4, 5748
13006, 7085, 54.47, 252, 68.48, 4, 5749
13007, 7085, 54.47, 252, 68.48, 4, 5750
13008, 7086, 54.47, 252, 68.48, 4, 5750
13009, 7086, 54.47, 252, 68.48, 4, 5751
13010, 7087, 54.47, 252, 68.48, 4, 5751
13011, 7088, 54.48, 252, 68.48, 4, 5751
13012, 7088, 54.47, 252, 68.48, 4, 5752
13013, 7088, 54.47, 252, 68.48, 4, 5753
13014, 7089, 54.47, 252, 68.48, 4, 5753
13015, 7090, 54.48, 252, 68.48, 4, 5753
13016, 7090, 54.47, 252, 68.48, 4, 5754
13017, 7090, 54.47, 252, 68.48, 4, 5755
13018, 7090, 54.46, 252, 68.48, 4, 5756
13019, 7091, 54.47, 252, 68.48, 4, 5756
13020, 7092, 54.47, 252, 68.48, 4, 5756
13021, 7093, 54.47, 252, 68.48, 4, 5756
13022, 7093, 54.47, 252, 68.48, 4, 5757
13023, 7093, 54.47, 252, 68.48, 4, 5758
13024, 7094, 54.47, 252, 68.48, 4, 5758
13025, 7095, 54.47, 252, 68.48, 4, 5758
13026, 7095, 54.47, 252, 68.48, 4, 5759
13027, 7095, 54.46, 252, 68.48, 4, 5760
13028, 7095, 54.46, 252, 68.48, 4, 5761
13029, 7096, 54.46, 252, 68.48, 4, 5761
13030, 7097, 54.47, 252, 68.48, 4, 5761
13031, 7098, 54.47, 252, 68.48, 4, 5761
13032, 7099, 54.47, 252, 68.48, 4, 5761
13033, 7099, 54.47, 252, 68.48, 4, 5762
13034, 7099, 54.47, 252, 68.48, 4, 5763
13035, 7099, 54.46, 252, 68.48, 4, 5764
13036, 7099, 54.46, 252, 68.48, 4, 5765
13037, 7100, 54.46, 252, 68.48, 4, 5765
13038, 7101, 54.46, 252, 68.48, 4, 5765
13039, 7102, 54.47, 252, 68.48, 4, 5765
13040, 7103, 54.47, 252, 68.48, 4, 5765
13041, 7104, 54.47, 252, 68.48, 4, 5765
13042, 7105, 54.48, 252, 68.48, 4, 5765
13043, 7106, 54.48, 252, 68.48, 4, 5765
13044, 7107, 54.48, 252, 68.48, 4, 5765
13045, 7108, 54.49, 252, 68.48, 4, 5765
13046, 7108, 54.48, 252, 68.48, 4, 5766
13047, 7109, 54.49, 252, 68.48, 4, 5766
13048, 7109, 54.48, 252, 68.48, 4, 5767
13049, 7109, 54.48, 252, 68.48, 4, 5768
13050, 7109, 54.48, 252, 68.48, 4, 5769
13051, 7109, 54.47, 252, 68.48, 4, 5770
13052, 7110, 54.47, 252, 68.48, 4, 5770
13053, 7111, 54.48, 252, 68.48, 4, 5770
13054, 7112, 54.48, 252, 68.48, 4, 5770
13055, 7112, 54.48, 252, 68.48, 4, 5771
13056, 7113, 54.48, 252, 68.48, 4, 5771
13057, 7114, 54.48, 252, 68.48, 4, 5771
13058, 7115, 54.49, 252, 68.48, 4, 5771
13059, 7116, 54.49, 252, 68.48, 4, 5771
13060, 7116, 54.49, 252, 68.48, 4, 5772
13061, 7116, 54.48, 252, 68.48, 4, 5773
13062, 7117, 54.49, 252, 68.48, 4, 5773
13063, 7118, 54.49, 252, 68.48, 4, 5773
13064, 7119, 54.49, 252, 68.48, 4, 5773
13065, 7119, 54.49, 252, 68.48, 4, 5774
13066, 7120, 54.49, 252, 68.48, 4, 5774
13067, 7120, 54.49, 252, 68.48, 4, 5775
13068, 7120, 54.48, 252, 68.48, 4, 5776
13069, 7120, 54.48, 252, 68.48, 4, 5777
13070, 7121, 54.48, 252, 68.48, 4, 5777
13071, 7122, 54.49, 252, 68.48, 4, 5777
13072, 7123, 54.49, 252, 68.48, 4, 5777
13073, 7123, 54.49, 252, 68.48, 4, 5778
13074, 7123, 54.48, 252, 68.48, 4, 5779
13075, 7124, 54.49, 252, 68.48, 4, 5779
13076, 7125, 54.49, 252, 68.48, 4, 5779
13077, 7126, 54.49, 252, 68.48, 4, 5779
13078, 7126, 54.49, 252, 68.48, 4, 5780
13079, 7127, 54.49, 252, 68.48, 4, 5780
13080, 7127, 54.49, 252, 68.48, 4, 5781
13081, 7128, 54.49, 252, 68.48, 4, 5781
13082, 7128, 54.49, 252, 68.48, 4, 5782
13083, 7128, 54.48, 252, 68.48, 4, 5783
13084, 7128, 54.48, 252, 68.48, 4, 5784
13085, 7129, 54.48, 252, 68.48, 4, 5784
13086, 7130, 54.49, 252, 68.48, 4, 5784
13087, 7131, 54.49, 252, 68.48, 4, 5784
13088, 7132, 54.49, 252, 68.48, 4, 5784
13089, 7132, 54.49, 252, 68.48, 4, 5785
13090, 7132, 54.48, 252, 68.48, 4, 5786
13091, 7133, 54.49, 252, 68.48, 4, 5786
13092, 7134, 54.49, 252, 68.48, 4, 5786
13093, 7135, 54.49, 252, 68.48, 4, 5786
13094, 7136, 54.50, 252, 68.48, 4, 5786
13095, 7137, 54.50, 252, 68.48, 4, 5786
13096, 7138, 54.51, 252, 68.48, 4, 5786
13097, 7139, 54.51, 252, 68.48, 4, 5786
13098, 7139, 54.50, 252, 68.48, 4, 5787
13099, 7140, 54.51, 252, 68.48, 4, 5787
13100, 7140, 54.50, 252, 68.48, 4, 5788
13101, 7141, 54.51, 252, 68.48, 4, 5788
13102, 7141, 54.50, 252, 68.48, 4, 5789
13103, 7142, 54.51, 252, 68.48, 4, 5789
13104, 7142, 54.50, 252, 68.48, 4, 5790
13105, 7143, 54.51, 252, 68.48, 4, 5790
13106, 7144, 54.51, 252, 68.48, 4, 5790
13107, 7144, 54.51, 252, 68.48, 4, 5791
13108, 7145, 54.51, 252, 68.48, 4, 5791
13109, 7146, 54.51, 252, 68.48, 4, 5791
13110, 7147, 54.52, 252, 68.48, 4, 5791
13111, 7148, 54.52, 252, 68.48, 4, 5791
13112, 7148, 54.51, 252, 68.48, 4, 5792
13113, 7148, 54.51, 252, 68.48, 4, 5793
13114, 7149, 54.51, 252, 68.48, 4, 5793
13115, 7150, 54.52, 252, 68.48, 4, 5793
13116, 7150, 54.51, 252, 68.48, 4, 5794
13117, 7150, 54.51, 252, 68.48, 4, 5795
13118, 7151, 54.51, 252, 68.48, 4, 5795
13119, 7152, 54.52, 252, 68.48, 4, 5795
13120, 7153, 54.52, 252, 68.48, 4, 5795
13121, 7154, 54.52, 252, 68.48, 4, 5795
13122, 7155, 54.53, 252, 68.48, 4, 5795
13123, 7156, 54.53, 252, 68.48, 4, 5795
13124, 7157, 54.53, 252, 68.48, 4, 5795
13125, 7157, 54.53, 252, 68.48, 4, 5796
13126, 7158, 54.53, 252, 68.48, 4, 5796
13127, 7158, 54.53, 252, 68.48, 4, 5797
13128, 7158, 54.52, 252, 68.48, 4, 5798
13129, 7158, 54.52, 252, 68.48, 4, 5799
13130, 7158, 54.52, 252, 68.48, 4, 5800
13131, 7159, 54.52, 252, 68.48, 4, 5800
13132, 7159, 54.52, 252, 68.48, 4, 5801
13133, 7159, 54.51, 252, 68.48, 4, 5802
13134, 7159, 54.51, 252, 68.48, 4, 5803
13135, 7159, 54.50, 252, 68.48, 4, 5804
13136, 7159, 54.50, 252, 68.48, 4, 5805
13137, 7160, 54.50, 252, 68.48, 4, 5805
13138, 7161, 54.51, 252, 68.48, 4, 5805
13139, 7162, 54.51, 252, 68.48, 4, 5805
13140, 7162, 54.51, 252, 68.48, 4, 5806
13141, 7162, 54.50, 252, 68.48, 4, 5807
13142, 7163, 54.50, 252, 68.48, 4, 5807
13143, 7164, 54.51, 252, 68.48, 4, 5807
13144, 7165, 54.51, 252, 68.48, 4, 5807
13145, 7165, 54.51, 252, 68.48, 4, 5808
13146, 7166, 54.51, 252, 68.48, 4, 5808
13147, 7167, 54.51, 252, 68.48, 4, 5808
13148, 7167, 54.51, 252, 68.48, 4, 5809
13149, 7167, 54.51, 252, 68.48, 4, 5810
13150, 7167, 54.50, 252, 68.48, 4, 5811
13151, 7168, 54.51, 252, 68.48, 4, 5811
13152, 7168, 54.50, 252, 68.48, 4, 5812
13153, 7169, 54.50, 252, 68.48, 4, 5812
13154, 7170, 54.51, 252, 68.48, 4, 5812
13155, 7170, 54.50, 252, 68.48, 4, 5813
13156, 7170, 54.50, 252, 68.48, 4, 5813
13157, 7171, 54.50, 252, 68.48, 4, 5813
13158, 7171, 54.50, 252, 68.48, 4, 5814
13159, 7172, 54.50, 252, 68.48, 4, 5814
13160, 7173, 54.51, 252, 68.48, 4, 5814
13161, 7173, 54.50, 252, 68.48, 4, 5815
13162, 7173, 54.50, 252, 68.48, 4, 5816
13163, 7173, 54.49, 252, 68.48, 4, 5817
13164, 7173, 54.49, 252, 68.48, 4, 5818
13165, 7174, 54.49, 252, 68.48, 4, 5818
13166, 7175, 54.50, 252, 68.48, 4, 5818
13167, 7176, 54.50, 252, 68.48, 4, 5818
13168, 7177, 54.50, 252, 68.48, 4, 5818
13169, 7177, 54.50, 252, 68.48, 4, 5819
13170, 7177, 54.50, 252, 68.48, 4, 5820
13171, 7178, 54.50, 252, 68.48, 4, 5820
13172, 7179, 54.50, 252, 68.48, 4, 5820
13173, 7180, 54.51, 252, 68.48, 4, 5820
13174, 7180, 54.50, 252, 68.48, 4, 5821
13175, 7181, 54.50, 252, 68.48, 4, 5821
13176, 7182, 54.51, 252, 68.48, 4, 5821
13177, 7183, 54.51, 252, 68.48, 4, 5821
13178, 7183, 54.51, 252, 68.48, 4, 5822
13179, 7183, 54.50, 252, 68.48, 4, 5823
13180, 7183, 54.50, 252, 68.48, 4, 5824
13181, 7183, 54.50, 252, 68.48, 4, 5825
13182, 7184, 54.50, 252, 68.48, 4, 5825
13183, 7184, 54.49, 252, 68.48, 4, 5826
13184, 7185, 54.50, 252, 68.48, 4, 5826
13185, 7186, 54.50, 252, 68.48, 4, 5826
13186, 7186, 54.50, 252, 68.48, 4, 5827
13187, 7187, 54.50, 252, 68.48, 4, 5827
13188, 7188, 54.50, 252, 68.48, 4, 5827
13189, 7189, 54.51, 252, 68.48, 4, 5827
13190, 7189, 54.50, 252, 68.48, 4, 5828
13191, 7190, 54.51, 252, 68.48, 4, 5828
13192, 7191, 54.51, 252, 68.48, 4, 5828
13193, 7191, 54.51, 252, 68.48, 4, 5829
13194, 7191, 54.50, 252, 68.48, 4, 5830
13195, 7192, 54.51, 252, 68.48, 4, 5830
13196, 7193, 54.51, 252, 68.48, 4, 5830
13197, 7193, 54.50, 252, 68.48, 4, 5831
13198, 7194, 54.51, 252, 68.48, 4, 5831
13199, 7194, 54.50, 252, 68.48, 4, 5832
13200, 7195, 54.51, 252, 68.48, 4, 5832
13201, 7196, 54.51, 252, 68.48, 4, 5832
13202, 7197, 54.51, 252, 68.48, 4, 5832
13203, 7198, 54.52, 252, 68.48, 4, 5832
13204, 7199, 54.52, 252, 68.48, 4, 5832
13205, 7200, 54.52, 252, 68.48, 4, 5832
13206, 7200, 54.52, 252, 68.48, 4, 5833
13207, 7200, 54.52, 252, 68.48, 4, 5834
13208, 7201, 54.52, 252, 68.48, 4, 5834
13209, 7201, 54.52, 252, 68.48, 4, 5835
13210, 7202, 54.52, 252, 68.48, 4, 5835
13211, 7203, 54.52, 252, 68.48, 4, 5835
13212, 7204, 54.53, 252, 68.48, 4, 5835
13213, 7204, 54.52, 252, 68.48, 4, 5836
13214, 7204, 54.52, 252, 68.48, 4, 5837
13215, 7204, 54.51, 252, 68.48, 4, 5838
13216, 7204, 54.51, 252, 68.48, 4, 5839
13217, 7204, 54.51, 252, 68.48, 4, 5840
13218, 7204, 54.50, 252, 68.48, 4, 5841
13219, 7205, 54.50, 252, 68.48, 4, 5841
13220, 7205, 54.50, 252, 68.48, 4, 5842
13221, 7206, 54.50, 252, 68.48, 4, 5842
13222, 7207, 54.51, 252, 68.48, 4, 5842
13223, 7208, 54.51, 252, 68.48, 4, 5842
13224, 7209, 54.51, 252, 68.48, 4, 5842
13225, 7209, 54.51, 252, 68.48, 4, 5843
13226, 7210, 54.51, 252, 68.48, 4, 5843
13227, 7210, 54.51, 252, 68.48, 4, 5844
13228, 7210, 54.51, 252, 68.48, 4, 5845
13229, 7210, 54.50, 252, 68.48, 4, 5846
13230, 7210, 54.50, 252, 68.48, 4, 5847
13231, 7210, 54.49, 252, 68.48, 4, 5848
13232, 7211, 54.50, 252, 68.48, 4, 5848
13233, 7211, 54.49, 252, 68.48, 4, 5849
13234, 7212, 54.50, 252, 68.48, 4, 5849
13235, 7213, 54.50, 252, 68.48, 4, 5849
13236, 7214, 54.50, 252, 68.48, 4, 5849
13237, 7215, 54.51, 252, 68.48, 4, 5849
13238, 7216, 54.51, 252, 68.48, 4, 5849
13239, 7216, 54.51, 252, 68.48, 4, 5849
13240, 7217, 54.51, 252, 68.48, 4, 5849
13241, 7218, 54.51, 252, 68.48, 4, 5849
13242, 7219, 54.52, 252, 68.48, 4, 5849
13243, 7220, 54.52, 252, 68.48, 4, 5849
13244, 7221, 54.52, 252, 68.48, 4, 5849
13245, 7221, 54.52, 252, 68.48, 4, 5850
13246, 7221, 54.51, 252, 68.48, 4, 5851
13247, 7221, 54.51, 252, 68.48, 4, 5852
13248, 7222, 54.51, 252, 68.48, 4, 5852
13249, 7222, 54.51, 252, 68.48, 4, 5853
13250, 7223, 54.51, 252, 68.48, 4, 5853
13251, 7223, 54.51, 252, 68.48, 4, 5854
13252, 7224, 54.51, 252, 68.48, 4, 5854
13253, 7224, 54.51, 252, 68.48, 4, 5855
13254, 7224, 54.50, 252, 68.48, 4, 5856
13255, 7224, 54.50, 252, 68.48, 4, 5857
13256, 7224, 54.50, 252, 68.48, 4, 5858
13257, 7224, 54.49, 252, 68.48, 4, 5859
13258, 7224, 54.49, 252, 68.48, 4, 5860
13259, 7224, 54.48, 252, 68.48, 4, 5861
13260, 7225, 54.49, 252, 68.48, 4, 5861
13261, 7226, 54.49, 252, 68.48, 4, 5861
13262, 7226, 54.49, 252, 68.48, 4, 5862
13263, 7226, 54.48, 252, 68.48, 4, 5863
13264, 7227, 54.49, 252, 68.48, 4, 5863
13265, 7227, 54.48, 252, 68.48, 4, 5864
13266, 7227, 54.48, 252, 68.48, 4, 5865
13267, 7227, 54.47, 252, 68.48, 4, 5866
13268, 7227, 54.47, 252, 68.48, 4, 5867
13269, 7228, 54.47, 252, 68.48, 4, 5867
13270, 7228, 54.47, 252, 68.48, 4, 5868
13271, 7229, 54.47, 252, 68.48, 4, 5868
13272, 7230, 54.48, 252, 68.48, 4, 5868
13273, 7230, 54.47, 252, 68.48, 4, 5869
13274, 7230, 54.47, 252, 68.48, 4, 5870
13275, 7230, 54.46, 252, 68.48, 4, 5871
13276, 7230, 54.46, 252, 68.48, 4, 5872
13277, 7231, 54.46, 252, 68.48, 4, 5872
13278, 7232, 54.47, 252, 68.48, 4, 5872
13279, 7233, 54.47, 252, 68.48, 4, 5872
13280, 7233, 54.47, 252, 68.48, 4, 5873
13281, 7234, 54.47, 252, 68.48, 4, 5873
13282, 7234, 54.46, 252, 68.48, 4, 5874
13283, 7235, 54.47, 252, 68.48, 4, 5874
13284, 7235, 54.46, 252, 68.48, 4, 5875
13285, 7236, 54.47, 252, 68.48, 4, 5875
13286, 7237, 54.47, 252, 68.48, 4, 5875
13287, 7238, 54.47, 252, 68.48, 4, 5875
13288, 7239, 54.48, 252, 68.48, 4, 5875
13289, 7240, 54.48, 252, 68.48, 4, 5875
13290, 7241, 54.48, 252, 68.48, 4, 5875
13291, 7241, 54.48, 252, 68.48, 4, 5876
13292, 7242, 54.48, 252, 68.48, 4, 5876
13293, 7243, 54.49, 252, 68.48, 4, 5876
13294, 7244, 54.49, 252, 68.48, 4, 5876
13295, 7245, 54.49, 252, 68.48, 4, 5876
13296, 7246, 54.50, 252, 68.48, 4, 5876
13297, 7247, 54.50, 252, 68.48, 4, 5876
13298, 7247, 54.50, 252, 68.48, 4, 5877
13299, 7248, 54.50, 252, 68.48, 4, 5877
13300, 7249, 54.50, 252, 68.48, 4, 5877
13301, 7249, 54.50, 252, 68.48, 4, 5878
13302, 7250, 54.50, 252, 68.48, 4, 5878
13303, 7250, 54.50, 252, 68.48, 4, 5879
13304, 7251, 54.50, 252, 68.48, 4, 5879
13305, 7252, 54.51, 252, 68.48, 4, 5879
13306, 7253, 54.51, 252, 68.48, 4, 5879
13307, 7253, 54.51, 252, 68.48, 4, 5880
13308, 7254, 54.51, 252, 68.48, 4, 5880
13309, 7254, 54.50, 252, 68.48, 4, 5881
13310, 7254, 54.50, 252, 68.48, 4, 5882
13311, 7255, 54.50, 252, 68.48, 4, 5882
13312, 7256, 54.51, 252, 68.48, 4, 5882
13313, 7256, 54.50, 252, 68.48, 4, 5883
13314, 7256, 54.50, 252, 68.48, 4, 5884
13315, 7256, 54.49, 252, 68.48, 4, 5885
13316, 7257, 54.50, 252, 68.48, 4, 5885
13317, 7258, 54.50, 252, 68.48, 4, 5885
13318, 7259, 54.51, 252, 68.48, 4, 5885
13319, 7259, 54.50, 252, 68.48, 4, 5886
13320, 7259, 54.50, 252, 68.48, 4, 5887
13321, 7260, 54.50, 252, 68.48, 4, 5887
13322, 7261, 54.50, 252, 68.48, 4, 5887
13323, 7261, 54.50, 252, 68.48, 4, 5888
13324, 7261, 54.50, 252, 68.48, 4, 5889
13325, 7262, 54.50, 252, 68.48, 4, 5889
13326, 7262, 54.49, 252, 68.48, 4, 5890
13327, 7263, 54.50, 252, 68.48, 4, 5890
13328, 7264, 54.50, 252, 68.48, 4, 5890
13329, 7265, 54.51, 252, 68.48, 4, 5890
13330, 7265, 54.50, 252, 68.48, 4, 5891
13331, 7266, 54.50, 252, 68.48, 4, 5891
13332, 7266, 54.50, 252, 68.48, 4, 5892
13333, 7267, 54.50, 252, 68.48, 4, 5892
13334, 7267, 54.50, 252, 68.48, 4, 5893
13335, 7268, 54.50, 252, 68.48, 4, 5893
13336, 7268, 54.50, 252, 68.48, 4, 5894
13337, 7268, 54.50, 252, 68.48, 4, 5895
13338, 7268, 54.49, 252, 68.48, 4, 5896
13339, 7269, 54.49, 252, 68.48, 4, 5896
13340, 7270, 54.50, 252, 68.48, 4, 5896
13341, 7271, 54.50, 252, 68.48, 4, 5896
13342, 7272, 54.50, 252, 68.48, 4, 5896
13343, 7272, 54.50, 252, 68.48, 4, 5897
13344, 7272, 54.50, 252, 68.48, 4, 5898
13345, 7273, 54.50, 252, 68.48, 4, 5898
13346, 7274, 54.50, 252, 68.48, 4, 5898
13347, 7275, 54.51, 252, 68.48, 4, 5898
13348, 7276, 54.51, 252, 68.48, 4, 5898
13349, 7277, 54.51, 252, 68.48, 4, 5898
13350, 7278, 54.52, 252, 68.48, 4, 5898
13351, 7279, 54.52, 252, 68.48, 4, 5898
13352, 7280, 54.52, 252, 68.48, 4, 5898
13353, 7281, 54.53, 252, 68.48, 4, 5898
13354, 7282, 54.53, 252, 68.48, 4, 5898
13355, 7282, 54.53, 252, 68.48, 4, 5899
13356, 7282, 54.52, 252, 68.48, 4, 5900
13357, 7282, 54.52, 252, 68.48, 4, 5901
13358, 7282, 54.51, 252, 68.48, 4, 5902
13359, 7283, 54.52, 252, 68.48, 4, 5902
13360, 7284, 54.52, 252, 68.48, 4, 5902
13361, 7284, 54.52, 252, 68.48, 4, 5903
13362, 7285, 54.52, 252, 68.48, 4, 5903
13363, 7286, 54.52, 252, 68.48, 4, 5903
13364, 7287, 54.53, 252, 68.48, 4, 5903
13365, 7287, 54.52, 252, 68.48, 4, 5904
13366, 7288, 54.53, 252, 68.48, 4, 5904
13367, 7288, 54.52, 252, 68.48, 4, 5905
13368, 7289, 54.53, 252, 68.48, 4, 5905
13369, 7289, 54.52, 252, 68.48, 4, 5905
13370, 7290, 54.53, 252, 68.48, 4, 5905
13371, 7291, 54.53, 252, 68.48, 4, 5905
13372, 7292, 54.53, 252, 68.48, 4, 5905
13373, 7292, 54.53, 252, 68.48, 4, 5906
13374, 7293, 54.53, 252, 68.48, 4, 5906
13375, 7293, 54.53, 252, 68.48, 4, 5907
13376, 7294, 54.53, 252, 68.48, 4, 5907
13377, 7294, 54.53, 252, 68.48, 4, 5908
13378, 7294, 54.52, 252, 68.48, 4, 5909
13379, 7295, 54.53, 252, 68.48, 4, 5909
13380, 7295, 54.52, 252, 68.48, 4, 5910
13381, 7296, 54.53, 252, 68.48, 4, 5910
13382, 7296, 54.52, 252, 68.48, 4, 5911
13383, 7297, 54.52, 252, 68.48, 4, 5911
13384, 7297, 54.52, 252, 68.48, 4, 5912
13385, 7298, 54.52, 252, 68.48, 4, 5912
13386, 7299, 54.53, 252, 68.48, 4, 5912
13387, 7299, 54.52, 252, 68.48, 4, 5913
13388, 7300, 54.53, 252, 68.48, 4, 5913
13389, 7300, 54.52, 252, 68.48, 4, 5914
13390, 7300, 54.52, 252, 68.48, 4, 5915
13391, 7300, 54.51, 252, 68.48, 4, 5916
13392, 7300, 54.51, 252, 68.48, 4, 5916
13393, 7301, 54.51, 252, 68.48, 4, 5916
13394, 7302, 54.52, 252, 68.48, 4, 5916
13395, 7303, 54.52, 252, 68.48, 4, 5916
13396, 7304, 54.52, 252, 68.48, 4, 5916
13397, 7304, 54.52, 252, 68.48, 4, 5917
13398, 7304, 54.52, 252, 68.48, 4, 5918
13399, 7304, 54.51, 252, 68.48, 4, 5919
13400, 7305, 54.51, 252, 68.48, 4, 5919
13401, 7305, 54.51, 252, 68.48, 4, 5920
13402, 7305, 54.51, 252, 68.48, 4, 5921
13403, 7305, 54.50, 252, 68.48, 4, 5921
13404, 7306, 54.51, 252, 68.48, 4, 5921
13405, 7306, 54.50, 252, 68.48, 4, 5922
13406, 7306, 54.50, 252, 68.48, 4, 5923
13407, 7307, 54.50, 252, 68.48, 4, 5923
13408, 7307, 54.50, 252, 68.48, 4, 5924
13409, 7308, 54.50, 252, 68.48, 4, 5924
13410, 7308, 54.50, 252, 68.48, 4, 5925
13411, 7309, 54.50, 252, 68.48, 4, 5925
13412, 7309, 54.50, 252, 68.48, 4, 5926
13413, 7310, 54.50, 252, 68.48, 4, 5926
13414, 7311, 54.50, 252, 68.48, 4, 5926
13415, 7312, 54.51, 252, 68.48, 4, 5926
13416, 7313, 54.51, 252, 68.48, 4, 5926
13417, 7314, 54.51, 252, 68.48, 4, 5926
13418, 7315, 54.52, 252, 68.48, 4, 5926
13419, 7316, 54.52, 252, 68.48, 4, 5926
13420, 7316, 54.52, 252, 68.48, 4, 5927
13421, 7316, 54.51, 252, 68.48, 4, 5928
13422, 7316, 54.51, 252, 68.48, 4, 5929
13423, 7317, 54.51, 252, 68.48, 4, 5929
13424, 7317, 54.51, 252, 68.48, 4, 5930
13425, 7317, 54.50, 252, 68.48, 4, 5931
13426, 7317, 54.50, 252, 68.48, 4, 5932
13427, 7318, 54.50, 252, 68.48, 4, 5932
13428, 7318, 54.50, 252, 68.48, 4, 5933
13429, 7319, 54.50, 252, 68.48, 4, 5933
13430, 7319, 54.50, 252, 68.48, 4, 5934
13431, 7320, 54.50, 252, 68.48, 4, 5934
13432, 7321, 54.50, 252, 68.48, 4, 5934
13433, 7322, 54.51, 252, 68.48, 4, 5934
13434, 7323, 54.51, 252, 68.48, 4, 5934
13435, 7324, 54.51, 252, 68.48, 4, 5934
13436, 7324, 54.51, 252, 68.48, 4, 5935
13437, 7325, 54.51, 252, 68.48, 4, 5935
13438, 7326, 54.52, 252, 68.48, 4, 5935
13439, 7327, 54.52, 252, 68.48, 4, 5935
13440, 7327, 54.52, 252, 68.48, 4, 5936
13441, 7327, 54.51, 252, 68.48, 4, 5937
13442, 7328, 54.52, 252, 68.48, 4, 5937
13443, 7328, 54.51, 252, 68.48, 4, 5938
13444, 7328, 54.51, 252, 68.48, 4, 5939
13445, 7329, 54.51, 252, 68.48, 4, 5939
13446, 7329, 54.51, 252, 68.48, 4, 5940
13447, 7329, 54.50, 252, 68.48, 4, 5941
13448, 7330, 54.51, 252, 68.48, 4, 5941
13449, 7331, 54.51, 252, 68.48, 4, 5941
13450, 7332, 54.51, 252, 68.48, 4, 5941
13451, 7333, 54.52, 252, 68.48, 4, 5941
13452, 7333, 54.51, 252, 68.48, 4, 5942
13453, 7334, 54.52, 252, 68.48, 4, 5942
13454, 7335, 54.52, 252, 68.48, 4, 5942
13455, 7336, 54.52, 252, 68.48, 4, 5942
13456, 7336, 54.52, 252, 68.48, 4, 5943
13457, 7336, 54.51, 252, 68.48, 4, 5944
13458, 7337, 54.52, 252, 68.48, 4, 5944
13459, 7338, 54.52, 252, 68.48, 4, 5944
13460, 7338, 54.52, 252, 68.48, 4, 5945
13461, 7339, 54.52, 252, 68.48, 4, 5945
13462, 7339, 54.52, 252, 68.48, 4, 5946
13463, 7339, 54.51, 252, 68.48, 4, 5947
13464, 7340, 54.52, 252, 68.48, 4, 5947
13465, 7341, 54.52, 252, 68.48, 4, 5947
13466, 7341, 54.52, 252, 68.48, 4, 5948
13467, 7341, 54.51, 252, 68.48, 4, 5949
13468, 7341, 54.51, 252, 68.48, 4, 5950
13469, 7342, 54.51, 252, 68.48, 4, 5950
13470, 7343, 54.51, 252, 68.48, 4, 5950
13471, 7344, 54.52, 252, 68.48, 4, 5950
13472, 7344, 54.51, 252, 68.48, 4, 5951
13473, 7344, 54.51, 252, 68.48, 4, 5952
13474, 7344, 54.50, 252, 68.48, 4, 5953
13475, 7344, 54.50, 252, 68.48, 4, 5954
13476, 7345, 54.50, 252, 68.48, 4, 5954
13477, 7346, 54.51, 252, 68.48, 4, 5954
13478, 7347, 54.51, 252, 68.48, 4, 5954
13479, 7347, 54.51, 252, 68.48, 4, 5955
13480, 7347, 54.50, 252, 68.48, 4, 5956
13481, 7348, 54.51, 252, 68.48, 4, 5956
13482, 7348, 54.50, 252, 68.48, 4, 5957
13483, 7348, 54.50, 252, 68.48, 4, 5958
13484, 7349, 54.50, 252, 68.48, 4, 5958
13485, 7349, 54.50, 252, 68.48, 4, 5959
13486, 7350, 54.50, 252, 68.48, 4, 5959
13487, 7350, 54.50, 252, 68.48, 4, 5960
13488, 7351, 54.50, 252, 68.48, 4, 5960
13489, 7352, 54.50, 252, 68.48, 4, 5960
13490, 7352, 54.50, 252, 68.48, 4, 5961
13491, 7353, 54.50, 252, 68.48, 4, 5961
13492, 7353, 54.50, 252, 68.48, 4, 5962
13493, 7354, 54.50, 252, 68.48, 4, 5962
13494, 7355, 54.51, 252, 68.48, 4, 5962
13495, 7355, 54.50, 252, 68.48, 4, 5963
13496, 7356, 54.51, 252, 68.48, 4, 5963
13497, 7357, 54.51, 252, 68.48, 4, 5963
13498, 7358, 54.51, 252, 68.48, 4, 5963
13499, 7359, 54.52, 252, 68.48, 4, 5963
13500, 7360, 54.52, 252, 68.48, 4, 5963
13501, 7360, 54.51, 252, 68.48, 4, 5963
13502, 7360, 54.51, 252, 68.48, 4, 5964
13503, 7361, 54.51, 252, 68.48, 4, 5964
13504, 7361, 54.51, 252, 68.48, 4, 5965
13505, 7362, 54.51, 252, 68.48, 4, 5965
13506, 7363, 54.52, 252, 68.48, 4, 5965
13507, 7363, 54.51, 252, 68.48, 4, 5966
13508, 7364, 54.52, 252, 68.48, 4, 5966
13509, 7364, 54.51, 252, 68.48, 4, 5967
13510, 7364, 54.51, 252, 68.48, 4, 5968
13511, 7365, 54.51, 252, 68.48, 4, 5968
13512, 7366, 54.51, 252, 68.48, 4, 5968
13513, 7367, 54.52, 252, 68.48, 4, 5968
13514, 7368, 54.52, 252, 68.48, 4, 5968
13515, 7369, 54.52, 252, 68.48, 4, 5968
13516, 7370, 54.53, 252, 68.48, 4, 5968
13517, 7370, 54.52, 252, 68.48, 4, 5969
13518, 7370, 54.52, 252, 68.48, 4, 5970
13519, 7370, 54.52, 252, 68.48, 4, 5971
13520, 7371, 54.52, 252, 68.48, 4, 5971
13521, 7372, 54.52, 252, 68.48, 4, 5971
13522, 7372, 54.52, 252, 68.48, 4, 5972
13523, 7372, 54.51, 252, 68.48, 4, 5973
13524, 7372, 54.51, 252, 68.48, 4, 5974
13525, 7372, 54.51, 252, 68.48, 4, 5975
13526, 7372, 54.50, 252, 68.48, 4, 5976
13527, 7372, 54.50, 252, 68.48, 4, 5977
13528, 7373, 54.50, 252, 68.48, 4, 5977
13529, 7374, 54.51, 252, 68.48, 4, 5977
13530, 7375, 54.51, 252, 68.48, 4, 5977
13531, 7375, 54.50, 252, 68.48, 4, 5978
13532, 7375, 54.50, 252, 68.48, 4, 5979
13533, 7375, 54.50, 252, 68.48, 4, 5980
13534, 7375, 54.49, 252, 68.48, 4, 5981
13535, 7376, 54.50, 252, 68.48, 4, 5981
13536, 7377, 54.50, 252, 68.48, 4, 5981
13537, 7378, 54.50, 252, 68.48, 4, 5981
13538, 7378, 54.50, 252, 68.48, 4, 5982
13539, 7378, 54.49, 252, 68.48, 4, 5983
13540, 7378, 54.49, 252, 68.48, 4, 5983
13541, 7378, 54.49, 252, 68.48, 4, 5984
13542, 7378, 54.48, 252, 68.48, 4, 5985
13543, 7379, 54.49, 252, 68.48, 4, 5985
13544, 7379, 54.48, 252, 68.48, 4, 5986
13545, 7380, 54.49, 252, 68.48, 4, 5986
13546, 7380, 54.48, 252, 68.48, 4, 5987
13547, 7380, 54.48, 252, 68.48, 4, 5988
13548, 7380, 54.47, 252, 68.48, 4, 5989
13549, 7380, 54.47, 252, 68.48, 4, 5990
13550, 7380, 54.46, 252, 68.48, 4, 5991
13551, 7381, 54.47, 252, 68.48, 4, 5991
13552, 7382, 54.47, 252, 68.48, 4, 5991
13553, 7382, 54.47, 252, 68.48, 4, 5992
13554, 7382, 54.46, 252, 68.48, 4, 5993
13555, 7382, 54.46, 252, 68.48, 4, 5994
13556, 7383, 54.46, 252, 68.48, 4, 5994
13557, 7383, 54.46, 252, 68.48, 4, 5995
13558, 7383, 54.45, 252, 68.48, 4, 5996
13559, 7383, 54.45, 252, 68.48, 4, 5997
13560, 7383, 54.45, 252, 68.48, 4, 5998
13561, 7383, 54.44, 252, 68.48, 4, 5999
13562, 7384, 54.45, 252, 68.48, 4, 5999
13563, 7385, 54.45, 252, 68.48, 4, 5999
13564, 7385, 54.45, 252, 68.48, 4, 6000
13565, 7386, 54.45, 252, 68.48, 4, 6000
13566, 7387, 54.45, 252, 68.48, 4, 6000
13567, 7387, 54.45, 252, 68.48, 4, 6001
13568, 7388, 54.45, 252, 68.48, 4, 6001
13569, 7389, 54.46, 252, 68.48, 4, 6001
13570, 7389, 54.45, 252, 68.48, 4, 6002
13571, 7390, 54.45, 252, 68.48, 4, 6002
13572, 7390, 54.45, 252, 68.48, 4, 6003
13573, 7391, 54.45, 252, 68.48, 4, 6003
13574, 7392, 54.46, 252, 68.48, 4, 6003
13575, 7393, 54.46, 252, 68.48, 4, 6003
13576, 7393, 54.46, 252, 68.48, 4, 6004
13577, 7393, 54.45, 252, 68.48, 4, 6005
13578, 7393, 54.45, 252, 68.48, 4, 6006
13579, 7393, 54.44, 252, 68.48, 4, 6006
13580, 7393, 54.44, 252, 68.48, 4, 6007
13581, 7394, 54.44, 252, 68.48, 4, 6007
13582, 7394, 54.44, 252, 68.48, 4, 6008
13583, 7394, 54.44, 252, 68.48, 4, 6009
13584, 7394, 54.43, 252, 68.48, 4, 6010
13585, 7395, 54.44, 252, 68.48, 4, 6010
13586, 7396, 54.44, 252, 68.48, 4, 6010
13587, 7397, 54.44, 252, 68.48, 4, 6010
13588, 7398, 54.45, 252, 68.48, 4, 6010
13589, 7399, 54.45, 252, 68.48, 4, 6010
13590, 7400, 54.45, 252, 68.48, 4, 6010
13591, 7401, 54.46, 252, 68.48, 4, 6010
13592, 7401, 54.45, 252, 68.48, 4, 6011
13593, 7402, 54.45, 252, 68.48, 4, 6011
13594, 7402, 54.45, 252, 68.48, 4, 6012
13595, 7403, 54.45, 252, 68.48, 4, 6012
13596, 7404, 54.46, 252, 68.48, 4, 6012
13597, 7404, 54.45, 252, 68.48, 4, 6013
13598, 7404, 54.45, 252, 68.48, 4, 6014
13599, 7405, 54.45, 252, 68.48, 4, 6014
13600, 7405, 54.45, 252, 68.48, 4, 6015
13601, 7406, 54.45, 252, 68.48, 4, 6015
13602, 7407, 54.46, 252, 68.48, 4, 6015
13603, 7408, 54.46, 252, 68.48, 4, 6015
13604, 7409, 54.46, 252, 68.48, 4, 6015
13605, 7409, 54.46, 252, 68.48, 4, 6016
13606, 7410, 54.46, 252, 68.48, 4, 6016
13607, 7410, 54.46, 252, 68.48, 4, 6017
13608, 7410, 54.45, 252, 68.48, 4, 6018
13609, 7411, 54.46, 252, 68.48, 4, 6018
13610, 7412, 54.46, 252, 68.48, 4, 6018
13611, 7412, 54.46, 252, 68.48, 4, 6019
13612, 7412, 54.45, 252, 68.48, 4, 6019
13613, 7413, 54.46, 252, 68.48, 4, 6019
13614, 7413, 54.45, 252, 68.48, 4, 6020
13615, 7414, 54.45, 252, 68.48, 4, 6020
13616, 7414, 54.45, 252, 68.48, 4, 6021
13617, 7414, 54.45, 252, 68.48, 4, 6022
13618, 7414, 54.44, 252, 68.48, 4, 6023
13619, 7415, 54.45, 252, 68.48, 4, 6023
13620, 7416, 54.45, 252, 68.48, 4, 6023
13621, 7417, 54.45, 252, 68.48, 4, 6023
13622, 7417, 54.45, 252, 68.48, 4, 6024
13623, 7418, 54.45, 252, 68.48, 4, 6024
13624, 7419, 54.46, 252, 68.48, 4, 6024
13625, 7420, 54.46, 252, 68.48, 4, 6024
13626, 7421, 54.46, 252, 68.48, 4, 6024
13627, 7421, 54.46, 252, 68.48, 4, 6025
13628, 7421, 54.45, 252, 68.48, 4, 6026
13629, 7421, 54.45, 252, 68.48, 4, 6027
13630, 7422, 54.45, 252, 68.48, 4, 6027
13631, 7423, 54.46, 252, 68.48, 4, 6027
13632, 7424, 54.46, 252, 68.48, 4, 6027
13633, 7425, 54.46, 252, 68.48, 4, 6027
13634, 7426, 54.47, 252, 68.48, 4, 6027
13635, 7426, 54.46, 252, 68.48, 4, 6028
13636, 7427, 54.47, 252, 68.48, 4, 6028
13637, 7428, 54.47, 252, 68.48, 4, 6028
13638, 7429, 54.47, 252, 68.48, 4, 6028
13639, 7429, 54.47, 252, 68.48, 4, 6029
13640, 7429, 54.46, 252, 68.48, 4, 6030
13641, 7429, 54.46, 252, 68.48, 4, 6031
13642, 7430, 54.46, 252, 68.48, 4, 6031
13643, 7431, 54.47, 252, 68.48, 4, 6031
13644, 7431, 54.46, 252, 68.48, 4, 6032
13645, 7431, 54.46, 252, 68.48, 4, 6033
13646, 7431, 54.46, 252, 68.48, 4, 6033
13647, 7432, 54.46, 252, 68.48, 4, 6033
13648, 7433, 54.46, 252, 68.48, 4, 6033
13649, 7433, 54.46, 252, 68.48, 4, 6034
13650, 7434, 54.46, 252, 68.48, 4, 6034
13651, 7435, 54.46, 252, 68.48, 4, 6034
13652, 7436, 54.47, 252, 68.48, 4, 6034
13653, 7436, 54.46, 252, 68.48, 4, 6035
13654, 7436, 54.46, 252, 68.48, 4, 6036
13655, 7437, 54.46, 252, 68.48, 4, 6036
13656, 7437, 54.46, 252, 68.48, 4, 6037
13657, 7437, 54.46, 252, 68.48, 4, 6038
13658, 7437, 54.45, 252, 68.48, 4, 6039
13659, 7438, 54.45, 252, 68.48, 4, 6039
13660, 7438, 54.45, 252, 68.48, 4, 6040
13661, 7438, 54.45, 252, 68.48, 4, 6041
13662, 7439, 54.45, 252, 68.48, 4, 6041
13663, 7439, 54.45, 252, 68.48, 4, 6042
13664, 7440, 54.45, 252, 68.48, 4, 6042
13665, 7441, 54.45, 252, 68.48, 4, 6042
13666, 7441, 54.45, 252, 68.48, 4, 6043
13667, 7442, 54.45, 252, 68.48, 4, 6043
13668, 7442, 54.45, 252, 68.48, 4, 6044
13669, 7443, 54.45, 252, 68.48, 4, 6044
13670, 7443, 54.45, 252, 68.48, 4, 6045
13671, 7443, 54.44, 252, 68.48, 4, 6046
13672, 7443, 54.44, 252, 68.48, 4, 6047
13673, 7443, 54.44, 252, 68.48, 4, 6048
13674, 7444, 54.44, 252, 68.48, 4, 6048
13675, 7444, 54.44, 252, 68.48, 4, 6049
13676, 7444, 54.43, 252, 68.48, 4, 6050
13677, 7445, 54.43, 252, 68.48, 4, 6050
13678, 7445, 54.43, 252, 68.48, 4, 6051
13679, 7446, 54.43, 252, 68.48, 4, 6051
13680, 7447, 54.44, 252, 68.48, 4, 6051
13681, 7448, 54.44, 252, 68.48, 4, 6051
13682, 7448, 54.44, 252, 68.48, 4, 6052
13683, 7449, 54.44, 252, 68.48, 4, 6052
13684, 7450, 54.44, 252, 68.48, 4, 6052
13685, 7450, 54.44, 252, 68.48, 4, 6053
13686, 7451, 54.44, 252, 68.48, 4, 6053
13687, 7452, 54.45, 252, 68.48, 4, 6053
13688, 7453, 54.45, 252, 68.48, 4, 6053
13689, 7454, 54.45, 252, 68.48, 4, 6053
13690, 7455, 54.46, 252, 68.48, 4, 6053
13691, 7456, 54.46, 252, 68.48, 4, 6053
13692, 7457, 54.46, 252, 68.48, 4, 6053
13693, 7458, 54.47, 252, 68.48, 4, 6053
13694, 7458, 54.46, 252, 68.48, 4, 6054
13695, 7459, 54.47, 252, 68.48, 4, 6054
13696, 7459, 54.46, 252, 68.48, 4, 6055
13697, 7460, 54.46, 252, 68.48, 4, 6055
13698, 7461, 54.47, 252, 68.48, 4, 6055
13699, 7461, 54.46, 252, 68.48, 4, 6056
13700, 7462, 54.47, 252, 68.48, 4, 6056
13701, 7463, 54.47, 252, 68.48, 4, 6056
13702, 7463, 54.47, 252, 68.48, 4, 6057
13703, 7464, 54.47, 252, 68.48, 4, 6057
13704, 7464, 54.47, 252, 68.48, 4, 6058
13705, 7465, 54.47, 252, 68.48, 4, 6058
13706, 7466, 54.47, 252, 68.48, 4, 6058
13707, 7467, 54.48, 252, 68.48, 4, 6058
13708, 7468, 54.48, 252, 68.48, 4, 6058
13709, 7468, 54.48, 252, 68.48, 4, 6059
13710, 7468, 54.47, 252, 68.48, 4, 6060
13711, 7469, 54.47, 252, 68.48, 4, 6060
13712, 7470, 54.48, 252, 68.48, 4, 6060
13713, 7470, 54.47, 252, 68.48, 4, 6061
13714, 7470, 54.47, 252, 68.48, 4, 6062
13715, 7470, 54.47, 252, 68.48, 4, 6063
13716, 7470, 54.46, 252, 68.48, 4, 6064
13717, 7471, 54.47, 252, 68.48, 4, 6064
13718, 7472, 54.47, 252, 68.48, 4, 6064
13719, 7473, 54.47, 252, 68.48, 4, 6064
13720, 7474, 54.48, 252, 68.48, 4, 6064
13721, 7474, 54.47, 252, 68.48, 4, 6065
13722, 7475, 54.47, 252, 68.48, 4, 6065
13723, 7476, 54.48, 252, 68.48, 4, 6065
13724, 7477, 54.48, 252, 68.48, 4, 6065
13725, 7478, 54.48, 252, 68.48, 4, 6065
13726, 7479, 54.49, 252, 68.48, 4, 6065
13727, 7479, 54.48, 252, 68.48, 4, 6066
13728, 7479, 54.48, 252, 68.48, 4, 6067
13729, 7480, 54.48, 252, 68.48, 4, 6067
13730, 7480, 54.48, 252, 68.48, 4, 6068
13731, 7481, 54.48, 252, 68.48, 4, 6068
13732, 7481, 54.48, 252, 68.48, 4, 6069
13733, 7481, 54.47, 252, 68.48, 4, 6070
13734, 7481, 54.47, 252, 68.48, 4, 6071
13735, 7482, 54.47, 252, 68.48, 4, 6071
13736, 7483, 54.48, 252, 68.48, 4, 6071
13737, 7484, 54.48, 252, 68.48, 4, 6071
13738, 7484, 54.48, 252, 68.48, 4, 6072
13739, 7484, 54.47, 252, 68.48, 4, 6073
13740, 7485, 54.48, 252, 68.48, 4, 6073
13741, 7486, 54.48, 252, 68.48, 4, 6073
13742, 7486, 54.48, 252, 68.48, 4, 6074
13743, 7487, 54.48, 252, 68.48, 4, 6074
13744, 7487, 54.47, 252, 68.48, 4, 6075
13745, 7488, 54.48, 252, 68.48, 4, 6075
13746, 7488, 54.47, 252, 68.48, 4, 6076
13747, 7489, 54.48, 252, 68.48, 4, 6076
13748, 7490, 54.48, 252, 68.48, 4, 6076
13749, 7491, 54.48, 252, 68.48, 4, 6076
13750, 7492, 54.49, 252, 68.48, 4, 6076
13751, 7492, 54.48, 252, 68.48, 4, 6077
13752, 7493, 54.49, 252, 68.48, 4, 6077
13753, 7493, 54.48, 252, 68.48, 4, 6078
13754, 7493, 54.48, 252, 68.48, 4, 6079
13755, 7494, 54.48, 252, 68.48, 4, 6079
13756, 7495, 54.49, 252, 68.48, 4, 6079
13757, 7495, 54.48, 252, 68.48, 4, 6080
13758, 7496, 54.48, 252, 68.48, 4, 6080
13759, 7496, 54.48, 252, 68.48, 4, 6081
13760, 7496, 54.48, 252, 68.48, 4, 6082
13761, 7497, 54.48, 252, 68.48, 4, 6082
13762, 7497, 54.48, 252, 68.48, 4, 6083
13763, 7498, 54.48, 252, 68.48, 4, 6083
13764, 7499, 54.48, 252, 68.48, 4, 6083
13765, 7499, 54.48, 252, 68.48, 4, 6084
13766, 7499, 54.47, 252, 68.48, 4, 6085
13767, 7499, 54.47, 252, 68.48, 4, 6086
13768, 7499, 54.47, 252, 68.48, 4, 6087
13769, 7500, 54.47, 252, 68.48, 4, 6087
13770, 7501, 54.47, 252, 68.48, 4, 6087
13771, 7501, 54.47, 252, 68.48, 4, 6088
13772, 7502, 54.47, 252, 68.48, 4, 6088
13773, 7503, 54.48, 252, 68.48, 4, 6088
13774, 7503, 54.47, 252, 68.48, 4, 6089
13775, 7504, 54.48, 252, 68.48, 4, 6089
13776, 7504, 54.47, 252, 68.48, 4, 6090
13777, 7504, 54.47, 252, 68.48, 4, 6091
13778, 7505, 54.47, 252, 68.48, 4, 6091
13779, 7505, 54.47, 252, 68.48, 4, 6092
13780, 7506, 54.47, 252, 68.48, 4, 6092
13781, 7507, 54.47, 252, 68.48, 4, 6092
13782, 7508, 54.48, 252, 68.48, 4, 6092
13783, 7509, 54.48, 252, 68.48, 4, 6092
13784, 7509, 54.48, 252, 68.48, 4, 6093
13785, 7509, 54.47, 252, 68.48, 4, 6094
13786, 7510, 54.48, 252, 68.48, 4, 6094
13787, 7511, 54.48, 252, 68.48, 4, 6094
13788, 7511, 54.47, 252, 68.48, 4, 6095
13789, 7512, 54.48, 252, 68.48, 4, 6095
13790, 7512, 54.47, 252, 68.48, 4, 6096
13791, 7512, 54.47, 252, 68.48, 4, 6097
13792, 7512, 54.47, 252, 68.48, 4, 6097
13793, 7512, 54.46, 252, 68.48, 4, 6098
13794, 7512, 54.46, 252, 68.48, 4, 6099
13795, 7512, 54.45, 252, 68.48, 4, 6100
13796, 7512, 54.45, 252, 68.48, 4, 6101
13797, 7512, 54.45, 252, 68.48, 4, 6102
13798, 7512, 54.44, 252, 68.48, 4, 6103
13799, 7513, 54.45, 252, 68.48, 4, 6103
13800, 7513, 54.44, 252, 68.48, 4, 6104
13801, 7514, 54.45, 252, 68.48, 4, 6104
13802, 7514, 54.44, 252, 68.48, 4, 6105
13803, 7514, 54.44, 252, 68.48, 4, 6106
13804, 7515, 54.44, 252, 68.48, 4, 6106
13805, 7515, 54.44, 252, 68.48, 4, 6107
13806, 7515, 54.43, 252, 68.48, 4, 6108
13807, 7515, 54.43, 252, 68.48, 4, 6109
13808, 7516, 54.43, 252, 68.48, 4, 6109
13809, 7517, 54.44, 252, 68.48, 4, 6109
13810, 7518, 54.44, 252, 68.48, 4, 6109
13811, 7518, 54.43, 252, 68.48, 4, 6110
13812, 7519, 54.44, 252, 68.48, 4, 6110
13813, 7519, 54.43, 252, 68.48, 4, 6111
13814, 7520, 54.44, 252, 68.48, 4, 6111
13815, 7521, 54.44, 252, 68.48, 4, 6111
13816, 7522, 54.44, 252, 68.48, 4, 6111
13817, 7522, 54.44, 252, 68.48, 4, 6112
13818, 7523, 54.44, 252, 68.48, 4, 6112
13819, 7523, 54.44, 252, 68.48, 4, 6113
13820, 7523, 54.44, 252, 68.48, 4, 6114
13821, 7524, 54.44, 252, 68.48, 4, 6114
13822, 7524, 54.43, 252, 68.48, 4, 6115
13823, 7524, 54.43, 252, 68.48, 4, 6116
13824, 7524, 54.43, 252, 68.48, 4, 6117
13825, 7524, 54.42, 252, 68.48, 4, 6118
13826, 7525, 54.43, 252, 68.48, 4, 6118
13827, 7525, 54.42, 252, 68.48, 4, 6119
13828, 7525, 54.42, 252, 68.48, 4, 6120
13829, 7526, 54.42, 252, 68.48, 4, 6120
13830, 7526, 54.42, 252, 68.48, 4, 6121
13831, 7527, 54.42, 252, 68.48, 4, 6121
13832, 7527, 54.42, 252, 68.48, 4, 6122
13833, 7528, 54.42, 252, 68.48, 4, 6122
13834, 7529, 54.42, 252, 68.48, 4, 6122
13835, 7530, 54.43, 252, 68.48, 4, 6122
13836, 7531, 54.43, 252, 68.48, 4, 6122
13837, 7532, 54.43, 252, 68.48, 4, 6122
13838, 7533, 54.44, 252, 68.48, 4, 6122
13839, 7534, 54.44, 252, 68.48, 4, 6122
13840, 7535, 54.44, 252, 68.48, 4, 6122
13841, 7536, 54.45, 252, 68.48, 4, 6122
13842, 7537, 54.45, 252, 68.48, 4, 6122
13843, 7537, 54.45, 252, 68.48, 4, 6123
13844, 7537, 54.44, 252, 68.48, 4, 6124
13845, 7537, 54.44, 252, 68.48, 4, 6125
13846, 7538, 54.44, 252, 68.48, 4, 6125
13847, 7538, 54.44, 252, 68.48, 4, 6126
13848, 7538, 54.43, 252, 68.48, 4, 6127
13849, 7539, 54.44, 252, 68.48, 4, 6127
13850, 7540, 54.44, 252, 68.48, 4, 6127
13851, 7540, 54.44, 252, 68.48, 4, 6128
13852, 7540, 54.43, 252, 68.48, 4, 6129
13853, 7541, 54.44, 252, 68.48, 4, 6129
13854, 7541, 54.43, 252, 68.48, 4, 6130
13855, 7541, 54.43, 252, 68.48, 4, 6131
13856, 7541, 54.42, 252, 68.48, 4, 6132
13857, 7542, 54.43, 252, 68.48, 4, 6132
13858, 7542, 54.42, 252, 68.48, 4, 6133
13859, 7543, 54.43, 252, 68.48, 4, 6133
13860, 7544, 54.43, 252, 68.48, 4, 6133
13861, 7545, 54.43, 252, 68.48, 4, 6133
13862, 7545, 54.43, 252, 68.48, 4, 6134
13863, 7546, 54.43, 252, 68.48, 4, 6134
13864, 7546, 54.43, 252, 68.48, 4, 6135
13865, 7546, 54.42, 252, 68.48, 4, 6136
13866, 7547, 54.43, 252, 68.48, 4, 6136
13867, 7547, 54.42, 252, 68.48, 4, 6137
13868, 7547, 54.42, 252, 68.48, 4, 6137
13869, 7547, 54.42, 252, 68.48, 4, 6138
13870, 7548, 54.42, 252, 68.48, 4, 6138
13871, 7548, 54.42, 252, 68.48, 4, 6139
13872, 7549, 54.42, 252, 68.48, 4, 6139
13873, 7550, 54.42, 252, 68.48, 4, 6139
13874, 7550, 54.42, 252, 68.48, 4, 6140
13875, 7550, 54.41, 252, 68.48, 4, 6141
13876, 7551, 54.42, 252, 68.48, 4, 6141
13877, 7551, 54.41, 252, 68.48, 4, 6142
13878, 7551, 54.41, 252, 68.48, 4, 6143
13879, 7552, 54.41, 252, 68.48, 4, 6143
13880, 7553, 54.42, 252, 68.48, 4, 6143
13881, 7554, 54.42, 252, 68.48, 4, 6143
13882, 7554, 54.42, 252, 68.48, 4, 6144
13883, 7554, 54.41, 252, 68.48, 4, 6145
13884, 7554, 54.41, 252, 68.48, 4, 6146
13885, 7555, 54.41, 252, 68.48, 4, 6146
13886, 7556, 54.41, 252, 68.48, 4, 6146
13887, 7556, 54.41, 252, 68.48, 4, 6147
13888, 7557, 54.41, 252, 68.48, 4, 6147
13889, 7558, 54.42, 252, 68.48, 4, 6147
13890, 7559, 54.42, 252, 68.48, 4, 6147
13891, 7559, 54.42, 252, 68.48, 4, 6148
13892, 7559, 54.41, 252, 68.48, 4, 6149
13893, 7560, 54.42, 252, 68.48, 4, 6149
13894, 7560, 54.41, 252, 68.48, 4, 6150
13895, 7560, 54.41, 252, 68.48, 4, 6151
13896, 7561, 54.41, 252, 68.48, 4, 6151
13897, 7562, 54.41, 252, 68.48, 4, 6151
13898, 7563, 54.42, 252, 68.48, 4, 6151
13899, 7564, 54.42, 252, 68.48, 4, 6151
13900, 7565, 54.42, 252, 68.48, 4, 6151
13901, 7566, 54.43, 252, 68.48, 4, 6151
13902, 7566, 54.42, 252, 68.48, 4, 6152
13903, 7566, 54.42, 252, 68.48, 4, 6153
13904, 7567, 54.42, 252, 68.48, 4, 6153
13905, 7568, 54.43, 252, 68.48, 4, 6153
13906, 7569, 54.43, 252, 68.48, 4, 6153
13907, 7569, 54.43, 252, 68.48, 4, 6154
13908, 7570, 54.43, 252, 68.48, 4, 6154
13909, 7571, 54.43, 252, 68.48, 4, 6154
13910, 7571, 54.43, 252, 68.48, 4, 6155
13911, 7572, 54.43, 252, 68.48, 4, 6155
13912, 7572, 54.43, 252, 68.48, 4, 6156
13913, 7572, 54.42, 252, 68.48, 4, 6157
13914, 7573, 54.43, 252, 68.48, 4, 6157
13915, 7574, 54.43, 252, 68.48, 4, 6157
13916, 7574, 54.43, 252, 68.48, 4, 6158
13917, 7575, 54.43, 252, 68.48, 4, 6158
13918, 7575, 54.43, 252, 68.48, 4, 6159
13919, 7575, 54.42, 252, 68.48, 4, 6160
13920, 7576, 54.43, 252, 68.48, 4, 6160
13921, 7576, 54.42, 252, 68.48, 4, 6161
13922, 7577, 54.42, 252, 68.48, 4, 6161
13923, 7577, 54.42, 252, 68.48, 4, 6162
13924, 7577, 54.42, 252, 68.48, 4, 6163
13925, 7577, 54.41, 252, 68.48, 4, 6164
13926, 7577, 54.41, 252, 68.48, 4, 6165
13927, 7578, 54.41, 252, 68.48, 4, 6165
13928, 7578, 54.41, 252, 68.48, 4, 6166
13929, 7578, 54.40, 252, 68.48, 4, 6167
13930, 7578, 54.40, 252, 68.48, 4, 6168
13931, 7579, 54.40, 252, 68.48, 4, 6168
13932, 7580, 54.41, 252, 68.48, 4, 6168
13933, 7580, 54.40, 252, 68.48, 4, 6169
13934, 7581, 54.41, 252, 68.48, 4, 6169
13935, 7582, 54.41, 252, 68.48, 4, 6169
13936, 7582, 54.41, 252, 68.48, 4, 6170
13937, 7583, 54.41, 252, 68.48, 4, 6170
13938, 7584, 54.41, 252, 68.48, 4, 6170
13939, 7584, 54.41, 252, 68.48, 4, 6171
13940, 7584, 54.40, 252, 68.48, 4, 6172
13941, 7585, 54.41, 252, 68.48, 4, 6172
13942, 7586, 54.41, 252, 68.48, 4, 6172
13943, 7587, 54.41, 252, 68.48, 4, 6172
13944, 7588, 54.42, 252, 68.48, 4, 6172
13945, 7588, 54.41, 252, 68.48, 4, 6173
13946, 7588, 54.41, 252, 68.48, 4, 6174
13947, 7588, 54.41, 252, 68.48, 4, 6175
13948, 7589, 54.41, 252, 68.48, 4, 6175
13949, 7590, 54.41, 252, 68.48, 4, 6175
13950, 7590, 54.41, 252, 68.48, 4, 6176
13951, 7590, 54.40, 252, 68.48, 4, 6177
13952, 7591, 54.41, 252, 68.48, 4, 6177
13953, 7591, 54.40, 252, 68.48, 4, 6178
13954, 7592, 54.41, 252, 68.48, 4, 6178
13955, 7593, 54.41, 252, 68.48, 4, 6178
13956, 7594, 54.41, 252, 68.48, 4, 6178
13957, 7595, 54.42, 252, 68.48, 4, 6178
13958, 7596, 54.42, 252, 68.48, 4, 6178
13959, 7597, 54.42, 252, 68.48, 4, 6178
13960, 7598, 54.43, 252, 68.48, 4, 6178
13961, 7598, 54.42, 252, 68.48, 4, 6179
13962, 7598, 54.42, 252, 68.48, 4, 6180
13963, 7599, 54.42, 252, 68.48, 4, 6180
13964, 7600, 54.43, 252, 68.48, 4, 6180
13965, 7600, 54.42, 252, 68.48, 4, 6181
13966, 7600, 54.42, 252, 68.48, 4, 6182
13967, 7601, 54.42, 252, 68.48, 4, 6182
13968, 7601, 54.42, 252, 68.48, 4, 6183
13969, 7601, 54.41, 252, 68.48, 4, 6184
13970, 7602, 54.42, 252, 68.48, 4, 6184
13971, 7603, 54.42, 252, 68.48, 4, 6184
13972, 7604, 54.42, 252, 68.48, 4, 6184
13973, 7604, 54.42, 252, 68.48, 4, 6185
13974, 7605, 54.42, 252, 68.48, 4, 6185
13975, 7606, 54.43, 252, 68.48, 4, 6185
13976, 7607, 54.43, 252, 68.48, 4, 6185
13977, 7608, 54.43, 252, 68.48, 4, 6185
13978, 7609, 54.44, 252, 68.48, 4, 6185
13979, 7609, 54.43, 252, 68.48, 4, 6186
13980, 7609, 54.43, 252, 68.48, 4, 6187
13981, 7609, 54.42, 252, 68.48, 4, 6188
13982, 7610, 54.43, 252, 68.48, 4, 6188
13983, 7610, 54.42, 252, 68.48, 4, 6189
13984, 7610, 54.42, 252, 68.48, 4, 6190
13985, 7611, 54.42, 252, 68.48, 4, 6190
13986, 7612, 54.43, 252, 68.48, 4, 6190
13987, 7613, 54.43, 252, 68.48, 4, 6190
13988, 7613, 54.43, 252, 68.48, 4, 6191
13989, 7614, 54.43, 252, 68.48, 4, 6191
13990, 7614, 54.42, 252, 68.48, 4, 6192
13991, 7614, 54.42, 252, 68.48, 4, 6193
13992, 7615, 54.42, 252, 68.48, 4, 6193
13993, 7616, 54.43, 252, 68.48, 4, 6193
13994, 7617, 54.43, 252, 68.48, 4, 6193
13995, 7617, 54.43, 252, 68.48, 4, 6194
13996, 7618, 54.43, 252, 68.48, 4, 6194
13997, 7618, 54.43, 252, 68.48, 4, 6195
13998, 7618, 54.42, 252, 68.48, 4, 6196
13999, 7618, 54.42, 252, 68.48, 4, 6197
14000, 7619, 54.42, 252, 68.48, 4, 6197
14001, 7620, 54.42, 252, 68.48, 4, 6197
14002, 7621, 54.43, 252, 68.48, 4, 6197
14003, 7622, 54.43, 252, 68.48, 4, 6197
14004, 7623, 54.43, 252, 68.48, 4, 6197
14005, 7623, 54.43, 252, 68.48, 4, 6197
14006, 7624, 54.43, 252, 68.48, 4, 6197
14007, 7625, 54.44, 252, 68.48, 4, 6197
14008, 7626, 54.44, 252, 68.48, 4, 6197
14009, 7626, 54.44, 252, 68.48, 4, 6198
14010, 7627, 54.44, 252, 68.48, 4, 6198
14011, 7628, 54.44, 252, 68.48, 4, 6198
14012, 7628, 54.44, 252, 68.48, 4, 6199
14013, 7629, 54.44, 252, 68.48, 4, 6199
14014, 7629, 54.44, 252, 68.48, 4, 6200
14015, 7630, 54.44, 252, 68.48, 4, 6200
14016, 7630, 54.44, 252, 68.48, 4, 6201
14017, 7630, 54.43, 252, 68.48, 4, 6202
14018, 7631, 54.44, 252, 68.48, 4, 6202
14019, 7631, 54.43, 252, 68.48, 4, 6203
14020, 7631, 54.43, 252, 68.48, 4, 6204
14021, 7631, 54.43, 252, 68.48, 4, 6205
14022, 7632, 54.43, 252, 68.48, 4, 6205
14023, 7632, 54.42, 252, 68.48, 4, 6206
14024, 7633, 54.43, 252, 68.48, 4, 6206
14025, 7634, 54.43, 252, 68.48, 4, 6206
14026, 7635, 54.43, 252, 68.48, 4, 6206
14027, 7636, 54.44, 252, 68.48, 4, 6206
14028, 7636, 54.43, 252, 68.48, 4, 6207
14029, 7636, 54.43, 252, 68.48, 4, 6208
14030, 7636, 54.43, 252, 68.48, 4, 6209
14031, 7637, 54.43, 252, 68.48, 4, 6209
14032, 7637, 54.43, 252, 68.48, 4, 6210
14033, 7638, 54.43, 252, 68.48, 4, 6210
14034, 7639, 54.43, 252, 68.48, 4, 6210
14035, 7639, 54.43, 252, 68.48, 4, 6211
14036, 7639, 54.42, 252, 68.48, 4, 6212
14037, 7640, 54.43, 252, 68.48, 4, 6212
14038, 7641, 54.43, 252, 68.48, 4, 6212
14039, 7641, 54.43, 252, 68.48, 4, 6213
14040, 7641, 54.42, 252, 68.48, 4, 6214
14041, 7642, 54.43, 252, 68.48, 4, 6214
14042, 7643, 54.43, 252, 68.48, 4, 6214
14043, 7644, 54.43, 252, 68.48, 4, 6214
14044, 7644, 54.43, 252, 68.48, 4, 6215
14045, 7645, 54.43, 252, 68.48, 4, 6215
14046, 7646, 54.44, 252, 68.48, 4, 6215
14047, 7647, 54.44, 252, 68.48, 4, 6215
14048, 7647, 54.43, 252, 68.48, 4, 6216
14049, 7647, 54.43, 252, 68.48, 4, 6217
14050, 7648, 54.43, 252, 68.48, 4, 6217
14051, 7649, 54.44, 252, 68.48, 4, 6217
14052, 7649, 54.43, 252, 68.48, 4, 6218
14053, 7649, 54.43, 252, 68.48, 4, 6219
14054, 7649, 54.43, 252, 68.48, 4, 6220
14055, 7650, 54.43, 252, 68.48, 4, 6220
14056, 7651, 54.43, 252, 68.48, 4, 6220
14057, 7652, 54.44, 252, 68.48, 4, 6220
14058, 7652, 54.43, 252, 68.48, 4, 6221
14059, 7652, 54.43, 252, 68.48, 4, 6222
14060, 7652, 54.42, 252, 68.48, 4, 6223
14061, 7652, 54.42, 252, 68.48, 4, 6224
14062, 7653, 54.42, 252, 68.48, 4, 6224
14063, 7653, 54.42, 252, 68.48, 4, 6225
14064, 7653, 54.42, 252, 68.48, 4, 6226
14065, 7653, 54.41, 252, 68.48, 4, 6227
14066, 7653, 54.41, 252, 68.48, 4, 6228
14067, 7654, 54.41, 252, 68.48, 4, 6228
14068, 7654, 54.41, 252, 68.48, 4, 6229
14069, 7655, 54.41, 252, 68.48, 4, 6229
14070, 7655, 54.41, 252, 68.48, 4, 6230
14071, 7656, 54.41, 252, 68.48, 4, 6230
14072, 7657, 54.41, 252, 68.48, 4, 6230
14073, 7657, 54.41, 252, 68.48, 4, 6231
14074, 7658, 54.41, 252, 68.48, 4, 6231
14075, 7659, 54.42, 252, 68.48, 4, 6231
14076, 7660, 54.42, 252, 68.48, 4, 6231
14077, 7661, 54.42, 252, 68.48, 4, 6231
14078, 7662, 54.43, 252, 68.48, 4, 6231
14079, 7662, 54.42, 252, 68.48, 4, 6232
14080, 7663, 54.42, 252, 68.48, 4, 6232
14081, 7664, 54.43, 252, 68.48, 4, 6232
14082, 7664, 54.42, 252, 68.48, 4, 6233
14083, 7664, 54.42, 252, 68.48, 4, 6234
14084, 7665, 54.42, 252, 68.48, 4, 6234
14085, 7665, 54.42, 252, 68.48, 4, 6235
14086, 7666, 54.42, 252, 68.48, 4, 6235
14087, 7666, 54.42, 252, 68.48, 4, 6236
14088, 7667, 54.42, 252, 68.48, 4, 6236
14089, 7668, 54.43, 252, 68.48, 4, 6236
14090, 7668, 54.42, 252, 68.48, 4, 6237
14091, 7669, 54.42, 252, 68.48, 4, 6237
14092, 7669, 54.42, 252, 68.48, 4, 6238
14093, 7670, 54.42, 252, 68.48, 4, 6238
14094, 7670, 54.42, 252, 68.48, 4, 6239
14095, 7671, 54.42, 252, 68.48, 4, 6239
14096, 7672, 54.43, 252, 68.48, 4, 6239
14097, 7673, 54.43, 252, 68.48, 4, 6239
14098, 7674, 54.43, 252, 68.48, 4, 6239
14099, 7674, 54.43, 252, 68.48, 4, 6240
14100, 7674, 54.43, 252, 68.48, 4, 6241
14101, 7675, 54.43, 252, 68.48, 4, 6241
14102, 7676, 54.43, 252, 68.48, 4, 6241
14103, 7677, 54.44, 252, 68.48, 4, 6241
14104, 7677, 54.43, 252, 68.48, 4, 6242
14105, 7677, 54.43, 252, 68.48, 4, 6243
14106, 7678, 54.43, 252, 68.48, 4, 6243
14107, 7679, 54.43, 252, 68.48, 4, 6243
14108, 7679, 54.43, 252, 68.48, 4, 6244
14109, 7679, 54.43, 252, 68.48, 4, 6245
14110, 7680, 54.43, 252, 68.48, 4, 6245
14111, 7680, 54.43, 252, 68.48, 4, 6246
14112, 7680, 54.42, 252, 68.48, 4, 6247
14113, 7680, 54.42, 252, 68.48, 4, 6248
14114, 7681, 54.42, 252, 68.48, 4, 6248
14115, 7681, 54.42, 252, 68.48, 4, 6249
14116, 7681, 54.41, 252, 68.48, 4, 6250
14117, 7682, 54.42, 252, 68.48, 4, 6250
14118, 7682, 54.41, 252, 68.48, 4, 6251
14119, 7683, 54.42, 252, 68.48, 4, 6251
14120, 7684, 54.42, 252, 68.48, 4, 6251
14121, 7685, 54.42, 252, 68.48, 4, 6251
14122, 7685, 54.42, 252, 68.48, 4, 6252
14123, 7686, 54.42, 252, 68.48, 4, 6252
14124, 7687, 54.43, 252, 68.48, 4, 6252
14125, 7688, 54.43, 252, 68.48, 4, 6252
14126, 7688, 54.42, 252, 68.48, 4, 6253
14127, 7688, 54.42, 252, 68.48, 4, 6254
14128, 7688, 54.42, 252, 68.48, 4, 6255
14129, 7688, 54.41, 252, 68.48, 4, 6256
14130, 7689, 54.42, 252, 68.48, 4, 6256
14131, 7690, 54.42, 252, 68.48, 4, 6256
14132, 7690, 54.42, 252, 68.48, 4, 6257
14133, 7690, 54.41, 252, 68.48, 4, 6258
14134, 7691, 54.41, 252, 68.48, 4, 6258
14135, 7691, 54.41, 252, 68.48, 4, 6259
14136, 7691, 54.41, 252, 68.48, 4, 6260
14137, 7692, 54.41, 252, 68.48, 4, 6260
14138, 7693, 54.41, 252, 68.48, 4, 6260
14139, 7693, 54.41, 252, 68.48, 4, 6261
14140, 7693, 54.41, 252, 68.48, 4, 6262
14141, 7693, 54.40, 252, 68.48, 4, 6263
14142, 7694, 54.41, 252, 68.48, 4, 6263
14143, 7695, 54.41, 252, 68.48, 4, 6263
14144, 7695, 54.40, 252, 68.48, 4, 6264
14145, 7696, 54.41, 252, 68.48, 4, 6264
14146, 7696, 54.40, 252, 68.48, 4, 6265
14147, 7697, 54.41, 252, 68.48, 4, 6265
14148, 7698, 54.41, 252, 68.48, 4, 6265
14149, 7699, 54.41, 252, 68.48, 4, 6265
14150, 7699, 54.41, 252, 68.48, 4, 6266
14151, 7699, 54.41, 252, 68.48, 4, 6267
14152, 7699, 54.40, 252, 68.48, 4, 6268
14153, 7700, 54.41, 252, 68.48, 4, 6268
14154, 7701, 54.41, 252, 68.48, 4, 6268
14155, 7702, 54.41, 252, 68.48, 4, 6268
14156, 7702, 54.41, 252, 68.48, 4, 6269
14157, 7703, 54.41, 252, 68.48, 4, 6269
14158, 7704, 54.41, 252, 68.48, 4, 6269
14159, 7704, 54.41, 252, 68.48, 4, 6270
14160, 7705, 54.41, 252, 68.48, 4, 6270
14161, 7706, 54.42, 252, 68.48, 4, 6270
14162, 7707, 54.42, 252, 68.48, 4, 6270
14163, 7708, 54.42, 252, 68.48, 4, 6270
14164, 7708, 54.42, 252, 68.48, 4, 6271
14165, 7708, 54.42, 252, 68.48, 4, 6272
14166, 7708, 54.41, 252, 68.48, 4, 6273
14167, 7708, 54.41, 252, 68.48, 4, 6274
14168, 7708, 54.40, 252, 68.48, 4, 6275
14169, 7709, 54.41, 252, 68.48, 4, 6275
14170, 7710, 54.41, 252, 68.48, 4, 6275
14171, 7710, 54.41, 252, 68.48, 4, 6276
14172, 7710, 54.40, 252, 68.48, 4, 6277
14173, 7710, 54.40, 252, 68.48, 4, 6278
14174, 7711, 54.40, 252, 68.48, 4, 6278
14175, 7711, 54.40, 252, 68.48, 4, 6279
14176, 7711, 54.39, 252, 68.48, 4, 6280
14177, 7712, 54.40, 252, 68.48, 4, 6280
14178, 7713, 54.40, 252, 68.48, 4, 6280
14179, 7714, 54.40, 252, 68.48, 4, 6280
14180, 7715, 54.41, 252, 68.48, 4, 6280
14181, 7715, 54.40, 252, 68.48, 4, 6281
14182, 7715, 54.40, 252, 68.48, 4, 6281
14183, 7715, 54.40, 252, 68.48, 4, 6282
14184, 7715, 54.39, 252, 68.48, 4, 6283
14185, 7716, 54.40, 252, 68.48, 4, 6283
14186, 7717, 54.40, 252, 68.48, 4, 6283
14187, 7718, 54.40, 252, 68.48, 4, 6283
14188, 7719, 54.41, 252, 68.48, 4, 6283
14189, 7719, 54.40, 252, 68.48, 4, 6284
14190, 7720, 54.40, 252, 68.48, 4, 6284
14191, 7720, 54.40, 252, 68.48, 4, 6285
14192, 7720, 54.40, 252, 68.48, 4, 6286
14193, 7721, 54.40, 252, 68.48, 4, 6286
14194, 7721, 54.40, 252, 68.48, 4, 6287
14195, 7721, 54.39, 252, 68.48, 4, 6288
14196, 7722, 54.40, 252, 68.48, 4, 6288
14197, 7722, 54.39, 252, 68.48, 4, 6289
14198, 7722, 54.39, 252, 68.48, 4, 6290
14199, 7723, 54.39, 252, 68.48, 4, 6290
14200, 7723, 54.39, 252, 68.48, 4, 6291
14201, 7724, 54.39, 252, 68.48, 4, 6291
14202, 7725, 54.39, 252, 68.48, 4, 6291
14203, 7726, 54.40, 252, 68.48, 4, 6291
14204, 7727, 54.40, 252, 68.48, 4, 6291
14205, 7727, 54.40, 252, 68.48, 4, 6292
14206, 7727, 54.39, 252, 68.48, 4, 6293
14207, 7728, 54.40, 252, 68.48, 4, 6293
14208, 7729, 54.40, 252, 68.48, 4, 6293
14209, 7729, 54.40, 252, 68.48, 4, 6294
14210, 7729, 54.39, 252, 68.48, 4, 6295
14211, 7729, 54.39, 252, 68.48, 4, 6296
14212, 7730, 54.39, 252, 68.48, 4, 6296
14213, 7731, 54.39, 252, 68.48, 4, 6296
14214, 7731, 54.39, 252, 68.48, 4, 6297
14215, 7731, 54.39, 252, 68.48, 4, 6298
14216, 7731, 54.38, 252, 68.48, 4, 6299
14217, 7732, 54.39, 252, 68.48, 4, 6299
14218, 7732, 54.38, 252, 68.48, 4, 6300
14219, 7733, 54.38, 252, 68.48, 4, 6300
14220, 7734, 54.39, 252, 68.48, 4, 6300
14221, 7735, 54.39, 252, 68.48, 4, 6300
14222, 7736, 54.39, 252, 68.48, 4, 6300
14223, 7737, 54.40, 252, 68.48, 4, 6300
14224, 7738, 54.40, 252, 68.48, 4, 6300
14225, 7738, 54.40, 252, 68.48, 4, 6301
14226, 7739, 54.40, 252, 68.48, 4, 6301
14227, 7739, 54.40, 252, 68.48, 4, 6302
14228, 7740, 54.40, 252, 68.48, 4, 6302
14229, 7741, 54.40, 252, 68.48, 4, 6302
14230, 7742, 54.41, 252, 68.48, 4, 6302
14231, 7743, 54.41, 252, 68.48, 4, 6302
14232, 7743, 54.41, 252, 68.48, 4, 6303
14233, 7744, 54.41, 252, 68.48, 4, 6303
14234, 7745, 54.41, 252, 68.48, 4, 6303
14235, 7746, 54.42, 252, 68.48, 4, 6303
14236, 7747, 54.42, 252, 68.48, 4, 6303
14237, 7747, 54.41, 252, 68.48, 4, 6304
14238, 7747, 54.41, 252, 68.48, 4, 6305
14239, 7747, 54.41, 252, 68.48, 4, 6306
14240, 7747, 54.40, 252, 68.48, 4, 6307
14241, 7747, 54.40, 252, 68.48, 4, 6308
14242, 7747, 54.40, 252, 68.48, 4, 6309
14243, 7747, 54.39, 252, 68.48, 4, 6310
14244, 7748, 54.39, 252, 68.48, 4, 6310
14245, 7748, 54.39, 252, 68.48, 4, 6311
14246, 7749, 54.39, 252, 68.48, 4, 6311
14247, 7750, 54.40, 252, 68.48, 4, 6311
14248, 7751, 54.40, 252, 68.48, 4, 6311
14249, 7752, 54.40, 252, 68.48, 4, 6311
14250, 7753, 54.41, 252, 68.48, 4, 6311
14251, 7754, 54.41, 252, 68.48, 4, 6311
14252, 7755, 54.41, 252, 68.48, 4, 6311
14253, 7756, 54.42, 252, 68.48, 4, 6311
14254, 7757, 54.42, 252, 68.48, 4, 6311
14255, 7758, 54.42, 252, 68.48, 4, 6311
14256, 7758, 54.42, 252, 68.48, 4, 6312
14257, 7759, 54.42, 252, 68.48, 4, 6312
14258, 7760, 54.43, 252, 68.48, 4, 6312
14259, 7761, 54.43, 252, 68.48, 4, 6312
14260, 7762, 54.43, 252, 68.48, 4, 6312
14261, 7763, 54.44, 252, 68.48, 4, 6312
14262, 7764, 54.44, 252, 68.48, 4, 6312
14263, 7764, 54.43, 252, 68.48, 4, 6313
14264, 7764, 54.43, 252, 68.48, 4, 6314
14265, 7764, 54.43, 252, 68.48, 4, 6315
14266, 7764, 54.42, 252, 68.48, 4, 6316
14267, 7765, 54.43, 252, 68.48, 4, 6316
14268, 7766, 54.43, 252, 68.48, 4, 6316
14269, 7766, 54.43, 252, 68.48, 4, 6317
14270, 7766, 54.42, 252, 68.48, 4, 6318
14271, 7767, 54.43, 252, 68.48, 4, 6318
14272, 7767, 54.42, 252, 68.48, 4, 6319
14273, 7768, 54.42, 252, 68.48, 4, 6319
14274, 7768, 54.42, 252, 68.48, 4, 6320
14275, 7769, 54.42, 252, 68.48, 4, 6320
14276, 7770, 54.43, 252, 68.48, 4, 6320
14277, 7770, 54.42, 252, 68.48, 4, 6321
14278, 7771, 54.43, 252, 68.48, 4, 6321
14279, 7772, 54.43, 252, 68.48, 4, 6321
14280, 7772, 54.43, 252, 68.48, 4, 6322
14281, 7772, 54.42, 252, 68.48, 4, 6323
14282, 7773, 54.43, 252, 68.48, 4, 6323
14283, 7774, 54.43, 252, 68.48, 4, 6323
14284, 7775, 54.43, 252, 68.48, 4, 6323
14285, 7776, 54.43, 252, 68.48, 4, 6323
14286, 7776, 54.43, 252, 68.48, 4, 6324
14287, 7776, 54.43, 252, 68.48, 4, 6325
14288, 7777, 54.43, 252, 68.48, 4, 6325
14289, 7777, 54.43, 252, 68.48, 4, 6326
14290, 7778, 54.43, 252, 68.48, 4, 6326
14291, 7778, 54.43, 252, 68.48, 4, 6327
14292, 7779, 54.43, 252, 68.48, 4, 6327
14293, 7780, 54.43, 252, 68.48, 4, 6327
14294, 7781, 54.44, 252, 68.48, 4, 6327
14295, 7782, 54.44, 252, 68.48, 4, 6327
14296, 7782, 54.43, 252, 68.48, 4, 6328
14297, 7782, 54.43, 252, 68.48, 4, 6329
14298, 7783, 54.43, 252, 68.48, 4, 6329
14299, 7783, 54.43, 252, 68.48, 4, 6330
14300, 7783, 54.43, 252, 68.48, 4, 6331
14301, 7783, 54.42, 252, 68.48, 4, 6332
14302, 7783, 54.42, 252, 68.48, 4, 6333
14303, 7783, 54.42, 252, 68.48, 4, 6334
14304, 7783, 54.41, 252, 68.48, 4, 6335
14305, 7783, 54.41, 252, 68.48, 4, 6336
14306, 7783, 54.40, 252, 68.48, 4, 6337
14307, 7783, 54.40, 252, 68.48, 4, 6338
14308, 7784, 54.40, 252, 68.48, 4, 6338
14309, 7785, 54.41, 252, 68.48, 4, 6338
14310, 7786, 54.41, 252, 68.48, 4, 6338
14311, 7787, 54.41, 252, 68.48, 4, 6338
14312, 7788, 54.42, 252, 68.48, 4, 6338
14313, 7788, 54.41, 252, 68.48, 4, 6339
14314, 7789, 54.42, 252, 68.48, 4, 6339
14315, 7790, 54.42, 252, 68.48, 4, 6339
14316, 7790, 54.41, 252, 68.48, 4, 6340
14317, 7791, 54.42, 252, 68.48, 4, 6340
14318, 7792, 54.42, 252, 68.48, 4, 6340
14319, 7792, 54.42, 252, 68.48, 4, 6341
14320, 7793, 54.42, 252, 68.48, 4, 6341
14321, 7794, 54.42, 252, 68.48, 4, 6341
14322, 7794, 54.42, 252, 68.48, 4, 6342
14323, 7795, 54.42, 252, 68.48, 4, 6342
14324, 7796, 54.43, 252, 68.48, 4, 6342
14325, 7796, 54.42, 252, 68.48, 4, 6343
14326, 7796, 54.42, 252, 68.48, 4, 6344
14327, 7797, 54.42, 252, 68.48, 4, 6344
14328, 7797, 54.42, 252, 68.48, 4, 6345
14329, 7797, 54.41, 252, 68.48, 4, 6346
14330, 7798, 54.42, 252, 68.48, 4, 6346
14331, 7798, 54.41, 252, 68.48, 4, 6347
14332, 7798, 54.41, 252, 68.48, 4, 6348
14333, 7798, 54.41, 252, 68.48, 4, 6349
14334, 7798, 54.40, 252, 68.48, 4, 6350
14335, 7798, 54.40, 252, 68.48, 4, 6351
14336, 7798, 54.39, 252, 68.48, 4, 6352
14337, 7799, 54.40, 252, 68.48, 4, 6352
14338, 7800, 54.40, 252, 68.48, 4, 6352
14339, 7800, 54.40, 252, 68.48, 4, 6353
14340, 7800, 54.39, 252, 68.48, 4, 6354
14341, 7801, 54.40, 252, 68.48, 4, 6354
14342, 7801, 54.39, 252, 68.48, 4, 6355
14343, 7801, 54.39, 252, 68.48, 4, 6356
14344, 7801, 54.39, 252, 68.48, 4, 6357
14345, 7802, 54.39, 252, 68.48, 4, 6357
14346, 7803, 54.39, 252, 68.48, 4, 6357
14347, 7803, 54.39, 252, 68.48, 4, 6358
14348, 7803, 54.38, 252, 68.48, 4, 6359
14349, 7804, 54.39, 252, 68.48, 4, 6359
14350, 7805, 54.39, 252, 68.48, 4, 6359
14351, 7806, 54.39, 252, 68.48, 4, 6359
14352, 7806, 54.39, 252, 68.48, 4, 6360
14353, 7807, 54.39, 252, 68.48, 4, 6360
14354, 7808, 54.40, 252, 68.48, 4, 6360
14355, 7808, 54.39, 252, 68.48, 4, 6361
14356, 7808, 54.39, 252, 68.48, 4, 6362
14357, 7809, 54.39, 252, 68.48, 4, 6362
14358, 7809, 54.39, 252, 68.48, 4, 6363
14359, 7809, 54.38, 252, 68.48, 4, 6364
14360, 7809, 54.38, 252, 68.48, 4, 6365
14361, 7809, 54.38, 252, 68.48, 4, 6366
14362, 7809, 54.37, 252, 68.48, 4, 6367
14363, 7809, 54.37, 252, 68.48, 4, 6368
14364, 7809, 54.37, 252, 68.48, 4, 6369
14365, 7810, 54.37, 252, 68.48, 4, 6369
14366, 7810, 54.36, 252, 68.48, 4, 6370
14367, 7810, 54.36, 252, 68.48, 4, 6371
14368, 7810, 54.36, 252, 68.48, 4, 6372
14369, 7811, 54.36, 252, 68.48, 4, 6372
14370, 7811, 54.36, 252, 68.48, 4, 6373
14371, 7811, 54.35, 252, 68.48, 4, 6374
14372, 7812, 54.36, 252, 68.48, 4, 6374
14373, 7812, 54.35, 252, 68.48, 4, 6375
14374, 7812, 54.35, 252, 68.48, 4, 6376
14375, 7812, 54.34, 252, 68.48, 4, 6376
14376, 7812, 54.34, 252, 68.48, 4, 6377
14377, 7812, 54.34, 252, 68.48, 4, 6378
14378, 7812, 54.33, 252, 68.48, 4, 6379
14379, 7813, 54.34, 252, 68.48, 4, 6379
14380, 7813, 54.33, 252, 68.48, 4, 6380
14381, 7814, 54.34, 252, 68.48, 4, 6380
14382, 7814, 54.33, 252, 68.48, 4, 6381
14383, 7815, 54.33, 252, 68.48, 4, 6381
14384, 7815, 54.33, 252, 68.48, 4, 6382
14385, 7816, 54.33, 252, 68.48, 4, 6382
14386, 7817, 54.34, 252, 68.48, 4, 6382
14387, 7817, 54.33, 252, 68.48, 4, 6383
14388, 7817, 54.33, 252, 68.48, 4, 6384
14389, 7817, 54.33, 252, 68.48, 4, 6385
14390, 7818, 54.33, 252, 68.48, 4, 6385
14391, 7818, 54.33, 252, 68.48, 4, 6386
14392, 7818, 54.32, 252, 68.48, 4, 6387
14393, 7818, 54.32, 252, 68.48, 4, 6388
14394, 7818, 54.31, 252, 68.48, 4, 6389
14395, 7818, 54.31, 252, 68.48, 4, 6390
14396, 7819, 54.31, 252, 68.48, 4, 6390
14397, 7819, 54.31, 252, 68.48, 4, 6391
14398, 7820, 54.31, 252, 68.48, 4, 6391
14399, 7820, 54.31, 252, 68.48, 4, 6392
14400, 7821, 54.31, 252, 68.48, 4, 6392
14401, 7821, 54.31, 252, 68.48, 4, 6393
14402, 7821, 54.30, 252, 68.48, 4, 6394
14403, 7821, 54.30, 252, 68.48, 4, 6395
14404, 7821, 54.30, 252, 68.48, 4, 6396
14405, 7821, 54.29, 252, 68.48, 4, 6397
14406, 7822, 54.30, 252, 68.48, 4, 6397
14407, 7823, 54.30, 252, 68.48, 4, 6397
14408, 7823, 54.30, 252, 68.48, 4, 6398
14409, 7824, 54.30, 252, 68.48, 4, 6398
14410, 7824, 54.30, 252, 68.48, 4, 6399
14411, 7825, 54.30, 252, 68.48, 4, 6399
14412, 7825, 54.30, 252, 68.48, 4, 6400
14413, 7825, 54.29, 252, 68.48, 4, 6401
14414, 7826, 54.29, 252, 68.48, 4, 6401
14415, 7827, 54.30, 252, 68.48, 4, 6401
14416, 7827, 54.29, 252, 68.48, 4, 6402
14417, 7828, 54.30, 252, 68.48, 4, 6402
14418, 7829, 54.30, 252, 68.48, 4, 6402
14419, 7829, 54.30, 252, 68.48, 4, 6403
14420, 7829, 54.29, 252, 68.48, 4, 6404
14421, 7829, 54.29, 252, 68.48, 4, 6405
14422, 7830, 54.29, 252, 68.48, 4, 6405
14423, 7830, 54.29, 252, 68.48, 4, 6406
14424, 7831, 54.29, 252, 68.48, 4, 6406
14425, 7832, 54.29, 252, 68.48, 4, 6406
14426, 7833, 54.30, 252, 68.48, 4, 6406
14427, 7834, 54.30, 252, 68.48, 4, 6406
14428, 7835, 54.30, 252, 68.48, 4, 6406
14429, 7836, 54.31, 252, 68.48, 4, 6406
14430, 7837, 54.31, 252, 68.48, 4, 6406
14431, 7837, 54.31, 252, 68.48, 4, 6407
14432, 7837, 54.30, 252, 68.48, 4, 6408
14433, 7838, 54.31, 252, 68.48, 4, 6408
14434, 7838, 54.30, 252, 68.48, 4, 6409
14435, 7838, 54.30, 252, 68.48, 4, 6410
14436, 7839, 54.30, 252, 68.48, 4, 6410
14437, 7840, 54.30, 252, 68.48, 4, 6410
14438, 7840, 54.30, 252, 68.48, 4, 6411
14439, 7841, 54.30, 252, 68.48, 4, 6411
14440, 7842, 54.31, 252, 68.48, 4, 6411
14441, 7843, 54.31, 252, 68.48, 4, 6411
14442, 7844, 54.31, 252, 68.48, 4, 6411
14443, 7845, 54.32, 252, 68.48, 4, 6411
14444, 7846, 54.32, 252, 68.48, 4, 6411
14445, 7847, 54.32, 252, 68.48, 4, 6411
14446, 7847, 54.32, 252, 68.48, 4, 6412
14447, 7848, 54.32, 252, 68.48, 4, 6412
14448, 7849, 54.33, 252, 68.48, 4, 6412
14449, 7850, 54.33, 252, 68.48, 4, 6412
14450, 7851, 54.33, 252, 68.48, 4, 6412
14451, 7851, 54.33, 252, 68.48, 4, 6413
14452, 7851, 54.32, 252, 68.48, 4, 6414
14453, 7851, 54.32, 252, 68.48, 4, 6415
14454, 7852, 54.32, 252, 68.48, 4, 6415
14455, 7853, 54.33, 252, 68.48, 4, 6415
14456, 7854, 54.33, 252, 68.48, 4, 6415
14457, 7854, 54.33, 252, 68.48, 4, 6416
14458, 7855, 54.33, 252, 68.48, 4, 6416
14459, 7855, 54.33, 252, 68.48, 4, 6417
14460, 7856, 54.33, 252, 68.48, 4, 6417
14461, 7856, 54.33, 252, 68.48, 4, 6418
14462, 7857, 54.33, 252, 68.48, 4, 6418
14463, 7857, 54.32, 252, 68.48, 4, 6419
14464, 7857, 54.32, 252, 68.48, 4, 6420
14465, 7857, 54.32, 252, 68.48, 4, 6421
14466, 7858, 54.32, 252, 68.48, 4, 6421
14467, 7859, 54.32, 252, 68.48, 4, 6421
14468, 7860, 54.33, 252, 68.48, 4, 6421
14469, 7860, 54.32, 252, 68.48, 4, 6422
14470, 7860, 54.32, 252, 68.48, 4, 6423
14471, 7861, 54.32, 252, 68.48, 4, 6423
14472, 7862, 54.33, 252, 68.48, 4, 6423
14473, 7862, 54.32, 252, 68.48, 4, 6424
14474, 7863, 54.32, 252, 68.48, 4, 6424
14475, 7864, 54.33, 252, 68.48, 4, 6424
14476, 7865, 54.33, 252, 68.48, 4, 6424
14477, 7866, 54.33, 252, 68.48, 4, 6424
14478, 7867, 54.34, 252, 68.48, 4, 6424
14479, 7867, 54.33, 252, 68.48, 4, 6425
14480, 7868, 54.34, 252, 68.48, 4, 6425
14481, 7868, 54.33, 252, 68.48, 4, 6426
14482, 7868, 54.33, 252, 68.48, 4, 6427
14483, 7869, 54.33, 252, 68.48, 4, 6427
14484, 7870, 54.34, 252, 68.48, 4, 6427
14485, 7871, 54.34, 252, 68.48, 4, 6427
14486, 7872, 54.34, 252, 68.48, 4, 6427
14487, 7873, 54.35, 252, 68.48, 4, 6427
14488, 7873, 54.34, 252, 68.48, 4, 6428
14489, 7874, 54.34, 252, 68.48, 4, 6428
14490, 7875, 54.35, 252, 68.48, 4, 6428
14491, 7876, 54.35, 252, 68.48, 4, 6428
14492, 7877, 54.35, 252, 68.48, 4, 6428
14493, 7877, 54.35, 252, 68.48, 4, 6429
14494, 7878, 54.35, 252, 68.48, 4, 6429
14495, 7878, 54.35, 252, 68.48, 4, 6430
14496, 7878, 54.35, 252, 68.48, 4, 6431
14497, 7879, 54.35, 252, 68.48, 4, 6431
14498, 7879, 54.35, 252, 68.48, 4, 6432
14499, 7879, 54.34, 252, 68.48, 4, 6433
14500, 7879, 54.34, 252, 68.48, 4, 6434
14501, 7880, 54.34, 252, 68.48, 4, 6434
14502, 7880, 54.34, 252, 68.48, 4, 6435
14503, 7881, 54.34, 252, 68.48, 4, 6435
14504, 7881, 54.34, 252, 68.48, 4, 6436
14505, 7882, 54.34, 252, 68.48, 4, 6436
14506, 7883, 54.34, 252, 68.48, 4, 6436
14507, 7883, 54.34, 252, 68.48, 4, 6437
14508, 7884, 54.34, 252, 68.48, 4, 6437
14509, 7885, 54.35, 252, 68.48, 4, 6437
14510, 7886, 54.35, 252, 68.48, 4, 6437
14511, 7887, 54.35, 252, 68.48, 4, 6437
14512, 7888, 54.36, 252, 68.48, 4, 6437
14513, 7889, 54.36, 252, 68.48, 4, 6437
14514, 7890, 54.36, 252, 68.48, 4, 6437
14515, 7890, 54.36, 252, 68.48, 4, 6438
14516, 7890, 54.35, 252, 68.48, 4, 6439
14517, 7890, 54.35, 252, 68.48, 4, 6440
14518, 7891, 54.35, 252, 68.48, 4, 6440
14519, 7892, 54.36, 252, 68.48, 4, 6440
14520, 7892, 54.35, 252, 68.48, 4, 6441
14521, 7892, 54.35, 252, 68.48, 4, 6442
14522, 7893, 54.35, 252, 68.48, 4, 6442
14523, 7893, 54.35, 252, 68.48, 4, 6443
14524, 7893, 54.34, 252, 68.48, 4, 6444
14525, 7894, 54.35, 252, 68.48, 4, 6444
14526, 7895, 54.35, 252, 68.48, 4, 6444
14527, 7896, 54.35, 252, 68.48, 4, 6444
14528, 7897, 54.36, 252, 68.48, 4, 6444
14529, 7897, 54.35, 252, 68.48, 4, 6445
14530, 7897, 54.35, 252, 68.48, 4, 6446
14531, 7898, 54.35, 252, 68.48, 4, 6446
14532, 7899, 54.36, 252, 68.48, 4, 6446
14533, 7900, 54.36, 252, 68.48, 4, 6446
14534, 7901, 54.36, 252, 68.48, 4, 6446
14535, 7902, 54.37, 252, 68.48, 4, 6446
14536, 7903, 54.37, 252, 68.48, 4, 6446
14537, 7903, 54.36, 252, 68.48, 4, 6447
14538, 7903, 54.36, 252, 68.48, 4, 6448
14539, 7903, 54.36, 252, 68.48, 4, 6449
14540, 7903, 54.35, 252, 68.48, 4, 6450
14541, 7903, 54.35, 252, 68.48, 4, 6451
14542, 7904, 54.35, 252, 68.48, 4, 6451
14543, 7904, 54.35, 252, 68.48, 4, 6452
14544, 7905, 54.35, 252, 68.48, 4, 6452
14545, 7906, 54.36, 252, 68.48, 4, 6452
14546, 7907, 54.36, 252, 68.48, 4, 6452
14547, 7908, 54.36, 252, 68.48, 4, 6452
14548, 7908, 54.36, 252, 68.48, 4, 6453
14549, 7908, 54.35, 252, 68.48, 4, 6454
14550, 7908, 54.35, 252, 68.48, 4, 6455
14551, 7908, 54.35, 252, 68.48, 4, 6456
14552, 7908, 54.34, 252, 68.48, 4, 6457
14553, 7908, 54.34, 252, 68.48, 4, 6458
14554, 7909, 54.34, 252, 68.48, 4, 6458
14555, 7909, 54.34, 252, 68.48, 4, 6459
14556, 7910, 54.34, 252, 68.48, 4, 6459
14557, 7911, 54.34, 252, 68.48, 4, 6459
14558, 7912, 54.35, 252, 68.48, 4, 6459
14559, 7912, 54.34, 252, 68.48, 4, 6460
14560, 7912, 54.34, 252, 68.48, 4, 6461
14561, 7913, 54.34, 252, 68.48, 4, 6461
14562, 7913, 54.34, 252, 68.48, 4, 6462
14563, 7913, 54.34, 252, 68.48, 4, 6463
14564, 7914, 54.34, 252, 68.48, 4, 6463
14565, 7914, 54.34, 252, 68.48, 4, 6464
14566, 7914, 54.33, 252, 68.48, 4, 6465
14567, 7914, 54.33, 252, 68.48, 4, 6466
14568, 7914, 54.32, 252, 68.48, 4, 6467
14569, 7914, 54.32, 252, 68.48, 4, 6468
14570, 7915, 54.32, 252, 68.48, 4, 6468
14571, 7916, 54.33, 252, 68.48, 4, 6468
14572, 7916, 54.32, 252, 68.48, 4, 6469
14573, 7916, 54.32, 252, 68.48, 4, 6470
14574, 7916, 54.32, 252, 68.48, 4, 6471
14575, 7916, 54.31, 252, 68.48, 4, 6472
14576, 7917, 54.32, 252, 68.48, 4, 6472
14577, 7918, 54.32, 252, 68.48, 4, 6472
14578, 7919, 54.32, 252, 68.48, 4, 6472
14579, 7919, 54.32, 252, 68.48, 4, 6473
14580, 7920, 54.32, 252, 68.48, 4, 6473
14581, 7921, 54.32, 252, 68.48, 4, 6473
14582, 7921, 54.32, 252, 68.48, 4, 6474
14583, 7921, 54.32, 252, 68.48, 4, 6475
14584, 7921, 54.31, 252, 68.48, 4, 6476
14585, 7921, 54.31, 252, 68.48, 4, 6477
14586, 7921, 54.31, 252, 68.48, 4, 6478
14587, 7922, 54.31, 252, 68.48, 4, 6478
14588, 7922, 54.30, 252, 68.48, 4, 6479
14589, 7922, 54.30, 252, 68.48, 4, 6480
14590, 7923, 54.30, 252, 68.48, 4, 6480
14591, 7923, 54.30, 252, 68.48, 4, 6481
14592, 7924, 54.30, 252, 68.48, 4, 6481
14593, 7924, 54.30, 252, 68.48, 4, 6482
14594, 7925, 54.30, 252, 68.48, 4, 6482
14595, 7925, 54.30, 252, 68.48, 4, 6483
14596, 7926, 54.30, 252, 68.48, 4, 6483
14597, 7926, 54.30, 252, 68.48, 4, 6484
14598, 7927, 54.30, 252, 68.48, 4, 6484
14599, 7927, 54.30, 252, 68.48, 4, 6485
14600, 7928, 54.30, 252, 68.48, 4, 6485
14601, 7928, 54.30, 252, 68.48, 4, 6486
14602, 7929, 54.30, 252, 68.48, 4, 6486
14603, 7930, 54.30, 252, 68.48, 4, 6486
14604, 7931, 54.31, 252, 68.48, 4, 6486
14605, 7931, 54.30, 252, 68.48, 4, 6487
14606, 7931, 54.30, 252, 68.48, 4, 6488
14607, 7932, 54.30, 252, 68.48, 4, 6488
14608, 7933, 54.31, 252, 68.48, 4, 6488
14609, 7933, 54.30, 252, 68.48, 4, 6489
14610, 7934, 54.31, 252, 68.48, 4, 6489
14611, 7935, 54.31, 252, 68.48, 4, 6489
14612, 7936, 54.31, 252, 68.48, 4, 6489
14613, 7937, 54.31, 252, 68.48, 4, 6489
14614, 7938, 54.32, 252, 68.48, 4, 6489
14615, 7939, 54.32, 252, 68.48, 4, 6489
14616, 7940, 54.32, 252, 68.48, 4, 6489
14617, 7940, 54.32, 252, 68.48, 4, 6490
14618, 7941, 54.32, 252, 68.48, 4, 6490
14619, 7942, 54.33, 252, 68.48, 4, 6490
14620, 7942, 54.32, 252, 68.48, 4, 6491
14621, 7943, 54.33, 252, 68.48, 4, 6491
14622, 7944, 54.33, 252, 68.48, 4, 6491
14623, 7945, 54.33, 252, 68.48, 4, 6491
14624, 7945, 54.33, 252, 68.48, 4, 6492
14625, 7945, 54.32, 252, 68.48, 4, 6493
14626, 7946, 54.33, 252, 68.48, 4, 6493
14627, 7946, 54.32, 252, 68.48, 4, 6494
14628, 7947, 54.33, 252, 68.48, 4, 6494
14629, 7948, 54.33, 252, 68.48, 4, 6494
14630, 7949, 54.33, 252, 68.48, 4, 6494
14631, 7949, 54.33, 252, 68.48, 4, 6495
14632, 7949, 54.33, 252, 68.48, 4, 6496
14633, 7950, 54.33, 252, 68.48, 4, 6496
14634, 7950, 54.33, 252, 68.48, 4, 6497
14635, 7950, 54.32, 252, 68.48, 4, 6498
14636, 7950, 54.32, 252, 68.48, 4, 6499
14637, 7951, 54.32, 252, 68.48, 4, 6499
14638, 7951, 54.32, 252, 68.48, 4, 6500
14639, 7952, 54.32, 252, 68.48, 4, 6500
14640, 7953, 54.32, 252, 68.48, 4, 6500
14641, 7954, 54.33, 252, 68.48, 4, 6500
14642, 7955, 54.33, 252, 68.48, 4, 6500
14643, 7955, 54.33, 252, 68.48, 4, 6501
14644, 7956, 54.33, 252, 68.48, 4, 6501
14645, 7956, 54.33, 252, 68.48, 4, 6502
14646, 7956, 54.32, 252, 68.48, 4, 6503
14647, 7956, 54.32, 252, 68.48, 4, 6504
14648, 7957, 54.32, 252, 68.48, 4, 6504
14649, 7957, 54.32, 252, 68.48, 4, 6504
14650, 7957, 54.31, 252, 68.48, 4, 6505
14651, 7958, 54.32, 252, 68.48, 4, 6505
14652, 7959, 54.32, 252, 68.48, 4, 6505
14653, 7959, 54.32, 252, 68.48, 4, 6506
14654, 7960, 54.32, 252, 68.48, 4, 6506
14655, 7961, 54.32, 252, 68.48, 4, 6506
14656, 7961, 54.32, 252, 68.48, 4, 6507
14657, 7961, 54.32, 252, 68.48, 4, 6508
14658, 7962, 54.32, 252, 68.48, 4, 6508
14659, 7962, 54.31, 252, 68.48, 4, 6509
14660, 7963, 54.32, 252, 68.48, 4, 6509
14661, 7964, 54.32, 252, 68.48, 4, 6509
14662, 7964, 54.32, 252, 68.48, 4, 6510
14663, 7964, 54.31, 252, 68.48, 4, 6511
14664, 7964, 54.31, 252, 68.48, 4, 6512
14665, 7964, 54.31, 252, 68.48, 4, 6513
14666, 7964, 54.30, 252, 68.48, 4, 6514
14667, 7965, 54.31, 252, 68.48, 4, 6514
14668, 7965, 54.30, 252, 68.48, 4, 6515
14669, 7966, 54.30, 252, 68.48, 4, 6515
14670, 7966, 54.30, 252, 68.48, 4, 6516
14671, 7966, 54.30, 252, 68.48, 4, 6517
14672, 7967, 54.30, 252, 68.48, 4, 6517
14673, 7967, 54.30, 252, 68.48, 4, 6518
14674, 7968, 54.30, 252, 68.48, 4, 6518
14675, 7968, 54.30, 252, 68.48, 4, 6519
14676, 7969, 54.30, 252, 68.48, 4, 6519
14677, 7970, 54.30, 252, 68.48, 4, 6519
14678, 7971, 54.31, 252, 68.48, 4, 6519
14679, 7972, 54.31, 252, 68.48, 4, 6519
14680, 7972, 54.31, 252, 68.48, 4, 6520
14681, 7973, 54.31, 252, 68.48, 4, 6520
14682, 7974, 54.31, 252, 68.48, 4, 6520
14683, 7975, 54.31, 252, 68.48, 4, 6520
14684, 7975, 54.31, 252, 68.48, 4, 6521
14685, 7976, 54.31, 252, 68.48, 4, 6521
14686, 7976, 54.31, 252, 68.48, 4, 6522
14687, 7976, 54.31, 252, 68.48, 4, 6523
14688, 7977, 54.31, 252, 68.48, 4, 6523
14689, 7978, 54.31, 252, 68.48, 4, 6523
14690, 7979, 54.32, 252, 68.48, 4, 6523
14691, 7980, 54.32, 252, 68.48, 4, 6523
14692, 7981, 54.32, 252, 68.48, 4, 6523
14693, 7982, 54.33, 252, 68.48, 4, 6523
14694, 7982, 54.32, 252, 68.48, 4, 6524
14695, 7982, 54.32, 252, 68.48, 4, 6525
14696, 7982, 54.31, 252, 68.48, 4, 6526
14697, 7982, 54.31, 252, 68.48, 4, 6527
14698, 7982, 54.31, 252, 68.48, 4, 6528
14699, 7983, 54.31, 252, 68.48, 4, 6528
14700, 7984, 54.31, 252, 68.48, 4, 6528
14701, 7985, 54.32, 252, 68.48, 4, 6528
14702, 7986, 54.32, 252, 68.48, 4, 6528
14703, 7986, 54.32, 252, 68.48, 4, 6529
14704, 7986, 54.31, 252, 68.48, 4, 6530
14705, 7986, 54.31, 252, 68.48, 4, 6531
14706, 7986, 54.30, 252, 68.48, 4, 6532
14707, 7986, 54.30, 252, 68.48, 4, 6533
14708, 7987, 54.30, 252, 68.48, 4, 6533
14709, 7988, 54.31, 252, 68.48, 4, 6533
14710, 7989, 54.31, 252, 68.48, 4, 6533
14711, 7989, 54.31, 252, 68.48, 4, 6534
14712, 7990, 54.31, 252, 68.48, 4, 6534
14713, 7991, 54.31, 252, 68.48, 4, 6534
14714, 7992, 54.32, 252, 68.48, 4, 6534
14715, 7992, 54.31, 252, 68.48, 4, 6535
14716, 7992, 54.31, 252, 68.48, 4, 6536
14717, 7992, 54.30, 252, 68.48, 4, 6537
14718, 7993, 54.31, 252, 68.48, 4, 6537
14719, 7994, 54.31, 252, 68.48, 4, 6537
14720, 7995, 54.31, 252, 68.48, 4, 6537
14721, 7996, 54.32, 252, 68.48, 4, 6537
14722, 7996, 54.31, 252, 68.48, 4, 6538
14723, 7997, 54.32, 252, 68.48, 4, 6538
14724, 7998, 54.32, 252, 68.48, 4, 6538
14725, 7998, 54.32, 252, 68.48, 4, 6539
14726, 7999, 54.32, 252, 68.48, 4, 6539
14727, 7999, 54.32, 252, 68.48, 4, 6540
14728, 8000, 54.32, 252, 68.48, 4, 6540
14729, 8000, 54.31, 252, 68.48, 4, 6541
14730, 8001, 54.32, 252, 68.48, 4, 6541
14731, 8001, 54.31, 252, 68.48, 4, 6542
14732, 8001, 54.31, 252, 68.48, 4, 6543
14733, 8001, 54.31, 252, 68.48, 4, 6544
14734, 8002, 54.31, 252, 68.48, 4, 6544
14735, 8003, 54.31, 252, 68.48, 4, 6544
14736, 8004, 54.32, 252, 68.48, 4, 6544
14737, 8004, 54.31, 252, 68.48, 4, 6545
14738, 8005, 54.32, 252, 68.48, 4, 6545
14739, 8006, 54.32, 252, 68.48, 4, 6545
14740, 8007, 54.32, 252, 68.48, 4, 6545
14741, 8007, 54.32, 252, 68.48, 4, 6546
14742, 8007, 54.31, 252, 68.48, 4, 6547
14743, 8008, 54.32, 252, 68.48, 4, 6547
14744, 8009, 54.32, 252, 68.48, 4, 6547
14745, 8010, 54.32, 252, 68.48, 4, 6547
14746, 8011, 54.33, 252, 68.48, 4, 6547
14747, 8012, 54.33, 252, 68.48, 4, 6547
14748, 8012, 54.33, 252, 68.48, 4, 6548
14749, 8013, 54.33, 252, 68.48, 4, 6548
14750, 8013, 54.33, 252, 68.48, 4, 6549
14751, 8014, 54.33, 252, 68.48, 4, 6549
14752, 8015, 54.33, 252, 68.48, 4, 6549
14753, 8016, 54.33, 252, 68.48, 4, 6549
14754, 8016, 54.33, 252, 68.48, 4, 6550
14755, 8017, 54.33, 252, 68.48, 4, 6550
14756, 8017, 54.33, 252, 68.48, 4, 6551
14757, 8018, 54.33, 252, 68.48, 4, 6551
14758, 8019, 54.34, 252, 68.48, 4, 6551
14759, 8020, 54.34, 252, 68.48, 4, 6551
14760, 8021, 54.34, 252, 68.48, 4, 6551
14761, 8022, 54.35, 252, 68.48, 4, 6551
14762, 8023, 54.35, 252, 68.48, 4, 6551
14763, 8024, 54.35, 252, 68.48, 4, 6551
14764, 8025, 54.36, 252, 68.48, 4, 6551
14765, 8026, 54.36, 252, 68.48, 4, 6551
14766, 8027, 54.36, 252, 68.48, 4, 6551
14767, 8027, 54.36, 252, 68.48, 4, 6552
14768, 8027, 54.35, 252, 68.48, 4, 6553
14769, 8028, 54.36, 252, 68.48, 4, 6553
14770, 8029, 54.36, 252, 68.48, 4, 6553
14771, 8030, 54.36, 252, 68.48, 4, 6553
14772, 8031, 54.37, 252, 68.48, 4, 6553
14773, 8032, 54.37, 252, 68.48, 4, 6553
14774, 8033, 54.37, 252, 68.48, 4, 6553
14775, 8033, 54.37, 252, 68.48, 4, 6554
14776, 8033, 54.37, 252, 68.48, 4, 6555
14777, 8033, 54.36, 252, 68.48, 4, 6556
14778, 8034, 54.36, 252, 68.48, 4, 6556
14779, 8035, 54.37, 252, 68.48, 4, 6556
14780, 8035, 54.36, 252, 68.48, 4, 6556
14781, 8035, 54.36, 252, 68.48, 4, 6557
14782, 8036, 54.36, 252, 68.48, 4, 6557
14783, 8036, 54.36, 252, 68.48, 4, 6558
14784, 8036, 54.36, 252, 68.48, 4, 6559
14785, 8037, 54.36, 252, 68.48, 4, 6559
14786, 8038, 54.36, 252, 68.48, 4, 6559
14787, 8038, 54.36, 252, 68.48, 4, 6560
14788, 8038, 54.35, 252, 68.48, 4, 6561
14789, 8038, 54.35, 252, 68.48, 4, 6562
14790, 8038, 54.35, 252, 68.48, 4, 6563
14791, 8038, 54.34, 252, 68.48, 4, 6563
14792, 8039, 54.35, 252, 68.48, 4, 6563
14793, 8040, 54.35, 252, 68.48, 4, 6563
14794, 8041, 54.35, 252, 68.48, 4, 6563
14795, 8042, 54.36, 252, 68.48, 4, 6563
14796, 8042, 54.35, 252, 68.48, 4, 6564
14797, 8043, 54.36, 252, 68.48, 4, 6564
14798, 8043, 54.35, 252, 68.48, 4, 6565
14799, 8043, 54.35, 252, 68.48, 4, 6566
14800, 8044, 54.35, 252, 68.48, 4, 6566
14801, 8045, 54.35, 252, 68.48, 4, 6566
14802, 8045, 54.35, 252, 68.48, 4, 6567
14803, 8046, 54.35, 252, 68.48, 4, 6567
14804, 8047, 54.36, 252, 68.48, 4, 6567
14805, 8047, 54.35, 252, 68.48, 4, 6568
14806, 8047, 54.35, 252, 68.48, 4, 6569
14807, 8047, 54.35, 252, 68.48, 4, 6570
14808, 8048, 54.35, 252, 68.48, 4, 6570
14809, 8048, 54.35, 252, 68.48, 4, 6571
14810, 8048, 54.34, 252, 68.48, 4, 6572
14811, 8049, 54.34, 252, 68.48, 4, 6572
14812, 8050, 54.35, 252, 68.48, 4, 6572
14813, 8050, 54.34, 252, 68.48, 4, 6573
14814, 8051, 54.35, 252, 68.48, 4, 6573
14815, 8052, 54.35, 252, 68.48, 4, 6573
14816, 8053, 54.35, 252, 68.48, 4, 6573
14817, 8054, 54.36, 252, 68.48, 4, 6573
14818, 8055, 54.36, 252, 68.48, 4, 6573
14819, 8055, 54.36, 252, 68.48, 4, 6574
14820, 8056, 54.36, 252, 68.48, 4, 6574
14821, 8056, 54.36, 252, 68.48, 4, 6575
14822, 8056, 54.35, 252, 68.48, 4, 6576
14823, 8056, 54.35, 252, 68.48, 4, 6577
14824, 8057, 54.35, 252, 68.48, 4, 6577
14825, 8058, 54.35, 252, 68.48, 4, 6577
14826, 8059, 54.36, 252, 68.48, 4, 6577
14827, 8060, 54.36, 252, 68.48, 4, 6577
14828, 8060, 54.36, 252, 68.48, 4, 6578
14829, 8061, 54.36, 252, 68.48, 4, 6578
14830, 8062, 54.36, 252, 68.48, 4, 6578
14831, 8062, 54.36, 252, 68.48, 4, 6579
14832, 8063, 54.36, 252, 68.48, 4, 6579
14833, 8063, 54.36, 252, 68.48, 4, 6580
14834, 8063, 54.35, 252, 68.48, 4, 6581
14835, 8063, 54.35, 252, 68.48, 4, 6582
14836, 8063, 54.35, 252, 68.48, 4, 6583
14837, 8064, 54.35, 252, 68.48, 4, 6583
14838, 8064, 54.35, 252, 68.48, 4, 6584
14839, 8064, 54.34, 252, 68.48, 4, 6585
14840, 8065, 54.35, 252, 68.48, 4, 6585
14841, 8065, 54.34, 252, 68.48, 4, 6586
14842, 8065, 54.34, 252, 68.48, 4, 6587
14843, 8066, 54.34, 252, 68.48, 4, 6587
14844, 8066, 54.34, 252, 68.48, 4, 6588
14845, 8067, 54.34, 252, 68.48, 4, 6588
14846, 8068, 54.34, 252, 68.48, 4, 6588
14847, 8068, 54.34, 252, 68.48, 4, 6589
14848, 8069, 54.34, 252, 68.48, 4, 6589
14849, 8070, 54.35, 252, 68.48, 4, 6589
14850, 8070, 54.34, 252, 68.48, 4, 6590
14851, 8071, 54.35, 252, 68.48, 4, 6590
14852, 8071, 54.34, 252, 68.48, 4, 6591
14853, 8072, 54.35, 252, 68.48, 4, 6591
14854, 8072, 54.34, 252, 68.48, 4, 6592
14855, 8073, 54.35, 252, 68.48, 4, 6592
14856, 8074, 54.35, 252, 68.48, 4, 6592
14857, 8075, 54.35, 252, 68.48, 4, 6592
14858, 8075, 54.35, 252, 68.48, 4, 6593
14859, 8075, 54.34, 252, 68.48, 4, 6594
14860, 8075, 54.34, 252, 68.48, 4, 6595
14861, 8076, 54.34, 252, 68.48, 4, 6595
14862, 8076, 54.34, 252, 68.48, 4, 6596
14863, 8076, 54.34, 252, 68.48, 4, 6596
14864, 8077, 54.34, 252, 68.48, 4, 6596
14865, 8078, 54.34, 252, 68.48, 4, 6596
14866, 8079, 54.35, 252, 68.48, 4, 6596
14867, 8079, 54.34, 252, 68.48, 4, 6596
14868, 8080, 54.34, 252, 68.48, 4, 6596
14869, 8080, 54.34, 252, 68.48, 4, 6597
14870, 8081, 54.34, 252, 68.48, 4, 6597
14871, 8081, 54.34, 252, 68.48, 4, 6598
14872, 8081, 54.34, 252, 68.48, 4, 6599
14873, 8082, 54.34, 252, 68.48, 4, 6599
14874, 8083, 54.34, 252, 68.48, 4, 6599
14875, 8083, 54.34, 252, 68.48, 4, 6600
14876, 8083, 54.34, 252, 68.48, 4, 6601
14877, 8084, 54.34, 252, 68.48, 4, 6601
14878, 8084, 54.34, 252, 68.48, 4, 6602
14879, 8085, 54.34, 252, 68.48, 4, 6602
14880, 8085, 54.33, 252, 68.48, 4, 6603
14881, 8085, 54.33, 252, 68.48, 4, 6604
14882, 8086, 54.33, 252, 68.48, 4, 6604
14883, 8086, 54.33, 252, 68.48, 4, 6604
14884, 8086, 54.33, 252, 68.48, 4, 6605
14885, 8087, 54.33, 252, 68.48, 4, 6605
14886, 8087, 54.33, 252, 68.48, 4, 6606
14887, 8087, 54.32, 252, 68.48, 4, 6607
14888, 8088, 54.33, 252, 68.48, 4, 6607
14889, 8088, 54.32, 252, 68.48, 4, 6608
14890, 8089, 54.33, 252, 68.48, 4, 6608
14891, 8090, 54.33, 252, 68.48, 4, 6608
14892, 8091, 54.33, 252, 68.48, 4, 6608
14893, 8091, 54.33, 252, 68.48, 4, 6609
14894, 8092, 54.33, 252, 68.48, 4, 6609
14895, 8092, 54.33, 252, 68.48, 4, 6610
14896, 8093, 54.33, 252, 68.48, 4, 6610
14897, 8093, 54.33, 252, 68.48, 4, 6611
14898, 8093, 54.32, 252, 68.48, 4, 6612
14899, 8094, 54.33, 252, 68.48, 4, 6612
14900, 8095, 54.33, 252, 68.48, 4, 6612
14901, 8096, 54.33, 252, 68.48, 4, 6612
14902, 8097, 54.33, 252, 68.48, 4, 6612
14903, 8098, 54.34, 252, 68.48, 4, 6612
14904, 8098, 54.33, 252, 68.48, 4, 6613
14905, 8098, 54.33, 252, 68.48, 4, 6614
14906, 8099, 54.33, 252, 68.48, 4, 6614
14907, 8100, 54.34, 252, 68.48, 4, 6614
14908, 8101, 54.34, 252, 68.48, 4, 6614
14909, 8101, 54.34, 252, 68.48, 4, 6615
14910, 8101, 54.33, 252, 68.48, 4, 6616
14911, 8101, 54.33, 252, 68.48, 4, 6616
14912, 8102, 54.33, 252, 68.48, 4, 6616
14913, 8103, 54.34, 252, 68.48, 4, 6616
14914, 8103, 54.33, 252, 68.48, 4, 6617
14915, 8104, 54.33, 252, 68.48, 4, 6617
14916, 8105, 54.34, 252, 68.48, 4, 6617
14917, 8106, 54.34, 252, 68.48, 4, 6617
14918, 8107, 54.34, 252, 68.48, 4, 6617
14919, 8108, 54.35, 252, 68.48, 4, 6617
14920, 8108, 54.34, 252, 68.48, 4, 6618
14921, 8109, 54.35, 252, 68.48, 4, 6618
14922, 8109, 54.34, 252, 68.48, 4, 6619
14923, 8109, 54.34, 252, 68.48, 4, 6620
14924, 8109, 54.34, 252, 68.48, 4, 6621
14925, 8109, 54.33, 252, 68.48, 4, 6622
14926, 8110, 54.33, 252, 68.48, 4, 6622
14927, 8110, 54.33, 252, 68.48, 4, 6623
14928, 8111, 54.33, 252, 68.48, 4, 6623
14929, 8112, 54.34, 252, 68.48, 4, 6623
14930, 8113, 54.34, 252, 68.48, 4, 6623
14931, 8113, 54.34, 252, 68.48, 4, 6624
14932, 8114, 54.34, 252, 68.48, 4, 6624
14933, 8115, 54.34, 252, 68.48, 4, 6624
14934, 8116, 54.35, 252, 68.48, 4, 6624
14935, 8116, 54.34, 252, 68.48, 4, 6625
14936, 8117, 54.35, 252, 68.48, 4, 6625
14937, 8118, 54.35, 252, 68.48, 4, 6625
14938, 8118, 54.34, 252, 68.48, 4, 6626
14939, 8118, 54.34, 252, 68.48, 4, 6627
14940, 8118, 54.34, 252, 68.48, 4, 6628
14941, 8119, 54.34, 252, 68.48, 4, 6628
14942, 8119, 54.34, 252, 68.48, 4, 6629
14943, 8120, 54.34, 252, 68.48, 4, 6629
14944, 8120, 54.34, 252, 68.48, 4, 6630
14945, 8120, 54.33, 252, 68.48, 4, 6631
14946, 8120, 54.33, 252, 68.48, 4, 6631
14947, 8121, 54.33, 252, 68.48, 4, 6631
14948, 8121, 54.33, 252, 68.48, 4, 6632
14949, 8121, 54.32, 252, 68.48, 4, 6633
14950, 8121, 54.32, 252, 68.48, 4, 6634
14951, 8122, 54.32, 252, 68.48, 4, 6634
14952, 8123, 54.33, 252, 68.48, 4, 6634
14953, 8123, 54.32, 252, 68.48, 4, 6635
14954, 8124, 54.33, 252, 68.48, 4, 6635
14955, 8124, 54.32, 252, 68.48, 4, 6636
14956, 8125, 54.33, 252, 68.48, 4, 6636
14957, 8125, 54.32, 252, 68.48, 4, 6637
14958, 8126, 54.33, 252, 68.48, 4, 6637
14959, 8127, 54.33, 252, 68.48, 4, 6637
14960, 8127, 54.32, 252, 68.48, 4, 6638
14961, 8127, 54.32, 252, 68.48, 4, 6639
14962, 8128, 54.32, 252, 68.48, 4, 6639
14963, 8128, 54.32, 252, 68.48, 4, 6640
14964, 8129, 54.32, 252, 68.48, 4, 6640
14965, 8129, 54.32, 252, 68.48, 4, 6641
14966, 8130, 54.32, 252, 68.48, 4, 6641
14967, 8130, 54.32, 252, 68.48, 4, 6642
14968, 8131, 54.32, 252, 68.48, 4, 6642
14969, 8131, 54.32, 252, 68.48, 4, 6643
14970, 8131, 54.32, 252, 68.48, 4, 6644
14971, 8132, 54.32, 252, 68.48, 4, 6644
14972, 8133, 54.32, 252, 68.48, 4, 6644
14973, 8134, 54.32, 252, 68.48, 4, 6644
14974, 8134, 54.32, 252, 68.48, 4, 6645
14975, 8135, 54.32, 252, 68.48, 4, 6645
14976, 8135, 54.32, 252, 68.48, 4, 6646
14977, 8136, 54.32, 252, 68.48, 4, 6646
14978, 8137, 54.33, 252, 68.48, 4, 6646
14979, 8138, 54.33, 252, 68.48, 4, 6646
14980, 8139, 54.33, 252, 68.48, 4, 6646
14981, 8140, 54.34, 252, 68.48, 4, 6646
14982, 8141, 54.34, 252, 68.48, 4, 6646
14983, 8142, 54.34, 252, 68.48, 4, 6646
14984, 8143, 54.34, 252, 68.48, 4, 6646
14985, 8143, 54.34, 252, 68.48, 4, 6647
14986, 8144, 54.34, 252, 68.48, 4, 6647
14987, 8145, 54.35, 252, 68.48, 4, 6647
14988, 8146, 54.35, 252, 68.48, 4, 6647
14989, 8146, 54.35, 252, 68.48, 4, 6648
14990, 8146, 54.34, 252, 68.48, 4, 6648
14991, 8147, 54.35, 252, 68.48, 4, 6648
14992, 8148, 54.35, 252, 68.48, 4, 6648
14993, 8149, 54.35, 252, 68.48, 4, 6648
14994, 8149, 54.35, 252, 68.48, 4, 6649
14995, 8150, 54.35, 252, 68.48, 4, 6649
14996, 8151, 54.35, 252, 68.48, 4, 6649
14997, 8152, 54.36, 252, 68.48, 4, 6649
14998, 8153, 54.36, 252, 68.48, 4, 6649
14999, 8154, 54.36, 252, 68.48, 4, 6649
15000, 8154, 54.36, 252, 68.48, 4, 6650
15001, 8154, 54.36, 252, 68.48, 4, 6651
15002, 8155, 54.36, 252, 68.48, 4, 6651
15003, 8156, 54.36, 252, 68.48, 4, 6651
15004, 8157, 54.37, 252, 68.48, 4, 6651
15005, 8157, 54.36, 252, 68.48, 4, 6652
15006, 8158, 54.36, 252, 68.48, 4, 6652
15007, 8159, 54.37, 252, 68.48, 4, 6652
15008, 8160, 54.37, 252, 68.48, 4, 6652
15009, 8160, 54.37, 252, 68.48, 4, 6653
15010, 8161, 54.37, 252, 68.48, 4, 6653
15011, 8162, 54.37, 252, 68.48, 4, 6653
15012, 8162, 54.37, 252, 68.48, 4, 6654
15013, 8163, 54.37, 252, 68.48, 4, 6654
15014, 8164, 54.38, 252, 68.48, 4, 6654
15015, 8164, 54.37, 252, 68.48, 4, 6655
15016, 8164, 54.37, 252, 68.48, 4, 6656
15017, 8165, 54.37, 252, 68.48, 4, 6656
15018, 8166, 54.37, 252, 68.48, 4, 6656
15019, 8166, 54.37, 252, 68.48, 4, 6657
15020, 8166, 54.37, 252, 68.48, 4, 6658
15021, 8167, 54.37, 252, 68.48, 4, 6658
15022, 8168, 54.37, 252, 68.48, 4, 6658
15023, 8169, 54.38, 252, 68.48, 4, 6658
15024, 8169, 54.37, 252, 68.48, 4, 6658
15025, 8169, 54.37, 252, 68.48, 4, 6659
15026, 8170, 54.37, 252, 68.48, 4, 6659
15027, 8171, 54.38, 252, 68.48, 4, 6659
15028, 8172, 54.38, 252, 68.48, 4, 6659
15029, 8173, 54.38, 252, 68.48, 4, 6659
15030, 8174, 54.38, 252, 68.48, 4, 6659
15031, 8175, 54.39, 252, 68.48, 4, 6659
15032, 8175, 54.38, 252, 68.48, 4, 6660
15033, 8175, 54.38, 252, 68.48, 4, 6661
15034, 8175, 54.38, 252, 68.48, 4, 6662
15035, 8175, 54.37, 252, 68.48, 4, 6663
15036, 8175, 54.37, 252, 68.48, 4, 6664
15037, 8176, 54.37, 252, 68.48, 4, 6664
15038, 8176, 54.37, 252, 68.48, 4, 6665
15039, 8177, 54.37, 252, 68.48, 4, 6665
15040, 8178, 54.37, 252, 68.48, 4, 6665
15041, 8178, 54.37, 252, 68.48, 4, 6666
15042, 8178, 54.37, 252, 68.48, 4, 6667
15043, 8179, 54.37, 252, 68.48, 4, 6667
15044, 8180, 54.37, 252, 68.48, 4, 6667
15045, 8181, 54.38, 252, 68.48, 4, 6667
15046, 8182, 54.38, 252, 68.48, 4, 6667
15047, 8183, 54.38, 252, 68.48, 4, 6667
15048, 8183, 54.38, 252, 68.48, 4, 6668
15049, 8183, 54.38, 252, 68.48, 4, 6669
15050, 8184, 54.38, 252, 68.48, 4, 6669
15051, 8185, 54.38, 252, 68.48, 4, 6669
15052, 8186, 54.38, 252, 68.48, 4, 6669
15053, 8187, 54.39, 252, 68.48, 4, 6669
15054, 8188, 54.39, 252, 68.48, 4, 6669
15055, 8188, 54.39, 252, 68.48, 4, 6670
15056, 8189, 54.39, 252, 68.48, 4, 6670
15057, 8189, 54.39, 252, 68.48, 4, 6671
15058, 8189, 54.38, 252, 68.48, 4, 6672
15059, 8189, 54.38, 252, 68.48, 4, 6673
15060, 8189, 54.38, 252, 68.48, 4, 6674
15061, 8190, 54.38, 252, 68.48, 4, 6674
15062, 8191, 54.38, 252, 68.48, 4, 6674
15063, 8191, 54.38, 252, 68.48, 4, 6675
15064, 8192, 54.38, 252, 68.48, 4, 6675
15065, 8192, 54.38, 252, 68.48, 4, 6676
15066, 8192, 54.37, 252, 68.48, 4, 6677
15067, 8192, 54.37, 252, 68.48, 4, 6678
15068, 8193, 54.37, 252, 68.48, 4, 6678
15069, 8194, 54.38, 252, 68.48, 4, 6678
15070, 8195, 54.38, 252, 68.48, 4, 6678
15071, 8196, 54.38, 252, 68.48, 4, 6678
15072, 8197, 54.39, 252, 68.48, 4, 6678
15073, 8198, 54.39, 252, 68.48, 4, 6678
15074, 8199, 54.39, 252, 68.48, 4, 6678
15075, 8199, 54.39, 252, 68.48, 4, 6679
15076, 8199, 54.38, 252, 68.48, 4, 6680
15077, 8199, 54.38, 252, 68.48, 4, 6681
15078, 8199, 54.38, 252, 68.48, 4, 6682
15079, 8199, 54.37, 252, 68.48, 4, 6683
15080, 8199, 54.37, 252, 68.48, 4, 6684
15081, 8199, 54.37, 252, 68.48, 4, 6685
15082, 8200, 54.37, 252, 68.48, 4, 6685
15083, 8201, 54.37, 252, 68.48, 4, 6685
15084, 8201, 54.37, 252, 68.48, 4, 6686
15085, 8202, 54.37, 252, 68.48, 4, 6686
15086, 8202, 54.37, 252, 68.48, 4, 6687
15087, 8202, 54.36, 252, 68.48, 4, 6688
15088, 8203, 54.37, 252, 68.48, 4, 6688
15089, 8203, 54.36, 252, 68.48, 4, 6689
15090, 8203, 54.36, 252, 68.48, 4, 6690
15091, 8203, 54.36, 252, 68.48, 4, 6691
15092, 8204, 54.36, 252, 68.48, 4, 6691
15093, 8205, 54.36, 252, 68.48, 4, 6691
15094, 8206, 54.37, 252, 68.48, 4, 6691
15095, 8206, 54.36, 252, 68.48, 4, 6692
15096, 8206, 54.36, 252, 68.48, 4, 6693
15097, 8207, 54.36, 252, 68.48, 4, 6693
15098, 8207, 54.36, 252, 68.48, 4, 6694
15099, 8207, 54.35, 252, 68.48, 4, 6695
15100, 8208, 54.36, 252, 68.48, 4, 6695
15101, 8208, 54.35, 252, 68.48, 4, 6696
15102, 8208, 54.35, 252, 68.48, 4, 6697
15103, 8209, 54.35, 252, 68.48, 4, 6697
15104, 8209, 54.35, 252, 68.48, 4, 6698
15105, 8209, 54.35, 252, 68.48, 4, 6699
15106, 8209, 54.34, 252, 68.48, 4, 6700
15107, 8209, 54.34, 252, 68.48, 4, 6701
15108, 8210, 54.34, 252, 68.48, 4, 6701
15109, 8210, 54.34, 252, 68.48, 4, 6702
15110, 8210, 54.33, 252, 68.48, 4, 6703
15111, 8210, 54.33, 252, 68.48, 4, 6704
15112, 8211, 54.33, 252, 68.48, 4, 6704
15113, 8211, 54.33, 252, 68.48, 4, 6705
15114, 8212, 54.33, 252, 68.48, 4, 6705
15115, 8213, 54.34, 252, 68.48, 4, 6705
15116, 8213, 54.33, 252, 68.48, 4, 6706
15117, 8214, 54.34, 252, 68.48, 4, 6706
15118, 8215, 54.34, 252, 68.48, 4, 6706
15119, 8216, 54.34, 252, 68.48, 4, 6706
15120, 8216, 54.34, 252, 68.48, 4, 6707
15121, 8217, 54.34, 252, 68.48, 4, 6707
15122, 8217, 54.34, 252, 68.48, 4, 6708
15123, 8217, 54.33, 252, 68.48, 4, 6709
15124, 8217, 54.33, 252, 68.48, 4, 6710
15125, 8217, 54.33, 252, 68.48, 4, 6711
15126, 8218, 54.33, 252, 68.48, 4, 6711
15127, 8219, 54.33, 252, 68.48, 4, 6711
15128, 8219, 54.33, 252, 68.48, 4, 6712
15129, 8219, 54.33, 252, 68.48, 4, 6713
15130, 8220, 54.33, 252, 68.48, 4, 6713
15131, 8221, 54.33, 252, 68.48, 4, 6713
15132, 8221, 54.33, 252, 68.48, 4, 6713
15133, 8221, 54.32, 252, 68.48, 4, 6714
15134, 8221, 54.32, 252, 68.48, 4, 6715
15135, 8221, 54.32, 252, 68.48, 4, 6716
15136, 8221, 54.31, 252, 68.48, 4, 6717
15137, 8221, 54.31, 252, 68.48, 4, 6718
15138, 8221, 54.31, 252, 68.48, 4, 6719
15139, 8221, 54.30, 252, 68.48, 4, 6720
15140, 8222, 54.31, 252, 68.48, 4, 6720
15141, 8223, 54.31, 252, 68.48, 4, 6720
15142, 8223, 54.31, 252, 68.48, 4, 6721
15143, 8224, 54.31, 252, 68.48, 4, 6721
15144, 8225, 54.31, 252, 68.48, 4, 6721
15145, 8225, 54.31, 252, 68.48, 4, 6722
15146, 8226, 54.31, 252, 68.48, 4, 6722
15147, 8227, 54.31, 252, 68.48, 4, 6722
15148, 8228, 54.32, 252, 68.48, 4, 6722
15149, 8229, 54.32, 252, 68.48, 4, 6722
15150, 8229, 54.32, 252, 68.48, 4, 6723
15151, 8229, 54.31, 252, 68.48, 4, 6724
15152, 8229, 54.31, 252, 68.48, 4, 6725
15153, 8230, 54.31, 252, 68.48, 4, 6725
15154, 8231, 54.32, 252, 68.48, 4, 6725
15155, 8232, 54.32, 252, 68.48, 4, 6725
15156, 8232, 54.32, 252, 68.48, 4, 6726
15157, 8233, 54.32, 252, 68.48, 4, 6726
15158, 8233, 54.31, 252, 68.48, 4, 6727
15159, 8233, 54.31, 252, 68.48, 4, 6728
15160, 8234, 54.31, 252, 68.48, 4, 6728
15161, 8234, 54.31, 252, 68.48, 4, 6729
15162, 8234, 54.31, 252, 68.48, 4, 6730
15163, 8235, 54.31, 252, 68.48, 4, 6730
15164, 8235, 54.31, 252, 68.48, 4, 6731
15165, 8236, 54.31, 252, 68.48, 4, 6731
15166, 8236, 54.31, 252, 68.48, 4, 6732
15167, 8237, 54.31, 252, 68.48, 4, 6732
15168, 8238, 54.31, 252, 68.48, 4, 6732
15169, 8239, 54.31, 252, 68.48, 4, 6732
15170, 8240, 54.32, 252, 68.48, 4, 6732
15171, 8240, 54.31, 252, 68.48, 4, 6732
15172, 8240, 54.31, 252, 68.48, 4, 6733
15173, 8241, 54.31, 252, 68.48, 4, 6733
15174, 8242, 54.32, 252, 68.48, 4, 6733
15175, 8243, 54.32, 252, 68.48, 4, 6733
15176, 8244, 54.32, 252, 68.48, 4, 6733
15177, 8244, 54.32, 252, 68.48, 4, 6734
15178, 8245, 54.32, 252, 68.48, 4, 6734
15179, 8246, 54.33, 252, 68.48, 4, 6734
15180, 8246, 54.32, 252, 68.48, 4, 6735
15181, 8246, 54.32, 252, 68.48, 4, 6736
15182, 8247, 54.32, 252, 68.48, 4, 6736
15183, 8248, 54.32, 252, 68.48, 4, 6736
15184, 8248, 54.32, 252, 68.48, 4, 6737
15185, 8248, 54.32, 252, 68.48, 4, 6738
15186, 8249, 54.32, 252, 68.48, 4, 6738
15187, 8250, 54.32, 252, 68.48, 4, 6738
15188, 8251, 54.33, 252, 68.48, 4, 6738
15189, 8252, 54.33, 252, 68.48, 4, 6738
15190, 8252, 54.33, 252, 68.48, 4, 6739
15191, 8252, 54.32, 252, 68.48, 4, 6740
15192, 8253, 54.32, 252, 68.48, 4, 6740
15193, 8254, 54.33, 252, 68.48, 4, 6740
15194, 8255, 54.33, 252, 68.48, 4, 6740
15195, 8256, 54.33, 252, 68.48, 4, 6740
15196, 8257, 54.34, 252, 68.48, 4, 6740
15197, 8257, 54.33, 252, 68.48, 4, 6741
15198, 8257, 54.33, 252, 68.48, 4, 6742
15199, 8257, 54.33, 252, 68.48, 4, 6743
15200, 8257, 54.32, 252, 68.48, 4, 6744
15201, 8258, 54.33, 252, 68.48, 4, 6744
15202, 8258, 54.32, 252, 68.48, 4, 6745
15203, 8259, 54.32, 252, 68.48, 4, 6745
15204, 8259, 54.32, 252, 68.48, 4, 6746
15205, 8259, 54.32, 252, 68.48, 4, 6747
15206, 8259, 54.31, 252, 68.48, 4, 6748
15207, 8260, 54.32, 252, 68.48, 4, 6748
15208, 8260, 54.31, 252, 68.48, 4, 6749
15209, 8260, 54.31, 252, 68.48, 4, 6749
15210, 8260, 54.31, 252, 68.48, 4, 6750
15211, 8260, 54.30, 252, 68.48, 4, 6751
15212, 8261, 54.31, 252, 68.48, 4, 6751
15213, 8262, 54.31, 252, 68.48, 4, 6751
15214, 8262, 54.31, 252, 68.48, 4, 6752
15215, 8263, 54.31, 252, 68.48, 4, 6752
15216, 8263, 54.30, 252, 68.48, 4, 6753
15217, 8264, 54.31, 252, 68.48, 4, 6753
15218, 8264, 54.30, 252, 68.48, 4, 6754
15219, 8264, 54.30, 252, 68.48, 4, 6755
15220, 8264, 54.30, 252, 68.48, 4, 6755
15221, 8265, 54.30, 252, 68.48, 4, 6755
15222, 8265, 54.30, 252, 68.48, 4, 6756
15223, 8265, 54.29, 252, 68.48, 4, 6757
15224, 8265, 54.29, 252, 68.48, 4, 6758
15225, 8266, 54.29, 252, 68.48, 4, 6758
15226, 8266, 54.29, 252, 68.48, 4, 6759
15227, 8267, 54.29, 252, 68.48, 4, 6759
15228, 8268, 54.29, 252, 68.48, 4, 6759
15229, 8269, 54.30, 252, 68.48, 4, 6759
15230, 8269, 54.29, 252, 68.48, 4, 6760
15231, 8270, 54.30, 252, 68.48, 4, 6760
15232, 8271, 54.30, 252, 68.48, 4, 6760
15233, 8272, 54.30, 252, 68.48, 4, 6760
15234, 8272, 54.30, 252, 68.48, 4, 6761
15235, 8272, 54.30, 252, 68.48, 4, 6762
15236, 8273, 54.30, 252, 68.48, 4, 6762
15237, 8273, 54.30, 252, 68.48, 4, 6763
15238, 8273, 54.29, 252, 68.48, 4, 6764
15239, 8274, 54.29, 252, 68.48, 4, 6764
15240, 8275, 54.30, 252, 68.48, 4, 6764
15241, 8276, 54.30, 252, 68.48, 4, 6764
15242, 8276, 54.30, 252, 68.48, 4, 6765
15243, 8277, 54.30, 252, 68.48, 4, 6765
15244, 8278, 54.30, 252, 68.48, 4, 6765
15245, 8278, 54.30, 252, 68.48, 4, 6766
15246, 8279, 54.30, 252, 68.48, 4, 6766
15247, 8279, 54.30, 252, 68.48, 4, 6767
15248, 8280, 54.30, 252, 68.48, 4, 6767
15249, 8280, 54.30, 252, 68.48, 4, 6768
15250, 8281, 54.30, 252, 68.48, 4, 6768
15251, 8282, 54.30, 252, 68.48, 4, 6768
15252, 8283, 54.31, 252, 68.48, 4, 6768
15253, 8284, 54.31, 252, 68.48, 4, 6768
15254, 8285, 54.31, 252, 68.48, 4, 6768
15255, 8286, 54.32, 252, 68.48, 4, 6768
15256, 8286, 54.31, 252, 68.48, 4, 6769
15257, 8286, 54.31, 252, 68.48, 4, 6770
15258, 8286, 54.31, 252, 68.48, 4, 6771
15259, 8286, 54.30, 252, 68.48, 4, 6772
15260, 8287, 54.31, 252, 68.48, 4, 6772
15261, 8288, 54.31, 252, 68.48, 4, 6772
15262, 8288, 54.30, 252, 68.48, 4, 6773
15263, 8288, 54.30, 252, 68.48, 4, 6774
15264, 8288, 54.30, 252, 68.48, 4, 6775
15265, 8289, 54.30, 252, 68.48, 4, 6775
15266, 8290, 54.30, 252, 68.48, 4, 6775
15267, 8290, 54.30, 252, 68.48, 4, 6776
15268, 8290, 54.30, 252, 68.48, 4, 6777
15269, 8290, 54.29, 252, 68.48, 4, 6778
15270, 8291, 54.30, 252, 68.48, 4, 6778
15271, 8291, 54.29, 252, 68.48, 4, 6779
15272, 8291, 54.29, 252, 68.48, 4, 6780
15273, 8292, 54.29, 252, 68.48, 4, 6780
15274, 8292, 54.29, 252, 68.48, 4, 6781
15275, 8292, 54.28, 252, 68.48, 4, 6782
15276, 8293, 54.29, 252, 68.48, 4, 6782
15277, 8294, 54.29, 252, 68.48, 4, 6782
15278, 8294, 54.29, 252, 68.48, 4, 6783
15279, 8295, 54.29, 252, 68.48, 4, 6783
15280, 8296, 54.29, 252, 68.48, 4, 6783
15281, 8297, 54.30, 252, 68.48, 4, 6783
15282, 8298, 54.30, 252, 68.48, 4, 6783
15283, 8299, 54.30, 252, 68.48, 4, 6783
15284, 8300, 54.31, 252, 68.48, 4, 6783
15285, 8301, 54.31, 252, 68.48, 4, 6783
15286, 8301, 54.30, 252, 68.48, 4, 6784
15287, 8301, 54.30, 252, 68.48, 4, 6785
15288, 8301, 54.30, 252, 68.48, 4, 6786
15289, 8301, 54.29, 252, 68.48, 4, 6787
15290, 8301, 54.29, 252, 68.48, 4, 6788
15291, 8301, 54.29, 252, 68.48, 4, 6789
15292, 8302, 54.29, 252, 68.48, 4, 6789
15293, 8302, 54.29, 252, 68.48, 4, 6790
15294, 8302, 54.28, 252, 68.48, 4, 6791
15295, 8302, 54.28, 252, 68.48, 4, 6792
15296, 8303, 54.28, 252, 68.48, 4, 6792
15297, 8303, 54.28, 252, 68.48, 4, 6793
15298, 8304, 54.28, 252, 68.48, 4, 6793
15299, 8304, 54.28, 252, 68.48, 4, 6794
15300, 8304, 54.27, 252, 68.48, 4, 6795
15301, 8304, 54.27, 252, 68.48, 4, 6796
15302, 8305, 54.27, 252, 68.48, 4, 6796
15303, 8306, 54.28, 252, 68.48, 4, 6796
15304, 8306, 54.27, 252, 68.48, 4, 6797
15305, 8307, 54.28, 252, 68.48, 4, 6797
15306, 8307, 54.27, 252, 68.48, 4, 6798
15307, 8308, 54.28, 252, 68.48, 4, 6798
15308, 8308, 54.27, 252, 68.48, 4, 6799
15309, 8309, 54.28, 252, 68.48, 4, 6799
15310, 8310, 54.28, 252, 68.48, 4, 6799
15311, 8311, 54.28, 252, 68.48, 4, 6799
15312, 8312, 54.28, 252, 68.48, 4, 6799
15313, 8313, 54.29, 252, 68.48, 4, 6799
15314, 8313, 54.28, 252, 68.48, 4, 6800
15315, 8314, 54.29, 252, 68.48, 4, 6800
15316, 8315, 54.29, 252, 68.48, 4, 6800
15317, 8315, 54.29, 252, 68.48, 4, 6801
15318, 8316, 54.29, 252, 68.48, 4, 6801
15319, 8317, 54.29, 252, 68.48, 4, 6801
15320, 8318, 54.30, 252, 68.48, 4, 6801
15321, 8318, 54.29, 252, 68.48, 4, 6802
15322, 8319, 54.29, 252, 68.48, 4, 6802
15323, 8320, 54.30, 252, 68.48, 4, 6802
15324, 8321, 54.30, 252, 68.48, 4, 6802
15325, 8322, 54.30, 252, 68.48, 4, 6802
15326, 8322, 54.30, 252, 68.48, 4, 6803
15327, 8322, 54.30, 252, 68.48, 4, 6804
15328, 8323, 54.30, 252, 68.48, 4, 6804
15329, 8324, 54.30, 252, 68.48, 4, 6804
15330, 8325, 54.31, 252, 68.48, 4, 6804
15331, 8326, 54.31, 252, 68.48, 4, 6804
15332, 8326, 54.30, 252, 68.48, 4, 6805
15333, 8326, 54.30, 252, 68.48, 4, 6806
15334, 8326, 54.30, 252, 68.48, 4, 6807
15335, 8327, 54.30, 252, 68.48, 4, 6807
15336, 8328, 54.30, 252, 68.48, 4, 6807
15337, 8329, 54.31, 252, 68.48, 4, 6807
15338, 8329, 54.30, 252, 68.48, 4, 6808
15339, 8330, 54.31, 252, 68.48, 4, 6808
15340, 8331, 54.31, 252, 68.48, 4, 6808
15341, 8332, 54.31, 252, 68.48, 4, 6808
15342, 8332, 54.31, 252, 68.48, 4, 6809
15343, 8332, 54.30, 252, 68.48, 4, 6810
15344, 8333, 54.31, 252, 68.48, 4, 6810
15345, 8333, 54.30, 252, 68.48, 4, 6811
15346, 8334, 54.31, 252, 68.48, 4, 6811
15347, 8335, 54.31, 252, 68.48, 4, 6811
15348, 8336, 54.31, 252, 68.48, 4, 6811
15349, 8337, 54.32, 252, 68.48, 4, 6811
15350, 8338, 54.32, 252, 68.48, 4, 6811
15351, 8338, 54.32, 252, 68.48, 4, 6812
15352, 8339, 54.32, 252, 68.48, 4, 6812
15353, 8340, 54.32, 252, 68.48, 4, 6812
15354, 8341, 54.32, 252, 68.48, 4, 6812
15355, 8341, 54.32, 252, 68.48, 4, 6813
15356, 8341, 54.32, 252, 68.48, 4, 6814
15357, 8342, 54.32, 252, 68.48, 4, 6814
15358, 8342, 54.32, 252, 68.48, 4, 6815
15359, 8343, 54.32, 252, 68.48, 4, 6815
15360, 8343, 54.32, 252, 68.48, 4, 6816
15361, 8343, 54.31, 252, 68.48, 4, 6817
15362, 8344, 54.32, 252, 68.48, 4, 6817
15363, 8344, 54.31, 252, 68.48, 4, 6818
15364, 8344, 54.31, 252, 68.48, 4, 6819
15365, 8345, 54.31, 252, 68.48, 4, 6819
15366, 8345, 54.31, 252, 68.48, 4, 6820
15367, 8345, 54.30, 252, 68.48, 4, 6821
15368, 8346, 54.31, 252, 68.48, 4, 6821
15369, 8347, 54.31, 252, 68.48, 4, 6821
15370, 8347, 54.31, 252, 68.48, 4, 6822
15371, 8347, 54.30, 252, 68.48, 4, 6823
15372, 8348, 54.31, 252, 68.48, 4, 6823
15373, 8349, 54.31, 252, 68.48, 4, 6823
15374, 8350, 54.31, 252, 68.48, 4, 6823
15375, 8351, 54.32, 252, 68.48, 4, 6823
15376, 8352, 54.32, 252, 68.48, 4, 6823
15377, 8352, 54.31, 252, 68.48, 4, 6824
15378, 8353, 54.32, 252, 68.48, 4, 6824
15379, 8354, 54.32, 252, 68.48, 4, 6824
15380, 8354, 54.32, 252, 68.48, 4, 6825
15381, 8354, 54.31, 252, 68.48, 4, 6826
15382, 8354, 54.31, 252, 68.48, 4, 6827
15383, 8355, 54.31, 252, 68.48, 4, 6827
15384, 8356, 54.32, 252, 68.48, 4, 6827
15385, 8356, 54.31, 252, 68.48, 4, 6828
15386, 8357, 54.32, 252, 68.48, 4, 6828
15387, 8357, 54.31, 252, 68.48, 4, 6829
15388, 8357, 54.31, 252, 68.48, 4, 6830
15389, 8357, 54.31, 252, 68.48, 4, 6831
15390, 8358, 54.31, 252, 68.48, 4, 6831
15391, 8358, 54.30, 252, 68.48, 4, 6832
15392, 8359, 54.31, 252, 68.48, 4, 6832
15393, 8359, 54.30, 252, 68.48, 4, 6833
15394, 8359, 54.30, 252, 68.48, 4, 6834
15395, 8360, 54.30, 252, 68.48, 4, 6834
15396, 8361, 54.31, 252, 68.48, 4, 6834
15397, 8362, 54.31, 252, 68.48, 4, 6834
15398, 8362, 54.31, 252, 68.48, 4, 6835
15399, 8363, 54.31, 252, 68.48, 4, 6835
15400, 8364, 54.31, 252, 68.48, 4, 6835
15401, 8364, 54.31, 252, 68.48, 4, 6836
15402, 8364, 54.30, 252, 68.48, 4, 6837
15403, 8365, 54.31, 252, 68.48, 4, 6837
15404, 8366, 54.31, 252, 68.48, 4, 6837
15405, 8367, 54.31, 252, 68.48, 4, 6837
15406, 8367, 54.31, 252, 68.48, 4, 6838
15407, 8368, 54.31, 252, 68.48, 4, 6838
15408, 8369, 54.32, 252, 68.48, 4, 6838
15409, 8370, 54.32, 252, 68.48, 4, 6838
15410, 8370, 54.32, 252, 68.48, 4, 6839
15411, 8371, 54.32, 252, 68.48, 4, 6839
15412, 8371, 54.31, 252, 68.48, 4, 6840
15413, 8371, 54.31, 252, 68.48, 4, 6841
15414, 8372, 54.31, 252, 68.48, 4, 6841
15415, 8373, 54.32, 252, 68.48, 4, 6841
15416, 8374, 54.32, 252, 68.48, 4, 6841
15417, 8375, 54.32, 252, 68.48, 4, 6841
15418, 8375, 54.32, 252, 68.48, 4, 6842
15419, 8375, 54.32, 252, 68.48, 4, 6843
15420, 8376, 54.32, 252, 68.48, 4, 6843
15421, 8376, 54.32, 252, 68.48, 4, 6844
15422, 8377, 54.32, 252, 68.48, 4, 6844
15423, 8378, 54.32, 252, 68.48, 4, 6844
15424, 8378, 54.32, 252, 68.48, 4, 6845
15425, 8378, 54.31, 252, 68.48, 4, 6846
15426, 8379, 54.32, 252, 68.48, 4, 6846
15427, 8380, 54.32, 252, 68.48, 4, 6846
15428, 8381, 54.32, 252, 68.48, 4, 6846
15429, 8382, 54.33, 252, 68.48, 4, 6846
15430, 8383, 54.33, 252, 68.48, 4, 6846
15431, 8384, 54.33, 252, 68.48, 4, 6846
15432, 8384, 54.33, 252, 68.48, 4, 6847
15433, 8384, 54.33, 252, 68.48, 4, 6848
15434, 8385, 54.33, 252, 68.48, 4, 6848
15435, 8385, 54.32, 252, 68.48, 4, 6849
15436, 8385, 54.32, 252, 68.48, 4, 6850
15437, 8386, 54.32, 252, 68.48, 4, 6850
15438, 8386, 54.32, 252, 68.48, 4, 6851
15439, 8387, 54.32, 252, 68.48, 4, 6851
15440, 8388, 54.33, 252, 68.48, 4, 6851
15441, 8389, 54.33, 252, 68.48, 4, 6851
15442, 8390, 54.33, 252, 68.48, 4, 6851
15443, 8391, 54.34, 252, 68.48, 4, 6851
15444, 8391, 54.33, 252, 68.48, 4, 6852
15445, 8391, 54.33, 252, 68.48, 4, 6853
15446, 8391, 54.32, 252, 68.48, 4, 6854
15447, 8392, 54.33, 252, 68.48, 4, 6854
15448, 8393, 54.33, 252, 68.48, 4, 6854
15449, 8393, 54.33, 252, 68.48, 4, 6855
15450, 8394, 54.33, 252, 68.48, 4, 6855
15451, 8395, 54.33, 252, 68.48, 4, 6855
15452, 8395, 54.33, 252, 68.48, 4, 6856
15453, 8396, 54.33, 252, 68.48, 4, 6856
15454, 8396, 54.33, 252, 68.48, 4, 6857
15455, 8396, 54.33, 252, 68.48, 4, 6858
15456, 8397, 54.33, 252, 68.48, 4, 6858
15457, 8398, 54.33, 252, 68.48, 4, 6858
15458, 8398, 54.33, 252, 68.48, 4, 6859
15459, 8398, 54.32, 252, 68.48, 4, 6860
15460, 8399, 54.33, 252, 68.48, 4, 6860
15461, 8400, 54.33, 252, 68.48, 4, 6860
15462, 8401, 54.33, 252, 68.48, 4, 6860
15463, 8402, 54.34, 252, 68.48, 4, 6860
15464, 8403, 54.34, 252, 68.48, 4, 6860
15465, 8404, 54.34, 252, 68.48, 4, 6860
15466, 8404, 54.34, 252, 68.48, 4, 6861
15467, 8405, 54.34, 252, 68.48, 4, 6861
15468, 8405, 54.34, 252, 68.48, 4, 6862
15469, 8406, 54.34, 252, 68.48, 4, 6862
15470, 8407, 54.34, 252, 68.48, 4, 6862
15471, 8408, 54.35, 252, 68.48, 4, 6862
15472, 8408, 54.34, 252, 68.48, 4, 6863
15473, 8408, 54.34, 252, 68.48, 4, 6864
15474, 8409, 54.34, 252, 68.48, 4, 6864
15475, 8410, 54.35, 252, 68.48, 4, 6864
15476, 8410, 54.34, 252, 68.48, 4, 6865
15477, 8411, 54.35, 252, 68.48, 4, 6865
15478, 8412, 54.35, 252, 68.48, 4, 6865
15479, 8413, 54.35, 252, 68.48, 4, 6865
15480, 8413, 54.35, 252, 68.48, 4, 6866
15481, 8413, 54.34, 252, 68.48, 4, 6867
15482, 8413, 54.34, 252, 68.48, 4, 6868
15483, 8413, 54.34, 252, 68.48, 4, 6869
15484, 8413, 54.33, 252, 68.48, 4, 6870
15485, 8414, 54.34, 252, 68.48, 4, 6870
15486, 8415, 54.34, 252, 68.48, 4, 6870
15487, 8416, 54.34, 252, 68.48, 4, 6870
15488, 8416, 54.34, 252, 68.48, 4, 6871
15489, 8417, 54.34, 252, 68.48, 4, 6871
15490, 8417, 54.34, 252, 68.48, 4, 6872
15491, 8418, 54.34, 252, 68.48, 4, 6872
15492, 8418, 54.34, 252, 68.48, 4, 6873
15493, 8418, 54.33, 252, 68.48, 4, 6874
15494, 8419, 54.34, 252, 68.48, 4, 6874
15495, 8420, 54.34, 252, 68.48, 4, 6874
15496, 8421, 54.34, 252, 68.48, 4, 6874
15497, 8421, 54.34, 252, 68.48, 4, 6875
15498, 8422, 54.34, 252, 68.48, 4, 6875
15499, 8423, 54.35, 252, 68.48, 4, 6875
15500, 8424, 54.35, 252, 68.48, 4, 6875
15501, 8424, 54.34, 252, 68.48, 4, 6876
15502, 8424, 54.34, 252, 68.48, 4, 6877
15503, 8425, 54.34, 252, 68.48, 4, 6877
15504, 8425, 54.34, 252, 68.48, 4, 6878
15505, 8425, 54.34, 252, 68.48, 4, 6879
15506, 8426, 54.34, 252, 68.48, 4, 6879
15507, 8426, 54.34, 252, 68.48, 4, 6880
15508, 8427, 54.34, 252, 68.48, 4, 6880
15509, 8428, 54.34, 252, 68.48, 4, 6880
15510, 8428, 54.34, 252, 68.48, 4, 6881
15511, 8428, 54.34, 252, 68.48, 4, 6882
15512, 8429, 54.34, 252, 68.48, 4, 6882
15513, 8430, 54.34, 252, 68.48, 4, 6882
15514, 8431, 54.34, 252, 68.48, 4, 6882
15515, 8431, 54.34, 252, 68.48, 4, 6883
15516, 8431, 54.34, 252, 68.48, 4, 6884
15517, 8432, 54.34, 252, 68.48, 4, 6884
15518, 8432, 54.34, 252, 68.48, 4, 6885
15519, 8433, 54.34, 252, 68.48, 4, 6885
15520, 8434, 54.34, 252, 68.48, 4, 6885
15521, 8434, 54.34, 252, 68.48, 4, 6886
15522, 8434, 54.34, 252, 68.48, 4, 6887
15523, 8434, 54.33, 252, 68.48, 4, 6888
15524, 8434, 54.33, 252, 68.48, 4, 6889
15525, 8435, 54.33, 252, 68.48, 4, 6889
15526, 8436, 54.33, 252, 68.48, 4, 6889
15527, 8436, 54.33, 252, 68.48, 4, 6890
15528, 8436, 54.33, 252, 68.48, 4, 6891
15529, 8436, 54.32, 252, 68.48, 4, 6892
15530, 8437, 54.33, 252, 68.48, 4, 6892
15531, 8438, 54.33, 252, 68.48, 4, 6892
15532, 8439, 54.33, 252, 68.48, 4, 6892
15533, 8440, 54.34, 252, 68.48, 4, 6892
15534, 8441, 54.34, 252, 68.48, 4, 6892
15535, 8441, 54.34, 252, 68.48, 4, 6893
15536, 8441, 54.33, 252, 68.48, 4, 6894
15537, 8441, 54.33, 252, 68.48, 4, 6895
15538, 8441, 54.32, 252, 68.48, 4, 6896
15539, 8442, 54.33, 252, 68.48, 4, 6896
15540, 8442, 54.32, 252, 68.48, 4, 6897
15541, 8443, 54.33, 252, 68.48, 4, 6897
15542, 8444, 54.33, 252, 68.48, 4, 6897
15543, 8444, 54.33, 252, 68.48, 4, 6898
15544, 8445, 54.33, 252, 68.48, 4, 6898
15545, 8446, 54.33, 252, 68.48, 4, 6898
15546, 8446, 54.33, 252, 68.48, 4, 6899
15547, 8447, 54.33, 252, 68.48, 4, 6899
15548, 8447, 54.33, 252, 68.48, 4, 6900
15549, 8448, 54.33, 252, 68.48, 4, 6900
15550, 8449, 54.33, 252, 68.48, 4, 6900
15551, 8449, 54.33, 252, 68.48, 4, 6901
15552, 8449, 54.33, 252, 68.48, 4, 6902
15553, 8449, 54.32, 252, 68.48, 4, 6903
15554, 8450, 54.33, 252, 68.48, 4, 6903
15555, 8451, 54.33, 252, 68.48, 4, 6903
15556, 8451, 54.33, 252, 68.48, 4, 6904
15557, 8452, 54.33, 252, 68.48, 4, 6904
15558, 8453, 54.33, 252, 68.48, 4, 6904
15559, 8454, 54.34, 252, 68.48, 4, 6904
15560, 8455, 54.34, 252, 68.48, 4, 6904
15561, 8455, 54.33, 252, 68.48, 4, 6905
15562, 8456, 54.34, 252, 68.48, 4, 6905
15563, 8457, 54.34, 252, 68.48, 4, 6905
15564, 8457, 54.34, 252, 68.48, 4, 6906
15565, 8457, 54.33, 252, 68.48, 4, 6907
15566, 8457, 54.33, 252, 68.48, 4, 6908
15567, 8457, 54.33, 252, 68.48, 4, 6909
15568, 8457, 54.32, 252, 68.48, 4, 6910
15569, 8458, 54.33, 252, 68.48, 4, 6910
15570, 8458, 54.32, 252, 68.48, 4, 6911
15571, 8459, 54.33, 252, 68.48, 4, 6911
15572, 8459, 54.32, 252, 68.48, 4, 6912
15573, 8459, 54.32, 252, 68.48, 4, 6913
15574, 8460, 54.32, 252, 68.48, 4, 6913
15575, 8461, 54.32, 252, 68.48, 4, 6913
15576, 8461, 54.32, 252, 68.48, 4, 6914
15577, 8462, 54.32, 252, 68.48, 4, 6914
15578, 8462, 54.32, 252, 68.48, 4, 6915
15579, 8463, 54.32, 252, 68.48, 4, 6915
15580, 8463, 54.32, 252, 68.48, 4, 6916
15581, 8463, 54.32, 252, 68.48, 4, 6916
15582, 8464, 54.32, 252, 68.48, 4, 6916
15583, 8465, 54.32, 252, 68.48, 4, 6916
15584, 8466, 54.32, 252, 68.48, 4, 6916
15585, 8466, 54.32, 252, 68.48, 4, 6916
15586, 8467, 54.32, 252, 68.48, 4, 6916
15587, 8467, 54.32, 252, 68.48, 4, 6917
15588, 8468, 54.32, 252, 68.48, 4, 6917
15589, 8469, 54.33, 252, 68.48, 4, 6917
15590, 8470, 54.33, 252, 68.48, 4, 6917
15591, 8470, 54.33, 252, 68.48, 4, 6918
15592, 8471, 54.33, 252, 68.48, 4, 6918
15593, 8472, 54.33, 252, 68.48, 4, 6918
15594, 8473, 54.34, 252, 68.48, 4, 6918
15595, 8474, 54.34, 252, 68.48, 4, 6918
15596, 8474, 54.33, 252, 68.48, 4, 6919
15597, 8474, 54.33, 252, 68.48, 4, 6920
15598, 8474, 54.33, 252, 68.48, 4, 6921
15599, 8474, 54.32, 252, 68.48, 4, 6922
15600, 8474, 54.32, 252, 68.48, 4, 6923
15601, 8475, 54.32, 252, 68.48, 4, 6923
15602, 8476, 54.33, 252, 68.48, 4, 6923
15603, 8476, 54.32, 252, 68.48, 4, 6924
15604, 8476, 54.32, 252, 68.48, 4, 6925
15605, 8477, 54.32, 252, 68.48, 4, 6925
15606, 8477, 54.32, 252, 68.48, 4, 6926
15607, 8478, 54.32, 252, 68.48, 4, 6926
15608, 8478, 54.32, 252, 68.48, 4, 6927
15609, 8479, 54.32, 252, 68.48, 4, 6927
15610, 8480, 54.32, 252, 68.48, 4, 6927
15611, 8481, 54.33, 252, 68.48, 4, 6927
15612, 8482, 54.33, 252, 68.48, 4, 6927
15613, 8482, 54.33, 252, 68.48, 4, 6928
15614, 8482, 54.32, 252, 68.48, 4, 6929
15615, 8482, 54.32, 252, 68.48, 4, 6930
15616, 8483, 54.32, 252, 68.48, 4, 6930
15617, 8483, 54.32, 252, 68.48, 4, 6931
15618, 8484, 54.32, 252, 68.48, 4, 6931
15619, 8484, 54.32, 252, 68.48, 4, 6932
15620, 8484, 54.31, 252, 68.48, 4, 6933
15621, 8485, 54.32, 252, 68.48, 4, 6933
15622, 8485, 54.31, 252, 68.48, 4, 6934
15623, 8486, 54.32, 252, 68.48, 4, 6934
15624, 8486, 54.31, 252, 68.48, 4, 6935
15625, 8487, 54.32, 252, 68.48, 4, 6935
15626, 8488, 54.32, 252, 68.48, 4, 6935
15627, 8489, 54.32, 252, 68.48, 4, 6935
15628, 8490, 54.33, 252, 68.48, 4, 6935
15629, 8490, 54.32, 252, 68.48, 4, 6936
15630, 8491, 54.33, 252, 68.48, 4, 6936
15631, 8492, 54.33, 252, 68.48, 4, 6936
15632, 8492, 54.32, 252, 68.48, 4, 6937
15633, 8493, 54.33, 252, 68.48, 4, 6937
15634, 8493, 54.32, 252, 68.48, 4, 6937
15635, 8494, 54.33, 252, 68.48, 4, 6937
15636, 8494, 54.32, 252, 68.48, 4, 6938
15637, 8495, 54.33, 252, 68.48, 4, 6938
15638, 8495, 54.32, 252, 68.48, 4, 6939
15639, 8496, 54.33, 252, 68.48, 4, 6939
15640, 8497, 54.33, 252, 68.48, 4, 6939
15641, 8498, 54.33, 252, 68.48, 4, 6939
15642, 8498, 54.33, 252, 68.48, 4, 6940
15643, 8499, 54.33, 252, 68.48, 4, 6940
15644, 8499, 54.33, 252, 68.48, 4, 6941
15645, 8499, 54.32, 252, 68.48, 4, 6942
15646, 8500, 54.33, 252, 68.48, 4, 6942
15647, 8500, 54.32, 252, 68.48, 4, 6943
15648, 8500, 54.32, 252, 68.48, 4, 6944
15649, 8500, 54.32, 252, 68.48, 4, 6945
15650, 8500, 54.31, 252, 68.48, 4, 6946
15651, 8501, 54.32, 252, 68.48, 4, 6946
15652, 8501, 54.31, 252, 68.48, 4, 6947
15653, 8501, 54.31, 252, 68.48, 4, 6948
15654, 8502, 54.31, 252, 68.48, 4, 6948
15655, 8503, 54.31, 252, 68.48, 4, 6948
15656, 8504, 54.32, 252, 68.48, 4, 6948
15657, 8504, 54.31, 252, 68.48, 4, 6949
15658, 8505, 54.32, 252, 68.48, 4, 6949
15659, 8506, 54.32, 252, 68.48, 4, 6949
15660, 8506, 54.32, 252, 68.48, 4, 6950
15661, 8507, 54.32, 252, 68.48, 4, 6950
15662, 8508, 54.32, 252, 68.48, 4, 6950
15663, 8508, 54.32, 252, 68.48, 4, 6951
15664, 8509, 54.32, 252, 68.48, 4, 6951
15665, 8509, 54.32, 252, 68.48, 4, 6952
15666, 8509, 54.32, 252, 68.48, 4, 6953
15667, 8509, 54.31, 252, 68.48, 4, 6954
15668, 8509, 54.31, 252, 68.48, 4, 6955
15669, 8509, 54.30, 252, 68.48, 4, 6956
15670, 8510, 54.31, 252, 68.48, 4, 6956
15671, 8511, 54.31, 252, 68.48, 4, 6956
15672, 8512, 54.31, 252, 68.48, 4, 6956
15673, 8513, 54.32, 252, 68.48, 4, 6956
15674, 8514, 54.32, 252, 68.48, 4, 6956
15675, 8514, 54.32, 252, 68.48, 4, 6957
15676, 8514, 54.31, 252, 68.48, 4, 6958
15677, 8515, 54.32, 252, 68.48, 4, 6958
15678, 8516, 54.32, 252, 68.48, 4, 6958
15679, 8516, 54.31, 252, 68.48, 4, 6959
15680, 8516, 54.31, 252, 68.48, 4, 6960
15681, 8516, 54.31, 252, 68.48, 4, 6961
15682, 8517, 54.31, 252, 68.48, 4, 6961
15683, 8517, 54.31, 252, 68.48, 4, 6962
15684, 8518, 54.31, 252, 68.48, 4, 6962
15685, 8519, 54.31, 252, 68.48, 4, 6962
15686, 8519, 54.31, 252, 68.48, 4, 6963
15687, 8519, 54.31, 252, 68.48, 4, 6964
15688, 8520, 54.31, 252, 68.48, 4, 6964
15689, 8520, 54.31, 252, 68.48, 4, 6965
15690, 8520, 54.30, 252, 68.48, 4, 6966
15691, 8520, 54.30, 252, 68.48, 4, 6967
15692, 8520, 54.30, 252, 68.48, 4, 6968
15693, 8521, 54.30, 252, 68.48, 4, 6968
15694, 8521, 54.29, 252, 68.48, 4, 6969
15695, 8522, 54.30, 252, 68.48, 4, 6969
15696, 8523, 54.30, 252, 68.48, 4, 6969
15697, 8524, 54.30, 252, 68.48, 4, 6969
15698, 8525, 54.31, 252, 68.48, 4, 6969
15699, 8525, 54.30, 252, 68.48, 4, 6970
15700, 8526, 54.31, 252, 68.48, 4, 6970
15701, 8526, 54.30, 252, 68.48, 4, 6971
15702, 8527, 54.31, 252, 68.48, 4, 6971
15703, 8527, 54.30, 252, 68.48, 4, 6972
15704, 8528, 54.30, 252, 68.48, 4, 6972
15705, 8528, 54.30, 252, 68.48, 4, 6973
15706, 8529, 54.30, 252, 68.48, 4, 6973
15707, 8530, 54.31, 252, 68.48, 4, 6973
15708, 8531, 54.31, 252, 68.48, 4, 6973
15709, 8532, 54.31, 252, 68.48, 4, 6973
15710, 8533, 54.32, 252, 68.48, 4, 6973
15711, 8534, 54.32, 252, 68.48, 4, 6973
15712, 8535, 54.32, 252, 68.48, 4, 6973
15713, 8535, 54.32, 252, 68.48, 4, 6974
15714, 8536, 54.32, 252, 68.48, 4, 6974
15715, 8536, 54.32, 252, 68.48, 4, 6975
15716, 8536, 54.31, 252, 68.48, 4, 6976
15717, 8537, 54.32, 252, 68.48, 4, 6976
15718, 8537, 54.31, 252, 68.48, 4, 6977
15719, 8537, 54.31, 252, 68.48, 4, 6978
15720, 8537, 54.31, 252, 68.48, 4, 6979
15721, 8537, 54.30, 252, 68.48, 4, 6980
15722, 8538, 54.31, 252, 68.48, 4, 6980
15723, 8539, 54.31, 252, 68.48, 4, 6980
15724, 8539, 54.31, 252, 68.48, 4, 6981
15725, 8540, 54.31, 252, 68.48, 4, 6981
15726, 8541, 54.31, 252, 68.48, 4, 6981
15727, 8542, 54.31, 252, 68.48, 4, 6981
15728, 8542, 54.31, 252, 68.48, 4, 6982
15729, 8543, 54.31, 252, 68.48, 4, 6982
15730, 8543, 54.31, 252, 68.48, 4, 6983
15731, 8544, 54.31, 252, 68.48, 4, 6983
15732, 8545, 54.32, 252, 68.48, 4, 6983
15733, 8546, 54.32, 252, 68.48, 4, 6983
15734, 8547, 54.32, 252, 68.48, 4, 6983
15735, 8548, 54.32, 252, 68.48, 4, 6983
15736, 8548, 54.32, 252, 68.48, 4, 6984
15737, 8549, 54.32, 252, 68.48, 4, 6984
15738, 8550, 54.33, 252, 68.48, 4, 6984
15739, 8551, 54.33, 252, 68.48, 4, 6984
15740, 8552, 54.33, 252, 68.48, 4, 6984
15741, 8552, 54.33, 252, 68.48, 4, 6985
15742, 8552, 54.33, 252, 68.48, 4, 6986
15743, 8553, 54.33, 252, 68.48, 4, 6986
15744, 8554, 54.33, 252, 68.48, 4, 6986
15745, 8554, 54.33, 252, 68.48, 4, 6987
15746, 8555, 54.33, 252, 68.48, 4, 6987
15747, 8555, 54.33, 252, 68.48, 4, 6988
15748, 8555, 54.32, 252, 68.48, 4, 6989
15749, 8555, 54.32, 252, 68.48, 4, 6990
15750, 8556, 54.32, 252, 68.48, 4, 6990
15751, 8556, 54.32, 252, 68.48, 4, 6990
15752, 8557, 54.32, 252, 68.48, 4, 6990
15753, 8558, 54.33, 252, 68.48, 4, 6990
15754, 8558, 54.32, 252, 68.48, 4, 6991
15755, 8559, 54.33, 252, 68.48, 4, 6991
15756, 8560, 54.33, 252, 68.48, 4, 6991
15757, 8561, 54.33, 252, 68.48, 4, 6991
15758, 8561, 54.33, 252, 68.48, 4, 6992
15759, 8562, 54.33, 252, 68.48, 4, 6992
15760, 8563, 54.33, 252, 68.48, 4, 6992
15761, 8564, 54.34, 252, 68.48, 4, 6992
15762, 8565, 54.34, 252, 68.48, 4, 6992
15763, 8566, 54.34, 252, 68.48, 4, 6992
15764, 8566, 54.34, 252, 68.48, 4, 6993
15765, 8567, 54.34, 252, 68.48, 4, 6993
15766, 8567, 54.34, 252, 68.48, 4, 6994
15767, 8568, 54.34, 252, 68.48, 4, 6994
15768, 8569, 54.34, 252, 68.48, 4, 6994
15769, 8570, 54.35, 252, 68.48, 4, 6994
15770, 8571, 54.35, 252, 68.48, 4, 6994
15771, 8572, 54.35, 252, 68.48, 4, 6994
15772, 8572, 54.35, 252, 68.48, 4, 6995
15773, 8572, 54.35, 252, 68.48, 4, 6996
15774, 8572, 54.34, 252, 68.48, 4, 6997
15775, 8572, 54.34, 252, 68.48, 4, 6998
15776, 8573, 54.34, 252, 68.48, 4, 6998
15777, 8574, 54.34, 252, 68.48, 4, 6998
15778, 8575, 54.35, 252, 68.48, 4, 6998
15779, 8575, 54.34, 252, 68.48, 4, 6999
15780, 8575, 54.34, 252, 68.48, 4, 7000
15781, 8576, 54.34, 252, 68.48, 4, 7000
15782, 8576, 54.34, 252, 68.48, 4, 7001
15783, 8577, 54.34, 252, 68.48, 4, 7001
15784, 8578, 54.35, 252, 68.48, 4, 7001
15785, 8578, 54.34, 252, 68.48, 4, 7002
15786, 8579, 54.35, 252, 68.48, 4, 7002
15787, 8579, 54.34, 252, 68.48, 4, 7003
15788, 8580, 54.35, 252, 68.48, 4, 7003
15789, 8581, 54.35, 252, 68.48, 4, 7003
15790, 8582, 54.35, 252, 68.48, 4, 7003
15791, 8583, 54.35, 252, 68.48, 4, 7003
15792, 8583, 54.35, 252, 68.48, 4, 7004
15793, 8584, 54.35, 252, 68.48, 4, 7004
15794, 8585, 54.36, 252, 68.48, 4, 7004
15795, 8586, 54.36, 252, 68.48, 4, 7004
15796, 8586, 54.36, 252, 68.48, 4, 7005
15797, 8586, 54.35, 252, 68.48, 4, 7006
15798, 8587, 54.35, 252, 68.48, 4, 7006
15799, 8588, 54.36, 252, 68.48, 4, 7006
15800, 8589, 54.36, 252, 68.48, 4, 7006
15801, 8590, 54.36, 252, 68.48, 4, 7006
15802, 8591, 54.37, 252, 68.48, 4, 7006
15803, 8592, 54.37, 252, 68.48, 4, 7006
15804, 8592, 54.37, 252, 68.48, 4, 7007
15805, 8592, 54.36, 252, 68.48, 4, 7008
15806, 8592, 54.36, 252, 68.48, 4, 7009
15807, 8593, 54.36, 252, 68.48, 4, 7009
15808, 8593, 54.36, 252, 68.48, 4, 7010
15809, 8594, 54.36, 252, 68.48, 4, 7010
15810, 8595, 54.36, 252, 68.48, 4, 7010
15811, 8596, 54.37, 252, 68.48, 4, 7010
15812, 8596, 54.36, 252, 68.48, 4, 7011
15813, 8596, 54.36, 252, 68.48, 4, 7012
15814, 8597, 54.36, 252, 68.48, 4, 7012
15815, 8598, 54.37, 252, 68.48, 4, 7012
15816, 8599, 54.37, 252, 68.48, 4, 7012
15817, 8599, 54.37, 252, 68.48, 4, 7013
15818, 8600, 54.37, 252, 68.48, 4, 7013
15819, 8601, 54.37, 252, 68.48, 4, 7013
15820, 8601, 54.37, 252, 68.48, 4, 7014
15821, 8602, 54.37, 252, 68.48, 4, 7014
15822, 8602, 54.37, 252, 68.48, 4, 7015
15823, 8603, 54.37, 252, 68.48, 4, 7015
15824, 8603, 54.37, 252, 68.48, 4, 7016
15825, 8604, 54.37, 252, 68.48, 4, 7016
15826, 8604, 54.37, 252, 68.48, 4, 7017
15827, 8604, 54.36, 252, 68.48, 4, 7018
15828, 8605, 54.37, 252, 68.48, 4, 7018
15829, 8606, 54.37, 252, 68.48, 4, 7018
15830, 8607, 54.37, 252, 68.48, 4, 7018
15831, 8608, 54.37, 252, 68.48, 4, 7018
15832, 8609, 54.38, 252, 68.48, 4, 7018
15833, 8609, 54.37, 252, 68.48, 4, 7019
15834, 8610, 54.38, 252, 68.48, 4, 7019
15835, 8610, 54.37, 252, 68.48, 4, 7020
15836, 8610, 54.37, 252, 68.48, 4, 7021
15837, 8610, 54.37, 252, 68.48, 4, 7022
15838, 8610, 54.36, 252, 68.48, 4, 7023
15839, 8611, 54.37, 252, 68.48, 4, 7023
15840, 8611, 54.36, 252, 68.48, 4, 7024
15841, 8612, 54.37, 252, 68.48, 4, 7024
15842, 8612, 54.36, 252, 68.48, 4, 7025
15843, 8612, 54.36, 252, 68.48, 4, 7026
15844, 8612, 54.35, 252, 68.48, 4, 7027
15845, 8613, 54.36, 252, 68.48, 4, 7027
15846, 8614, 54.36, 252, 68.48, 4, 7027
15847, 8615, 54.36, 252, 68.48, 4, 7027
15848, 8615, 54.36, 252, 68.48, 4, 7028
15849, 8615, 54.36, 252, 68.48, 4, 7029
15850, 8616, 54.36, 252, 68.48, 4, 7029
15851, 8616, 54.36, 252, 68.48, 4, 7030
15852, 8616, 54.35, 252, 68.48, 4, 7031
15853, 8616, 54.35, 252, 68.48, 4, 7032
15854, 8616, 54.35, 252, 68.48, 4, 7033
15855, 8617, 54.35, 252, 68.48, 4, 7033
15856, 8617, 54.35, 252, 68.48, 4, 7034
15857, 8618, 54.35, 252, 68.48, 4, 7034
15858, 8618, 54.34, 252, 68.48, 4, 7035
15859, 8619, 54.35, 252, 68.48, 4, 7035
15860, 8620, 54.35, 252, 68.48, 4, 7035
15861, 8621, 54.35, 252, 68.48, 4, 7035
15862, 8622, 54.36, 252, 68.48, 4, 7035
15863, 8623, 54.36, 252, 68.48, 4, 7035
15864, 8624, 54.36, 252, 68.48, 4, 7035
15865, 8625, 54.36, 252, 68.48, 4, 7035
15866, 8626, 54.37, 252, 68.48, 4, 7035
15867, 8627, 54.37, 252, 68.48, 4, 7035
15868, 8628, 54.37, 252, 68.48, 4, 7035
15869, 8629, 54.38, 252, 68.48, 4, 7035
15870, 8630, 54.38, 252, 68.48, 4, 7035
15871, 8631, 54.38, 252, 68.48, 4, 7035
15872, 8631, 54.38, 252, 68.48, 4, 7036
15873, 8631, 54.38, 252, 68.48, 4, 7037
15874, 8631, 54.37, 252, 68.48, 4, 7038
15875, 8632, 54.37, 252, 68.48, 4, 7038
15876, 8632, 54.37, 252, 68.48, 4, 7039
15877, 8632, 54.37, 252, 68.48, 4, 7040
15878, 8632, 54.36, 252, 68.48, 4, 7041
15879, 8633, 54.37, 252, 68.48, 4, 7041
15880, 8633, 54.36, 252, 68.48, 4, 7042
15881, 8633, 54.36, 252, 68.48, 4, 7043
15882, 8633, 54.36, 252, 68.48, 4, 7044
15883, 8634, 54.36, 252, 68.48, 4, 7044
15884, 8635, 54.36, 252, 68.48, 4, 7044
15885, 8635, 54.36, 252, 68.48, 4, 7045
15886, 8635, 54.36, 252, 68.48, 4, 7046
15887, 8636, 54.36, 252, 68.48, 4, 7046
15888, 8637, 54.36, 252, 68.48, 4, 7046
15889, 8637, 54.36, 252, 68.48, 4, 7047
15890, 8638, 54.36, 252, 68.48, 4, 7047
15891, 8639, 54.36, 252, 68.48, 4, 7047
15892, 8639, 54.36, 252, 68.48, 4, 7048
15893, 8640, 54.36, 252, 68.48, 4, 7048
15894, 8641, 54.37, 252, 68.48, 4, 7048
15895, 8641, 54.36, 252, 68.48, 4, 7049
15896, 8642, 54.37, 252, 68.48, 4, 7049
15897, 8643, 54.37, 252, 68.48, 4, 7049
15898, 8644, 54.37, 252, 68.48, 4, 7049
15899, 8645, 54.37, 252, 68.48, 4, 7049
15900, 8646, 54.38, 252, 68.48, 4, 7049
15901, 8647, 54.38, 252, 68.48, 4, 7049
15902, 8648, 54.38, 252, 68.48, 4, 7049
15903, 8648, 54.38, 252, 68.48, 4, 7050
15904, 8648, 54.38, 252, 68.48, 4, 7051
15905, 8649, 54.38, 252, 68.48, 4, 7051
15906, 8649, 54.38, 252, 68.48, 4, 7052
15907, 8650, 54.38, 252, 68.48, 4, 7052
15908, 8651, 54.38, 252, 68.48, 4, 7052
15909, 8652, 54.38, 252, 68.48, 4, 7052
15910, 8653, 54.39, 252, 68.48, 4, 7052
15911, 8653, 54.38, 252, 68.48, 4, 7053
15912, 8653, 54.38, 252, 68.48, 4, 7054
15913, 8654, 54.38, 252, 68.48, 4, 7054
15914, 8655, 54.39, 252, 68.48, 4, 7054
15915, 8655, 54.38, 252, 68.48, 4, 7055
15916, 8656, 54.39, 252, 68.48, 4, 7055
15917, 8657, 54.39, 252, 68.48, 4, 7055
15918, 8657, 54.38, 252, 68.48, 4, 7056
15919, 8657, 54.38, 252, 68.48, 4, 7057
15920, 8657, 54.38, 252, 68.48, 4, 7058
15921, 8658, 54.38, 252, 68.48, 4, 7058
15922, 8659, 54.38, 252, 68.48, 4, 7058
15923, 8660, 54.39, 252, 68.48, 4, 7058
15924, 8660, 54.38, 252, 68.48, 4, 7059
15925, 8661, 54.39, 252, 68.48, 4, 7059
15926, 8662, 54.39, 252, 68.48, 4, 7059
15927, 8662, 54.39, 252, 68.48, 4, 7060
15928, 8663, 54.39, 252, 68.48, 4, 7060
15929, 8664, 54.39, 252, 68.48, 4, 7060
15930, 8665, 54.39, 252, 68.48, 4, 7060
15931, 8665, 54.39, 252, 68.48, 4, 7061
15932, 8666, 54.39, 252, 68.48, 4, 7061
15933, 8666, 54.39, 252, 68.48, 4, 7062
15934, 8667, 54.39, 252, 68.48, 4, 7062
15935, 8668, 54.40, 252, 68.48, 4, 7062
15936, 8669, 54.40, 252, 68.48, 4, 7062
15937, 8669, 54.40, 252, 68.48, 4, 7063
15938, 8669, 54.39, 252, 68.48, 4, 7064
15939, 8669, 54.39, 252, 68.48, 4, 7065
15940, 8669, 54.39, 252, 68.48, 4, 7066
15941, 8669, 54.38, 252, 68.48, 4, 7067
15942, 8670, 54.38, 252, 68.48, 4, 7067
15943, 8670, 54.38, 252, 68.48, 4, 7068
15944, 8670, 54.38, 252, 68.48, 4, 7069
15945, 8670, 54.37, 252, 68.48, 4, 7070
15946, 8670, 54.37, 252, 68.48, 4, 7071
15947, 8670, 54.37, 252, 68.48, 4, 7072
15948, 8670, 54.36, 252, 68.48, 4, 7073
15949, 8671, 54.37, 252, 68.48, 4, 7073
15950, 8671, 54.36, 252, 68.48, 4, 7074
15951, 8671, 54.36, 252, 68.48, 4, 7075
15952, 8671, 54.36, 252, 68.48, 4, 7075
15953, 8672, 54.36, 252, 68.48, 4, 7075
15954, 8673, 54.36, 252, 68.48, 4, 7075
15955, 8674, 54.37, 252, 68.48, 4, 7075
15956, 8675, 54.37, 252, 68.48, 4, 7075
15957, 8676, 54.37, 252, 68.48, 4, 7075
15958, 8677, 54.37, 252, 68.48, 4, 7075
15959, 8678, 54.38, 252, 68.48, 4, 7075
15960, 8679, 54.38, 252, 68.48, 4, 7075
15961, 8680, 54.38, 252, 68.48, 4, 7075
15962, 8680, 54.38, 252, 68.48, 4, 7076
15963, 8680, 54.38, 252, 68.48, 4, 7077
15964, 8681, 54.38, 252, 68.48, 4, 7077
15965, 8681, 54.38, 252, 68.48, 4, 7078
15966, 8682, 54.38, 252, 68.48, 4, 7078
15967, 8683, 54.38, 252, 68.48, 4, 7078
15968, 8683, 54.38, 252, 68.48, 4, 7079
15969, 8683, 54.37, 252, 68.48, 4, 7080
15970, 8684, 54.38, 252, 68.48, 4, 7080
15971, 8685, 54.38, 252, 68.48, 4, 7080
15972, 8685, 54.38, 252, 68.48, 4, 7081
15973, 8686, 54.38, 252, 68.48, 4, 7081
15974, 8687, 54.38, 252, 68.48, 4, 7081
15975, 8688, 54.38, 252, 68.48, 4, 7081
15976, 8689, 54.39, 252, 68.48, 4, 7081
15977, 8690, 54.39, 252, 68.48, 4, 7081
15978, 8691, 54.39, 252, 68.48, 4, 7081
15979, 8692, 54.40, 252, 68.48, 4, 7081
15980, 8693, 54.40, 252, 68.48, 4, 7081
15981, 8693, 54.40, 252, 68.48, 4, 7082
15982, 8694, 54.40, 252, 68.48, 4, 7082
15983, 8694, 54.40, 252, 68.48, 4, 7083
15984, 8695, 54.40, 252, 68.48, 4, 7083
15985, 8695, 54.39, 252, 68.48, 4, 7084
15986, 8695, 54.39, 252, 68.48, 4, 7085
15987, 8696, 54.39, 252, 68.48, 4, 7085
15988, 8696, 54.39, 252, 68.48, 4, 7086
15989, 8696, 54.39, 252, 68.48, 4, 7087
15990, 8697, 54.39, 252, 68.48, 4, 7087
15991, 8697, 54.39, 252, 68.48, 4, 7088
15992, 8697, 54.38, 252, 68.48, 4, 7089
15993, 8698, 54.39, 252, 68.48, 4, 7089
15994, 8699, 54.39, 252, 68.48, 4, 7089
15995, 8699, 54.39, 252, 68.48, 4, 7090
15996, 8700, 54.39, 252, 68.48, 4, 7090
15997, 8701, 54.39, 252, 68.48, 4, 7090
15998, 8702, 54.39, 252, 68.48, 4, 7090
15999, 8702, 54.39, 252, 68.48, 4, 7091
16000, 8703, 54.39, 252, 68.48, 4, 7091
16001, 8704, 54.40, 252, 68.48, 4, 7091
16002, 8704, 54.39, 252, 68.48, 4, 7092
16003, 8705, 54.40, 252, 68.48, 4, 7092
16004, 8705, 54.39, 252, 68.48, 4, 7093
16005, 8706, 54.40, 252, 68.48, 4, 7093
16006, 8706, 54.39, 252, 68.48, 4, 7094
16007, 8707, 54.39, 252, 68.48, 4, 7094
16008, 8708, 54.40, 252, 68.48, 4, 7094
16009, 8709, 54.40, 252, 68.48, 4, 7094
16010, 8710, 54.40, 252, 68.48, 4, 7094
16011, 8710, 54.40, 252, 68.48, 4, 7095
16012, 8710, 54.40, 252, 68.48, 4, 7096
16013, 8711, 54.40, 252, 68.48, 4, 7096
16014, 8712, 54.40, 252, 68.48, 4, 7096
16015, 8713, 54.41, 252, 68.48, 4, 7096
16016, 8713, 54.40, 252, 68.48, 4, 7097
16017, 8713, 54.40, 252, 68.48, 4, 7098
16018, 8713, 54.40, 252, 68.48, 4, 7099
16019, 8714, 54.40, 252, 68.48, 4, 7099
16020, 8714, 54.39, 252, 68.48, 4, 7100
16021, 8715, 54.40, 252, 68.48, 4, 7100
16022, 8715, 54.39, 252, 68.48, 4, 7101
16023, 8716, 54.40, 252, 68.48, 4, 7101
16024, 8717, 54.40, 252, 68.48, 4, 7101
16025, 8718, 54.40, 252, 68.48, 4, 7101
16026, 8718, 54.40, 252, 68.48, 4, 7102
16027, 8718, 54.40, 252, 68.48, 4, 7103
16028, 8718, 54.39, 252, 68.48, 4, 7104
16029, 8718, 54.39, 252, 68.48, 4, 7105
16030, 8718, 54.39, 252, 68.48, 4, 7106
16031, 8719, 54.39, 252, 68.48, 4, 7106
16032, 8719, 54.38, 252, 68.48, 4, 7107
16033, 8719, 54.38, 252, 68.48, 4, 7108
16034, 8720, 54.38, 252, 68.48, 4, 7108
16035, 8720, 54.38, 252, 68.48, 4, 7109
16036, 8720, 54.38, 252, 68.48, 4, 7109
16037, 8720, 54.37, 252, 68.48, 4, 7110
16038, 8721, 54.38, 252, 68.48, 4, 7110
16039, 8721, 54.37, 252, 68.48, 4, 7111
16040, 8721, 54.37, 252, 68.48, 4, 7112
16041, 8722, 54.37, 252, 68.48, 4, 7112
16042, 8722, 54.37, 252, 68.48, 4, 7113
16043, 8723, 54.37, 252, 68.48, 4, 7113
16044, 8724, 54.38, 252, 68.48, 4, 7113
16045, 8724, 54.37, 252, 68.48, 4, 7114
16046, 8724, 54.37, 252, 68.48, 4, 7115
16047, 8724, 54.37, 252, 68.48, 4, 7116
16048, 8725, 54.37, 252, 68.48, 4, 7116
16049, 8726, 54.37, 252, 68.48, 4, 7116
16050, 8726, 54.37, 252, 68.48, 4, 7117
16051, 8726, 54.36, 252, 68.48, 4, 7118
16052, 8727, 54.37, 252, 68.48, 4, 7118
16053, 8728, 54.37, 252, 68.48, 4, 7118
16054, 8728, 54.37, 252, 68.48, 4, 7119
16055, 8729, 54.37, 252, 68.48, 4, 7119
16056, 8729, 54.37, 252, 68.48, 4, 7120
16057, 8729, 54.36, 252, 68.48, 4, 7121
16058, 8730, 54.37, 252, 68.48, 4, 7121
16059, 8731, 54.37, 252, 68.48, 4, 7121
16060, 8731, 54.36, 252, 68.48, 4, 7122
16061, 8732, 54.37, 252, 68.48, 4, 7122
16062, 8733, 54.37, 252, 68.48, 4, 7122
16063, 8734, 54.37, 252, 68.48, 4, 7122
16064, 8734, 54.37, 252, 68.48, 4, 7123
16065, 8735, 54.37, 252, 68.48, 4, 7123
16066, 8736, 54.38, 252, 68.48, 4, 7123
16067, 8736, 54.37, 252, 68.48, 4, 7124
16068, 8736, 54.37, 252, 68.48, 4, 7125
16069, 8737, 54.37, 252, 68.48, 4, 7125
16070, 8738, 54.37, 252, 68.48, 4, 7125
16071, 8738, 54.37, 252, 68.48, 4, 7126
16072, 8739, 54.37, 252, 68.48, 4, 7126
16073, 8739, 54.37, 252, 68.48, 4, 7127
16074, 8739, 54.37, 252, 68.48, 4, 7128
16075, 8739, 54.36, 252, 68.48, 4, 7129
16076, 8739, 54.36, 252, 68.48, 4, 7130
16077, 8739, 54.36, 252, 68.48, 4, 7131
16078, 8740, 54.36, 252, 68.48, 4, 7131
16079, 8741, 54.36, 252, 68.48, 4, 7131
16080, 8741, 54.36, 252, 68.48, 4, 7132
16081, 8741, 54.36, 252, 68.48, 4, 7133
16082, 8742, 54.36, 252, 68.48, 4, 7133
16083, 8742, 54.36, 252, 68.48, 4, 7134
16084, 8742, 54.35, 252, 68.48, 4, 7135
16085, 8742, 54.35, 252, 68.48, 4, 7136
16086, 8742, 54.35, 252, 68.48, 4, 7137
16087, 8742, 54.34, 252, 68.48, 4, 7138
16088, 8742, 54.34, 252, 68.48, 4, 7139
16089, 8742, 54.34, 252, 68.48, 4, 7140
16090, 8743, 54.34, 252, 68.48, 4, 7140
16091, 8744, 54.34, 252, 68.48, 4, 7140
16092, 8744, 54.34, 252, 68.48, 4, 7141
16093, 8745, 54.34, 252, 68.48, 4, 7141
16094, 8745, 54.34, 252, 68.48, 4, 7142
16095, 8745, 54.33, 252, 68.48, 4, 7143
16096, 8745, 54.33, 252, 68.48, 4, 7144
16097, 8745, 54.33, 252, 68.48, 4, 7145
16098, 8745, 54.32, 252, 68.48, 4, 7146
16099, 8746, 54.33, 252, 68.48, 4, 7146
16100, 8746, 54.32, 252, 68.48, 4, 7147
16101, 8747, 54.33, 252, 68.48, 4, 7147
16102, 8747, 54.32, 252, 68.48, 4, 7148
16103, 8747, 54.32, 252, 68.48, 4, 7149
16104, 8748, 54.32, 252, 68.48, 4, 7149
16105, 8748, 54.32, 252, 68.48, 4, 7150
16106, 8749, 54.32, 252, 68.48, 4, 7150
16107, 8750, 54.32, 252, 68.48, 4, 7150
16108, 8750, 54.32, 252, 68.48, 4, 7151
16109, 8750, 54.32, 252, 68.48, 4, 7152
16110, 8750, 54.31, 252, 68.48, 4, 7153
16111, 8751, 54.32, 252, 68.48, 4, 7153
16112, 8751, 54.31, 252, 68.48, 4, 7154
16113, 8751, 54.31, 252, 68.48, 4, 7155
16114, 8752, 54.31, 252, 68.48, 4, 7155
16115, 8753, 54.32, 252, 68.48, 4, 7155
16116, 8754, 54.32, 252, 68.48, 4, 7155
16117, 8755, 54.32, 252, 68.48, 4, 7155
16118, 8755, 54.32, 252, 68.48, 4, 7156
16119, 8756, 54.32, 252, 68.48, 4, 7156
16120, 8756, 54.32, 252, 68.48, 4, 7157
16121, 8757, 54.32, 252, 68.48, 4, 7157
16122, 8758, 54.32, 252, 68.48, 4, 7157
16123, 8759, 54.33, 252, 68.48, 4, 7157
16124, 8760, 54.33, 252, 68.48, 4, 7157
16125, 8761, 54.33, 252, 68.48, 4, 7157
16126, 8762, 54.33, 252, 68.48, 4, 7157
16127, 8762, 54.33, 252, 68.48, 4, 7158
16128, 8763, 54.33, 252, 68.48, 4, 7158
16129, 8763, 54.33, 252, 68.48, 4, 7158
16130, 8763, 54.33, 252, 68.48, 4, 7159
16131, 8763, 54.32, 252, 68.48, 4, 7160
16132, 8764, 54.33, 252, 68.48, 4, 7160
16133, 8764, 54.32, 252, 68.48, 4, 7161
16134, 8765, 54.33, 252, 68.48, 4, 7161
16135, 8766, 54.33, 252, 68.48, 4, 7161
16136, 8767, 54.33, 252, 68.48, 4, 7161
16137, 8767, 54.33, 252, 68.48, 4, 7162
16138, 8767, 54.33, 252, 68.48, 4, 7163
16139, 8768, 54.33, 252, 68.48, 4, 7163
16140, 8768, 54.32, 252, 68.48, 4, 7164
16141, 8768, 54.32, 252, 68.48, 4, 7165
16142, 8768, 54.32, 252, 68.48, 4, 7166
16143, 8768, 54.31, 252, 68.48, 4, 7167
16144, 8768, 54.31, 252, 68.48, 4, 7168
16145, 8768, 54.31, 252, 68.48, 4, 7169
16146, 8768, 54.30, 252, 68.48, 4, 7170
16147, 8768, 54.30, 252, 68.48, 4, 7171
16148, 8769, 54.30, 252, 68.48, 4, 7171
16149, 8770, 54.31, 252, 68.48, 4, 7171
16150, 8771, 54.31, 252, 68.48, 4, 7171
16151, 8772, 54.31, 252, 68.48, 4, 7171
16152, 8773, 54.32, 252, 68.48, 4, 7171
16153, 8774, 54.32, 252, 68.48, 4, 7171
16154, 8775, 54.32, 252, 68.48, 4, 7171
16155, 8776, 54.32, 252, 68.48, 4, 7171
16156, 8776, 54.32, 252, 68.48, 4, 7172
16157, 8776, 54.32, 252, 68.48, 4, 7173
16158, 8776, 54.31, 252, 68.48, 4, 7174
16159, 8777, 54.32, 252, 68.48, 4, 7174
16160, 8778, 54.32, 252, 68.48, 4, 7174
16161, 8779, 54.32, 252, 68.48, 4, 7174
16162, 8780, 54.32, 252, 68.48, 4, 7174
16163, 8780, 54.32, 252, 68.48, 4, 7175
16164, 8781, 54.32, 252, 68.48, 4, 7175
16165, 8781, 54.32, 252, 68.48, 4, 7176
16166, 8782, 54.32, 252, 68.48, 4, 7176
16167, 8783, 54.33, 252, 68.48, 4, 7176
16168, 8783, 54.32, 252, 68.48, 4, 7177
16169, 8783, 54.32, 252, 68.48, 4, 7178
16170, 8784, 54.32, 252, 68.48, 4, 7178
16171, 8785, 54.33, 252, 68.48, 4, 7178
16172, 8785, 54.32, 252, 68.48, 4, 7179
16173, 8785, 54.32, 252, 68.48, 4, 7179
16174, 8785, 54.32, 252, 68.48, 4, 7179
16175, 8785, 54.31, 252, 68.48, 4, 7180
16176, 8786, 54.32, 252, 68.48, 4, 7180
16177, 8787, 54.32, 252, 68.48, 4, 7180
16178, 8788, 54.32, 252, 68.48, 4, 7180
16179, 8789, 54.32, 252, 68.48, 4, 7180
16180, 8790, 54.33, 252, 68.48, 4, 7180
16181, 8791, 54.33, 252, 68.48, 4, 7180
16182, 8792, 54.33, 252, 68.48, 4, 7180
16183, 8792, 54.33, 252, 68.48, 4, 7181
16184, 8792, 54.33, 252, 68.48, 4, 7182
16185, 8792, 54.32, 252, 68.48, 4, 7183
16186, 8792, 54.32, 252, 68.48, 4, 7184
16187, 8792, 54.32, 252, 68.48, 4, 7185
16188, 8792, 54.31, 252, 68.48, 4, 7186
16189, 8793, 54.31, 252, 68.48, 4, 7186
16190, 8793, 54.31, 252, 68.48, 4, 7187
16191, 8794, 54.31, 252, 68.48, 4, 7187
16192, 8794, 54.31, 252, 68.48, 4, 7188
16193, 8795, 54.31, 252, 68.48, 4, 7188
16194, 8796, 54.32, 252, 68.48, 4, 7188
16195, 8796, 54.31, 252, 68.48, 4, 7189
16196, 8797, 54.32, 252, 68.48, 4, 7189
16197, 8797, 54.31, 252, 68.48, 4, 7190
16198, 8797, 54.31, 252, 68.48, 4, 7191
16199, 8797, 54.31, 252, 68.48, 4, 7192
16200, 8798, 54.31, 252, 68.48, 4, 7192
16201, 8799, 54.31, 252, 68.48, 4, 7192
16202, 8800, 54.31, 252, 68.48, 4, 7192
16203, 8800, 54.31, 252, 68.48, 4, 7193
16204, 8801, 54.31, 252, 68.48, 4, 7193
16205, 8802, 54.32, 252, 68.48, 4, 7193
16206, 8802, 54.31, 252, 68.48, 4, 7194
16207, 8803, 54.32, 252, 68.48, 4, 7194
16208, 8804, 54.32, 252, 68.48, 4, 7194
16209, 8805, 54.32, 252, 68.48, 4, 7194
16210, 8805, 54.32, 252, 68.48, 4, 7195
16211, 8806, 54.32, 252, 68.48, 4, 7195
16212, 8807, 54.32, 252, 68.48, 4, 7195
16213, 8808, 54.33, 252, 68.48, 4, 7195
16214, 8809, 54.33, 252, 68.48, 4, 7195
16215, 8809, 54.33, 252, 68.48, 4, 7196
16216, 8809, 54.32, 252, 68.48, 4, 7197
16217, 8809, 54.32, 252, 68.48, 4, 7198
16218, 8809, 54.32, 252, 68.48, 4, 7199
16219, 8810, 54.32, 252, 68.48, 4, 7199
16220, 8811, 54.32, 252, 68.48, 4, 7199
16221, 8811, 54.32, 252, 68.48, 4, 7200
16222, 8812, 54.32, 252, 68.48, 4, 7200
16223, 8813, 54.32, 252, 68.48, 4, 7200
16224, 8813, 54.32, 252, 68.48, 4, 7201
16225, 8813, 54.32, 252, 68.48, 4, 7202
16226, 8814, 54.32, 252, 68.48, 4, 7202
16227, 8815, 54.32, 252, 68.48, 4, 7202
16228, 8815, 54.32, 252, 68.48, 4, 7203
16229, 8816, 54.32, 252, 68.48, 4, 7203
16230, 8817, 54.33, 252, 68.48, 4, 7203
16231, 8818, 54.33, 252, 68.48, 4, 7203
16232, 8819, 54.33, 252, 68.48, 4, 7203
16233, 8820, 54.33, 252, 68.48, 4, 7203
16234, 8820, 54.33, 252, 68.48, 4, 7204
16235, 8820, 54.33, 252, 68.48, 4, 7205
16236, 8821, 54.33, 252, 68.48, 4, 7205
16237, 8822, 54.33, 252, 68.48, 4, 7205
16238, 8822, 54.33, 252, 68.48, 4, 7206
16239, 8823, 54.33, 252, 68.48, 4, 7206
16240, 8824, 54.33, 252, 68.48, 4, 7206
16241, 8825, 54.34, 252, 68.48, 4, 7206
16242, 8826, 54.34, 252, 68.48, 4, 7206
16243, 8826, 54.34, 252, 68.48, 4, 7207
16244, 8827, 54.34, 252, 68.48, 4, 7207
16245, 8827, 54.34, 252, 68.48, 4, 7208
16246, 8828, 54.34, 252, 68.48, 4, 7208
16247, 8829, 54.34, 252, 68.48, 4, 7208
16248, 8830, 54.35, 252, 68.48, 4, 7208
16249, 8830, 54.34, 252, 68.48, 4, 7209
16250, 8831, 54.34, 252, 68.48, 4, 7209
16251, 8832, 54.35, 252, 68.48, 4, 7209
16252, 8833, 54.35, 252, 68.48, 4, 7209
16253, 8834, 54.35, 252, 68.48, 4, 7209
16254, 8834, 54.35, 252, 68.48, 4, 7210
16255, 8834, 54.35, 252, 68.48, 4, 7211
16256, 8835, 54.35, 252, 68.48, 4, 7211
16257, 8836, 54.35, 252, 68.48, 4, 7211
16258, 8837, 54.35, 252, 68.48, 4, 7211
16259, 8838, 54.36, 252, 68.48, 4, 7211
16260, 8838, 54.35, 252, 68.48, 4, 7212
16261, 8838, 54.35, 252, 68.48, 4, 7213
16262, 8839, 54.35, 252, 68.48, 4, 7213
16263, 8840, 54.36, 252, 68.48, 4, 7213
16264, 8840, 54.35, 252, 68.48, 4, 7214
16265, 8840, 54.35, 252, 68.48, 4, 7215
16266, 8840, 54.35, 252, 68.48, 4, 7216
16267, 8841, 54.35, 252, 68.48, 4, 7216
16268, 8841, 54.35, 252, 68.48, 4, 7217
16269, 8841, 54.34, 252, 68.48, 4, 7218
16270, 8842, 54.35, 252, 68.48, 4, 7218
16271, 8842, 54.34, 252, 68.48, 4, 7219
16272, 8842, 54.34, 252, 68.48, 4, 7220
16273, 8842, 54.34, 252, 68.48, 4, 7221
16274, 8843, 54.34, 252, 68.48, 4, 7221
16275, 8844, 54.34, 252, 68.48, 4, 7221
16276, 8844, 54.34, 252, 68.48, 4, 7222
16277, 8845, 54.34, 252, 68.48, 4, 7222
16278, 8846, 54.34, 252, 68.48, 4, 7222
16279, 8847, 54.35, 252, 68.48, 4, 7222
16280, 8848, 54.35, 252, 68.48, 4, 7222
16281, 8849, 54.35, 252, 68.48, 4, 7222
16282, 8850, 54.35, 252, 68.48, 4, 7222
16283, 8850, 54.35, 252, 68.48, 4, 7223
16284, 8850, 54.35, 252, 68.48, 4, 7224
16285, 8851, 54.35, 252, 68.48, 4, 7224
16286, 8852, 54.35, 252, 68.48, 4, 7224
16287, 8852, 54.35, 252, 68.48, 4, 7225
16288, 8853, 54.35, 252, 68.48, 4, 7225
16289, 8854, 54.36, 252, 68.48, 4, 7225
16290, 8854, 54.35, 252, 68.48, 4, 7226
16291, 8855, 54.36, 252, 68.48, 4, 7226
16292, 8855, 54.35, 252, 68.48, 4, 7227
16293, 8855, 54.35, 252, 68.48, 4, 7228
16294, 8856, 54.35, 252, 68.48, 4, 7228
16295, 8857, 54.35, 252, 68.48, 4, 7228
16296, 8858, 54.36, 252, 68.48, 4, 7228
16297, 8858, 54.35, 252, 68.48, 4, 7229
16298, 8859, 54.36, 252, 68.48, 4, 7229
16299, 8859, 54.35, 252, 68.48, 4, 7230
16300, 8859, 54.35, 252, 68.48, 4, 7231
16301, 8860, 54.35, 252, 68.48, 4, 7231
16302, 8861, 54.36, 252, 68.48, 4, 7231
16303, 8861, 54.35, 252, 68.48, 4, 7232
16304, 8862, 54.35, 252, 68.48, 4, 7232
16305, 8863, 54.36, 252, 68.48, 4, 7232
16306, 8864, 54.36, 252, 68.48, 4, 7232
16307, 8865, 54.36, 252, 68.48, 4, 7232
16308, 8866, 54.37, 252, 68.48, 4, 7232
16309, 8867, 54.37, 252, 68.48, 4, 7232
16310, 8867, 54.37, 252, 68.48, 4, 7233
16311, 8868, 54.37, 252, 68.48, 4, 7233
16312, 8869, 54.37, 252, 68.48, 4, 7233
16313, 8870, 54.37, 252, 68.48, 4, 7233
16314, 8871, 54.38, 252, 68.48, 4, 7233
16315, 8872, 54.38, 252, 68.48, 4, 7233
16316, 8873, 54.38, 252, 68.48, 4, 7233
16317, 8874, 54.38, 252, 68.48, 4, 7233
16318, 8874, 54.38, 252, 68.48, 4, 7234
16319, 8874, 54.38, 252, 68.48, 4, 7235
16320, 8874, 54.37, 252, 68.48, 4, 7236
16321, 8874, 54.37, 252, 68.48, 4, 7237
16322, 8874, 54.37, 252, 68.48, 4, 7238
16323, 8874, 54.37, 252, 68.48, 4, 7239
16324, 8875, 54.37, 252, 68.48, 4, 7239
16325, 8875, 54.36, 252, 68.48, 4, 7240
16326, 8875, 54.36, 252, 68.48, 4, 7241
16327, 8876, 54.36, 252, 68.48, 4, 7241
16328, 8877, 54.37, 252, 68.48, 4, 7241
16329, 8878, 54.37, 252, 68.48, 4, 7241
16330, 8879, 54.37, 252, 68.48, 4, 7241
16331, 8880, 54.38, 252, 68.48, 4, 7241
16332, 8880, 54.37, 252, 68.48, 4, 7242
16333, 8880, 54.37, 252, 68.48, 4, 7243
16334, 8881, 54.37, 252, 68.48, 4, 7243
16335, 8881, 54.37, 252, 68.48, 4, 7244
16336, 8882, 54.37, 252, 68.48, 4, 7244
16337, 8883, 54.37, 252, 68.48, 4, 7244
16338, 8884, 54.38, 252, 68.48, 4, 7244
16339, 8885, 54.38, 252, 68.48, 4, 7244
16340, 8885, 54.38, 252, 68.48, 4, 7245
16341, 8885, 54.37, 252, 68.48, 4, 7246
16342, 8886, 54.38, 252, 68.48, 4, 7246
16343, 8886, 54.37, 252, 68.48, 4, 7247
16344, 8887, 54.37, 252, 68.48, 4, 7247
16345, 8887, 54.37, 252, 68.48, 4, 7248
16346, 8887, 54.37, 252, 68.48, 4, 7249
16347, 8887, 54.36, 252, 68.48, 4, 7250
16348, 8888, 54.37, 252, 68.48, 4, 7250
16349, 8889, 54.37, 252, 68.48, 4, 7250
16350, 8890, 54.37, 252, 68.48, 4, 7250
16351, 8891, 54.38, 252, 68.48, 4, 7250
16352, 8891, 54.37, 252, 68.48, 4, 7251
16353, 8892, 54.38, 252, 68.48, 4, 7251
16354, 8892, 54.37, 252, 68.48, 4, 7252
16355, 8892, 54.37, 252, 68.48, 4, 7253
16356, 8892, 54.37, 252, 68.48, 4, 7253
16357, 8893, 54.37, 252, 68.48, 4, 7253
16358, 8894, 54.37, 252, 68.48, 4, 7253
16359, 8895, 54.37, 252, 68.48, 4, 7253
16360, 8896, 54.38, 252, 68.48, 4, 7253
16361, 8896, 54.37, 252, 68.48, 4, 7253
16362, 8896, 54.37, 252, 68.48, 4, 7254
16363, 8897, 54.37, 252, 68.48, 4, 7254
16364, 8898, 54.38, 252, 68.48, 4, 7254
16365, 8898, 54.37, 252, 68.48, 4, 7255
16366, 8899, 54.37, 252, 68.48, 4, 7255
16367, 8899, 54.37, 252, 68.48, 4, 7256
16368, 8900, 54.37, 252, 68.48, 4, 7256
16369, 8901, 54.38, 252, 68.48, 4, 7256
16370, 8902, 54.38, 252, 68.48, 4, 7256
16371, 8902, 54.38, 252, 68.48, 4, 7257
16372, 8903, 54.38, 252, 68.48, 4, 7257
16373, 8903, 54.38, 252, 68.48, 4, 7258
16374, 8904, 54.38, 252, 68.48, 4, 7258
16375, 8905, 54.38, 252, 68.48, 4, 7258
16376, 8906, 54.38, 252, 68.48, 4, 7258
16377, 8907, 54.39, 252, 68.48, 4, 7258
16378, 8908, 54.39, 252, 68.48, 4, 7258
16379, 8908, 54.39, 252, 68.48, 4, 7259
16380, 8908, 54.38, 252, 68.48, 4, 7260
16381, 8909, 54.39, 252, 68.48, 4, 7260
16382, 8909, 54.38, 252, 68.48, 4, 7261
16383, 8910, 54.39, 252, 68.48, 4, 7261
16384, 8911, 54.39, 252, 68.48, 4, 7261
16385, 8912, 54.39, 252, 68.48, 4, 7261
16386, 8913, 54.39, 252, 68.48, 4, 7261
16387, 8914, 54.40, 252, 68.48, 4, 7261
16388, 8915, 54.40, 252, 68.48, 4, 7261
16389, 8916, 54.40, 252, 68.48, 4, 7261
16390, 8916, 54.40, 252, 68.48, 4, 7262
16391, 8917, 54.40, 252, 68.48, 4, 7262
16392, 8918, 54.40, 252, 68.48, 4, 7262
16393, 8918, 54.40, 252, 68.48, 4, 7263
16394, 8918, 54.40, 252, 68.48, 4, 7264
16395, 8919, 54.40, 252, 68.48, 4, 7264
16396, 8919, 54.40, 252, 68.48, 4, 7265
16397, 8919, 54.39, 252, 68.48, 4, 7266
16398, 8920, 54.40, 252, 68.48, 4, 7266
16399, 8921, 54.40, 252, 68.48, 4, 7266
16400, 8921, 54.40, 252, 68.48, 4, 7267
16401, 8922, 54.40, 252, 68.48, 4, 7267
16402, 8922, 54.40, 252, 68.48, 4, 7268
16403, 8922, 54.39, 252, 68.48, 4, 7269
16404, 8922, 54.39, 252, 68.48, 4, 7270
16405, 8923, 54.39, 252, 68.48, 4, 7270
16406, 8923, 54.39, 252, 68.48, 4, 7270
16407, 8923, 54.39, 252, 68.48, 4, 7270
16408, 8923, 54.38, 252, 68.48, 4, 7270
16409, 8923, 54.38, 252, 68.48, 4, 7271
16410, 8923, 54.38, 252, 68.48, 4, 7272
16411, 8924, 54.38, 252, 68.48, 4, 7272
16412, 8925, 54.38, 252, 68.48, 4, 7272
16413, 8925, 54.38, 252, 68.48, 4, 7273
16414, 8926, 54.38, 252, 68.48, 4, 7273
16415, 8927, 54.38, 252, 68.48, 4, 7273
16416, 8928, 54.39, 252, 68.48, 4, 7273
16417, 8929, 54.39, 252, 68.48, 4, 7273
16418, 8930, 54.39, 252, 68.48, 4, 7273
16419, 8931, 54.39, 252, 68.48, 4, 7273
16420, 8932, 54.40, 252, 68.48, 4, 7273
16421, 8932, 54.39, 252, 68.48, 4, 7274
16422, 8932, 54.39, 252, 68.48, 4, 7275
16423, 8933, 54.39, 252, 68.48, 4, 7275
16424, 8933, 54.39, 252, 68.48, 4, 7276
16425, 8934, 54.39, 252, 68.48, 4, 7276
16426, 8935, 54.40, 252, 68.48, 4, 7276
16427, 8935, 54.39, 252, 68.48, 4, 7277
16428, 8936, 54.39, 252, 68.48, 4, 7277
16429, 8937, 54.40, 252, 68.48, 4, 7277
16430, 8938, 54.40, 252, 68.48, 4, 7277
16431, 8939, 54.40, 252, 68.48, 4, 7277
16432, 8940, 54.41, 252, 68.48, 4, 7277
16433, 8940, 54.40, 252, 68.48, 4, 7278
16434, 8941, 54.41, 252, 68.48, 4, 7278
16435, 8941, 54.40, 252, 68.48, 4, 7279
16436, 8941, 54.40, 252, 68.48, 4, 7280
16437, 8942, 54.40, 252, 68.48, 4, 7280
16438, 8943, 54.40, 252, 68.48, 4, 7280
16439, 8944, 54.41, 252, 68.48, 4, 7280
16440, 8945, 54.41, 252, 68.48, 4, 7280
16441, 8945, 54.41, 252, 68.48, 4, 7281
16442, 8945, 54.40, 252, 68.48, 4, 7282
16443, 8945, 54.40, 252, 68.48, 4, 7283
16444, 8945, 54.40, 252, 68.48, 4, 7284
16445, 8946, 54.40, 252, 68.48, 4, 7284
16446, 8947, 54.40, 252, 68.48, 4, 7284
16447, 8947, 54.40, 252, 68.48, 4, 7285
16448, 8947, 54.40, 252, 68.48, 4, 7286
16449, 8948, 54.40, 252, 68.48, 4, 7286
16450, 8948, 54.40, 252, 68.48, 4, 7287
16451, 8948, 54.39, 252, 68.48, 4, 7288
16452, 8948, 54.39, 252, 68.48, 4, 7289
16453, 8949, 54.39, 252, 68.48, 4, 7289
16454, 8949, 54.39, 252, 68.48, 4, 7290
16455, 8949, 54.38, 252, 68.48, 4, 7291
16456, 8950, 54.39, 252, 68.48, 4, 7291
16457, 8950, 54.38, 252, 68.48, 4, 7292
16458, 8951, 54.39, 252, 68.48, 4, 7292
16459, 8951, 54.38, 252, 68.48, 4, 7293
16460, 8951, 54.38, 252, 68.48, 4, 7294
16461, 8951, 54.38, 252, 68.48, 4, 7295
16462, 8951, 54.37, 252, 68.48, 4, 7296
16463, 8951, 54.37, 252, 68.48, 4, 7297
16464, 8952, 54.37, 252, 68.48, 4, 7297
16465, 8952, 54.37, 252, 68.48, 4, 7298
16466, 8952, 54.37, 252, 68.48, 4, 7299
16467, 8953, 54.37, 252, 68.48, 4, 7299
16468, 8954, 54.37, 252, 68.48, 4, 7299
16469, 8955, 54.37, 252, 68.48, 4, 7299
16470, 8955, 54.37, 252, 68.48, 4, 7300
16471, 8955, 54.37, 252, 68.48, 4, 7301
16472, 8955, 54.36, 252, 68.48, 4, 7302
16473, 8956, 54.37, 252, 68.48, 4, 7302
16474, 8956, 54.36, 252, 68.48, 4, 7303
16475, 8957, 54.37, 252, 68.48, 4, 7303
16476, 8957, 54.36, 252, 68.48, 4, 7304
16477, 8958, 54.37, 252, 68.48, 4, 7304
16478, 8959, 54.37, 252, 68.48, 4, 7304
16479, 8960, 54.37, 252, 68.48, 4, 7304
16480, 8961, 54.37, 252, 68.48, 4, 7304
16481, 8961, 54.37, 252, 68.48, 4, 7305
16482, 8961, 54.37, 252, 68.48, 4, 7306
16483, 8961, 54.37, 252, 68.48, 4, 7307
16484, 8961, 54.36, 252, 68.48, 4, 7308
16485, 8962, 54.36, 252, 68.48, 4, 7308
16486, 8962, 54.36, 252, 68.48, 4, 7309
16487, 8963, 54.36, 252, 68.48, 4, 7309
16488, 8963, 54.36, 252, 68.48, 4, 7310
16489, 8964, 54.36, 252, 68.48, 4, 7310
16490, 8965, 54.37, 252, 68.48, 4, 7310
16491, 8965, 54.36, 252, 68.48, 4, 7311
16492, 8965, 54.36, 252, 68.48, 4, 7312
16493, 8965, 54.36, 252, 68.48, 4, 7313
16494, 8966, 54.36, 252, 68.48, 4, 7313
16495, 8966, 54.36, 252, 68.48, 4, 7314
16496, 8967, 54.36, 252, 68.48, 4, 7314
16497, 8968, 54.36, 252, 68.48, 4, 7314
16498, 8969, 54.36, 252, 68.48, 4, 7314
16499, 8970, 54.37, 252, 68.48, 4, 7314
16500, 8971, 54.37, 252, 68.48, 4, 7314
16501, 8971, 54.37, 252, 68.48, 4, 7315
16502, 8971, 54.36, 252, 68.48, 4, 7316
16503, 8972, 54.37, 252, 68.48, 4, 7316
16504, 8972, 54.36, 252, 68.48, 4, 7317
16505, 8972, 54.36, 252, 68.48, 4, 7318
16506, 8973, 54.36, 252, 68.48, 4, 7318
16507, 8973, 54.36, 252, 68.48, 4, 7319
16508, 8974, 54.36, 252, 68.48, 4, 7319
16509, 8975, 54.36, 252, 68.48, 4, 7319
16510, 8975, 54.36, 252, 68.48, 4, 7320
16511, 8976, 54.36, 252, 68.48, 4, 7320
16512, 8976, 54.36, 252, 68.48, 4, 7321
16513, 8976, 54.36, 252, 68.48, 4, 7322
16514, 8976, 54.35, 252, 68.48, 4, 7323
16515, 8977, 54.36, 252, 68.48, 4, 7323
16516, 8978, 54.36, 252, 68.48, 4, 7323
16517, 8979, 54.36, 252, 68.48, 4, 7323
16518, 8979, 54.36, 252, 68.48, 4, 7324
16519, 8980, 54.36, 252, 68.48, 4, 7324
16520, 8981, 54.36, 252, 68.48, 4, 7324
16521, 8982, 54.37, 252, 68.48, 4, 7324
16522, 8982, 54.36, 252, 68.48, 4, 7325
16523, 8982, 54.36, 252, 68.48, 4, 7326
16524, 8982, 54.36, 252, 68.48, 4, 7327
16525, 8983, 54.36, 252, 68.48, 4, 7327
16526, 8984, 54.36, 252, 68.48, 4, 7327
16527, 8984, 54.36, 252, 68.48, 4, 7328
16528, 8984, 54.36, 252, 68.48, 4, 7329
16529, 8985, 54.36, 252, 68.48, 4, 7329
16530, 8985, 54.36, 252, 68.48, 4, 7330
16531, 8985, 54.35, 252, 68.48, 4, 7331
16532, 8985, 54.35, 252, 68.48, 4, 7332
16533, 8986, 54.35, 252, 68.48, 4, 7332
16534, 8986, 54.35, 252, 68.48, 4, 7333
16535, 8986, 54.35, 252, 68.48, 4, 7334
16536, 8987, 54.35, 252, 68.48, 4, 7334
16537, 8987, 54.34, 252, 68.48, 4, 7335
16538, 8987, 54.34, 252, 68.48, 4, 7336
16539, 8988, 54.34, 252, 68.48, 4, 7336
16540, 8989, 54.35, 252, 68.48, 4, 7336
16541, 8989, 54.34, 252, 68.48, 4, 7337
16542, 8990, 54.35, 252, 68.48, 4, 7337
16543, 8991, 54.35, 252, 68.48, 4, 7337
16544, 8992, 54.35, 252, 68.48, 4, 7337
16545, 8993, 54.35, 252, 68.48, 4, 7337
16546, 8993, 54.35, 252, 68.48, 4, 7338
16547, 8993, 54.35, 252, 68.48, 4, 7339
16548, 8994, 54.35, 252, 68.48, 4, 7339
16549, 8995, 54.35, 252, 68.48, 4, 7339
16550, 8996, 54.36, 252, 68.48, 4, 7339
16551, 8996, 54.35, 252, 68.48, 4, 7340
16552, 8996, 54.35, 252, 68.48, 4, 7341
16553, 8997, 54.35, 252, 68.48, 4, 7341
16554, 8998, 54.36, 252, 68.48, 4, 7341
16555, 8999, 54.36, 252, 68.48, 4, 7341
16556, 8999, 54.35, 252, 68.48, 4, 7342
16557, 9000, 54.36, 252, 68.48, 4, 7342
16558, 9000, 54.35, 252, 68.48, 4, 7343
16559, 9000, 54.35, 252, 68.48, 4, 7344
16560, 9000, 54.35, 252, 68.48, 4, 7345
16561, 9000, 54.34, 252, 68.48, 4, 7346
16562, 9000, 54.34, 252, 68.48, 4, 7347
16563, 9001, 54.34, 252, 68.48, 4, 7347
16564, 9002, 54.35, 252, 68.48, 4, 7347
16565, 9002, 54.34, 252, 68.48, 4, 7348
16566, 9003, 54.35, 252, 68.48, 4, 7348
16567, 9003, 54.34, 252, 68.48, 4, 7349
16568, 9004, 54.35, 252, 68.48, 4, 7349
16569, 9005, 54.35, 252, 68.48, 4, 7349
16570, 9006, 54.35, 252, 68.48, 4, 7349
16571, 9006, 54.35, 252, 68.48, 4, 7350
16572, 9006, 54.34, 252, 68.48, 4, 7351
16573, 9006, 54.34, 252, 68.48, 4, 7352
16574, 9006, 54.34, 252, 68.48, 4, 7353
16575, 9007, 54.34, 252, 68.48, 4, 7353
16576, 9007, 54.34, 252, 68.48, 4, 7354
16577, 9007, 54.33, 252, 68.48, 4, 7355
16578, 9008, 54.34, 252, 68.48, 4, 7355
16579, 9009, 54.34, 252, 68.48, 4, 7355
16580, 9009, 54.34, 252, 68.48, 4, 7356
16581, 9010, 54.34, 252, 68.48, 4, 7356
16582, 9011, 54.34, 252, 68.48, 4, 7356
16583, 9012, 54.34, 252, 68.48, 4, 7356
16584, 9012, 54.34, 252, 68.48, 4, 7357
16585, 9013, 54.34, 252, 68.48, 4, 7357
16586, 9014, 54.35, 252, 68.48, 4, 7357
16587, 9015, 54.35, 252, 68.48, 4, 7357
16588, 9016, 54.35, 252, 68.48, 4, 7357
16589, 9016, 54.35, 252, 68.48, 4, 7358
16590, 9016, 54.35, 252, 68.48, 4, 7359
16591, 9016, 54.34, 252, 68.48, 4, 7360
16592, 9016, 54.34, 252, 68.48, 4, 7361
16593, 9016, 54.34, 252, 68.48, 4, 7362
16594, 9017, 54.34, 252, 68.48, 4, 7362
16595, 9018, 54.34, 252, 68.48, 4, 7362
16596, 9019, 54.34, 252, 68.48, 4, 7362
16597, 9019, 54.34, 252, 68.48, 4, 7363
16598, 9020, 54.34, 252, 68.48, 4, 7363
16599, 9020, 54.34, 252, 68.48, 4, 7364
16600, 9021, 54.34, 252, 68.48, 4, 7364
16601, 9021, 54.34, 252, 68.48, 4, 7364
16602, 9022, 54.34, 252, 68.48, 4, 7364
16603, 9023, 54.35, 252, 68.48, 4, 7364
16604, 9023, 54.34, 252, 68.48, 4, 7364
16605, 9023, 54.34, 252, 68.48, 4, 7365
16606, 9023, 54.34, 252, 68.48, 4, 7366
16607, 9024, 54.34, 252, 68.48, 4, 7366
16608, 9025, 54.34, 252, 68.48, 4, 7366
16609, 9026, 54.34, 252, 68.48, 4, 7366
16610, 9027, 54.35, 252, 68.48, 4, 7366
16611, 9027, 54.34, 252, 68.48, 4, 7367
16612, 9028, 54.35, 252, 68.48, 4, 7367
16613, 9029, 54.35, 252, 68.48, 4, 7367
16614, 9030, 54.35, 252, 68.48, 4, 7367
16615, 9031, 54.35, 252, 68.48, 4, 7367
16616, 9031, 54.35, 252, 68.48, 4, 7368
16617, 9031, 54.35, 252, 68.48, 4, 7369
16618, 9032, 54.35, 252, 68.48, 4, 7369
16619, 9033, 54.35, 252, 68.48, 4, 7369
16620, 9033, 54.35, 252, 68.48, 4, 7370
16621, 9034, 54.35, 252, 68.48, 4, 7370
16622, 9034, 54.35, 252, 68.48, 4, 7371
16623, 9034, 54.35, 252, 68.48, 4, 7372
16624, 9034, 54.34, 252, 68.48, 4, 7373
16625, 9035, 54.35, 252, 68.48, 4, 7373
16626, 9035, 54.34, 252, 68.48, 4, 7374
16627, 9035, 54.34, 252, 68.48, 4, 7375
16628, 9035, 54.34, 252, 68.48, 4, 7376
16629, 9036, 54.34, 252, 68.48, 4, 7376
16630, 9036, 54.34, 252, 68.48, 4, 7377
16631, 9036, 54.33, 252, 68.48, 4, 7378
16632, 9036, 54.33, 252, 68.48, 4, 7379
16633, 9037, 54.33, 252, 68.48, 4, 7379
16634, 9038, 54.33, 252, 68.48, 4, 7379
16635, 9039, 54.34, 252, 68.48, 4, 7379
16636, 9039, 54.33, 252, 68.48, 4, 7380
16637, 9040, 54.34, 252, 68.48, 4, 7380
16638, 9041, 54.34, 252, 68.48, 4, 7380
16639, 9042, 54.34, 252, 68.48, 4, 7380
16640, 9042, 54.34, 252, 68.48, 4, 7381
16641, 9043, 54.34, 252, 68.48, 4, 7381
16642, 9044, 54.34, 252, 68.48, 4, 7381
16643, 9045, 54.35, 252, 68.48, 4, 7381
16644, 9045, 54.34, 252, 68.48, 4, 7382
16645, 9046, 54.35, 252, 68.48, 4, 7382
16646, 9047, 54.35, 252, 68.48, 4, 7382
16647, 9048, 54.35, 252, 68.48, 4, 7382
16648, 9049, 54.35, 252, 68.48, 4, 7382
16649, 9050, 54.36, 252, 68.48, 4, 7382
16650, 9051, 54.36, 252, 68.48, 4, 7382
16651, 9052, 54.36, 252, 68.48, 4, 7382
16652, 9053, 54.37, 252, 68.48, 4, 7382
16653, 9054, 54.37, 252, 68.48, 4, 7382
16654, 9054, 54.37, 252, 68.48, 4, 7383
16655, 9054, 54.36, 252, 68.48, 4, 7384
16656, 9055, 54.36, 252, 68.48, 4, 7384
16657, 9056, 54.37, 252, 68.48, 4, 7384
16658, 9057, 54.37, 252, 68.48, 4, 7384
16659, 9058, 54.37, 252, 68.48, 4, 7384
16660, 9059, 54.38, 252, 68.48, 4, 7384
16661, 9060, 54.38, 252, 68.48, 4, 7384
16662, 9060, 54.38, 252, 68.48, 4, 7385
16663, 9060, 54.37, 252, 68.48, 4, 7386
16664, 9061, 54.37, 252, 68.48, 4, 7386
16665, 9061, 54.37, 252, 68.48, 4, 7387
16666, 9062, 54.37, 252, 68.48, 4, 7387
16667, 9063, 54.38, 252, 68.48, 4, 7387
16668, 9064, 54.38, 252, 68.48, 4, 7387
16669, 9065, 54.38, 252, 68.48, 4, 7387
16670, 9066, 54.39, 252, 68.48, 4, 7387
16671, 9067, 54.39, 252, 68.48, 4, 7387
16672, 9067, 54.38, 252, 68.48, 4, 7388
16673, 9068, 54.39, 252, 68.48, 4, 7388
16674, 9069, 54.39, 252, 68.48, 4, 7388
16675, 9069, 54.39, 252, 68.48, 4, 7389
16676, 9069, 54.38, 252, 68.48, 4, 7390
16677, 9070, 54.39, 252, 68.48, 4, 7390
16678, 9070, 54.38, 252, 68.48, 4, 7391
16679, 9070, 54.38, 252, 68.48, 4, 7392
16680, 9071, 54.38, 252, 68.48, 4, 7392
16681, 9072, 54.39, 252, 68.48, 4, 7392
16682, 9073, 54.39, 252, 68.48, 4, 7392
16683, 9073, 54.38, 252, 68.48, 4, 7393
16684, 9074, 54.39, 252, 68.48, 4, 7393
16685, 9074, 54.38, 252, 68.48, 4, 7394
16686, 9075, 54.39, 252, 68.48, 4, 7394
16687, 9076, 54.39, 252, 68.48, 4, 7394
16688, 9077, 54.39, 252, 68.48, 4, 7394
16689, 9078, 54.40, 252, 68.48, 4, 7394
16690, 9078, 54.39, 252, 68.48, 4, 7395
16691, 9078, 54.39, 252, 68.48, 4, 7396
16692, 9078, 54.39, 252, 68.48, 4, 7397
16693, 9079, 54.39, 252, 68.48, 4, 7397
16694, 9079, 54.38, 252, 68.48, 4, 7398
16695, 9079, 54.38, 252, 68.48, 4, 7399
16696, 9080, 54.38, 252, 68.48, 4, 7399
16697, 9081, 54.39, 252, 68.48, 4, 7399
16698, 9082, 54.39, 252, 68.48, 4, 7399
16699, 9083, 54.39, 252, 68.48, 4, 7399
16700, 9083, 54.39, 252, 68.48, 4, 7400
16701, 9084, 54.39, 252, 68.48, 4, 7400
16702, 9085, 54.39, 252, 68.48, 4, 7400
16703, 9085, 54.39, 252, 68.48, 4, 7401
16704, 9085, 54.39, 252, 68.48, 4, 7402
16705, 9085, 54.38, 252, 68.48, 4, 7403
16706, 9085, 54.38, 252, 68.48, 4, 7404
16707, 9086, 54.38, 252, 68.48, 4, 7404
16708, 9086, 54.38, 252, 68.48, 4, 7405
16709, 9087, 54.38, 252, 68.48, 4, 7405
16710, 9087, 54.38, 252, 68.48, 4, 7406
16711, 9088, 54.38, 252, 68.48, 4, 7406
16712, 9089, 54.39, 252, 68.48, 4, 7406
16713, 9090, 54.39, 252, 68.48, 4, 7406
16714, 9091, 54.39, 252, 68.48, 4, 7406
16715, 9092, 54.39, 252, 68.48, 4, 7406
16716, 9092, 54.39, 252, 68.48, 4, 7407
16717, 9093, 54.39, 252, 68.48, 4, 7407
16718, 9093, 54.39, 252, 68.48, 4, 7408
16719, 9093, 54.39, 252, 68.48, 4, 7409
16720, 9094, 54.39, 252, 68.48, 4, 7409
16721, 9095, 54.39, 252, 68.48, 4, 7409
16722, 9095, 54.39, 252, 68.48, 4, 7410
16723, 9095, 54.39, 252, 68.48, 4, 7411
16724, 9096, 54.39, 252, 68.48, 4, 7411
16725, 9096, 54.39, 252, 68.48, 4, 7412
16726, 9097, 54.39, 252, 68.48, 4, 7412
16727, 9098, 54.39, 252, 68.48, 4, 7412
16728, 9099, 54.39, 252, 68.48, 4, 7412
16729, 9099, 54.39, 252, 68.48, 4, 7413
16730, 9100, 54.39, 252, 68.48, 4, 7413
16731, 9100, 54.39, 252, 68.48, 4, 7414
16732, 9101, 54.39, 252, 68.48, 4, 7414
16733, 9102, 54.40, 252, 68.48, 4, 7414
16734, 9103, 54.40, 252, 68.48, 4, 7414
16735, 9104, 54.40, 252, 68.48, 4, 7414
16736, 9104, 54.40, 252, 68.48, 4, 7415
16737, 9105, 54.40, 252, 68.48, 4, 7415
16738, 9106, 54.40, 252, 68.48, 4, 7415
16739, 9107, 54.41, 252, 68.48, 4, 7415
16740, 9108, 54.41, 252, 68.48, 4, 7415
16741, 9109, 54.41, 252, 68.48, 4, 7415
16742, 9110, 54.41, 252, 68.48, 4, 7415
16743, 9110, 54.41, 252, 68.48, 4, 7416
16744, 9111, 54.41, 252, 68.48, 4, 7416
16745, 9111, 54.41, 252, 68.48, 4, 7417
16746, 9111, 54.41, 252, 68.48, 4, 7418
16747, 9111, 54.40, 252, 68.48, 4, 7419
16748, 9112, 54.41, 252, 68.48, 4, 7419
16749, 9113, 54.41, 252, 68.48, 4, 7419
16750, 9113, 54.41, 252, 68.48, 4, 7420
16751, 9113, 54.40, 252, 68.48, 4, 7420
16752, 9114, 54.41, 252, 68.48, 4, 7420
16753, 9115, 54.41, 252, 68.48, 4, 7420
16754, 9116, 54.41, 252, 68.48, 4, 7420
16755, 9117, 54.41, 252, 68.48, 4, 7420
16756, 9118, 54.42, 252, 68.48, 4, 7420
16757, 9119, 54.42, 252, 68.48, 4, 7420
16758, 9119, 54.42, 252, 68.48, 4, 7421
16759, 9120, 54.42, 252, 68.48, 4, 7421
16760, 9121, 54.42, 252, 68.48, 4, 7421
16761, 9122, 54.42, 252, 68.48, 4, 7421
16762, 9123, 54.43, 252, 68.48, 4, 7421
16763, 9123, 54.42, 252, 68.48, 4, 7422
16764, 9123, 54.42, 252, 68.48, 4, 7423
16765, 9123, 54.42, 252, 68.48, 4, 7424
16766, 9123, 54.41, 252, 68.48, 4, 7425
16767, 9124, 54.42, 252, 68.48, 4, 7425
16768, 9125, 54.42, 252, 68.48, 4, 7425
16769, 9125, 54.42, 252, 68.48, 4, 7426
16770, 9125, 54.41, 252, 68.48, 4, 7427
16771, 9125, 54.41, 252, 68.48, 4, 7428
16772, 9126, 54.41, 252, 68.48, 4, 7428
16773, 9126, 54.41, 252, 68.48, 4, 7429
16774, 9127, 54.41, 252, 68.48, 4, 7429
16775, 9127, 54.41, 252, 68.48, 4, 7430
16776, 9128, 54.41, 252, 68.48, 4, 7430
16777, 9129, 54.41, 252, 68.48, 4, 7430
16778, 9130, 54.42, 252, 68.48, 4, 7430
16779, 9130, 54.41, 252, 68.48, 4, 7431
16780, 9131, 54.42, 252, 68.48, 4, 7431
16781, 9132, 54.42, 252, 68.48, 4, 7431
16782, 9133, 54.42, 252, 68.48, 4, 7431
16783, 9134, 54.42, 252, 68.48, 4, 7431
16784, 9134, 54.42, 252, 68.48, 4, 7432
16785, 9135, 54.42, 252, 68.48, 4, 7432
16786, 9135, 54.42, 252, 68.48, 4, 7433
16787, 9135, 54.42, 252, 68.48, 4, 7434
16788, 9135, 54.41, 252, 68.48, 4, 7435
16789, 9136, 54.42, 252, 68.48, 4, 7435
16790, 9137, 54.42, 252, 68.48, 4, 7435
16791, 9137, 54.42, 252, 68.48, 4, 7435
16792, 9138, 54.42, 252, 68.48, 4, 7435
16793, 9139, 54.42, 252, 68.48, 4, 7435
16794, 9140, 54.42, 252, 68.48, 4, 7435
16795, 9141, 54.43, 252, 68.48, 4, 7435
16796, 9142, 54.43, 252, 68.48, 4, 7435
16797, 9142, 54.43, 252, 68.48, 4, 7436
16798, 9143, 54.43, 252, 68.48, 4, 7436
16799, 9143, 54.43, 252, 68.48, 4, 7437
16800, 9143, 54.42, 252, 68.48, 4, 7438
16801, 9143, 54.42, 252, 68.48, 4, 7439
16802, 9144, 54.42, 252, 68.48, 4, 7439
16803, 9145, 54.42, 252, 68.48, 4, 7439
16804, 9145, 54.42, 252, 68.48, 4, 7440
16805, 9145, 54.42, 252, 68.48, 4, 7441
16806, 9145, 54.42, 252, 68.48, 4, 7442
16807, 9146, 54.42, 252, 68.48, 4, 7442
16808, 9146, 54.41, 252, 68.48, 4, 7443
16809, 9147, 54.42, 252, 68.48, 4, 7443
16810, 9148, 54.42, 252, 68.48, 4, 7443
16811, 9149, 54.42, 252, 68.48, 4, 7443
16812, 9149, 54.42, 252, 68.48, 4, 7444
16813, 9150, 54.42, 252, 68.48, 4, 7444
16814, 9150, 54.42, 252, 68.48, 4, 7445
16815, 9151, 54.42, 252, 68.48, 4, 7445
16816, 9152, 54.42, 252, 68.48, 4, 7445
16817, 9153, 54.43, 252, 68.48, 4, 7445
16818, 9153, 54.42, 252, 68.48, 4, 7446
16819, 9154, 54.43, 252, 68.48, 4, 7446
16820, 9154, 54.42, 252, 68.48, 4, 7447
16821, 9155, 54.43, 252, 68.48, 4, 7447
16822, 9155, 54.42, 252, 68.48, 4, 7448
16823, 9156, 54.43, 252, 68.48, 4, 7448
16824, 9157, 54.43, 252, 68.48, 4, 7448
16825, 9157, 54.42, 252, 68.48, 4, 7449
16826, 9157, 54.42, 252, 68.48, 4, 7450
16827, 9157, 54.42, 252, 68.48, 4, 7451
16828, 9158, 54.42, 252, 68.48, 4, 7451
16829, 9159, 54.42, 252, 68.48, 4, 7451
16830, 9160, 54.43, 252, 68.48, 4, 7451
16831, 9161, 54.43, 252, 68.48, 4, 7451
16832, 9162, 54.43, 252, 68.48, 4, 7451
16833, 9163, 54.43, 252, 68.48, 4, 7451
16834, 9164, 54.44, 252, 68.48, 4, 7451
16835, 9165, 54.44, 252, 68.48, 4, 7451
16836, 9165, 54.44, 252, 68.48, 4, 7452
16837, 9165, 54.43, 252, 68.48, 4, 7453
16838, 9166, 54.44, 252, 68.48, 4, 7453
16839, 9166, 54.43, 252, 68.48, 4, 7454
16840, 9166, 54.43, 252, 68.48, 4, 7455
16841, 9166, 54.43, 252, 68.48, 4, 7456
16842, 9166, 54.42, 252, 68.48, 4, 7457
16843, 9167, 54.43, 252, 68.48, 4, 7457
16844, 9168, 54.43, 252, 68.48, 4, 7457
16845, 9169, 54.43, 252, 68.48, 4, 7457
16846, 9169, 54.43, 252, 68.48, 4, 7458
16847, 9170, 54.43, 252, 68.48, 4, 7458
16848, 9170, 54.43, 252, 68.48, 4, 7459
16849, 9170, 54.42, 252, 68.48, 4, 7460
16850, 9170, 54.42, 252, 68.48, 4, 7461
16851, 9171, 54.42, 252, 68.48, 4, 7461
16852, 9172, 54.43, 252, 68.48, 4, 7461
16853, 9173, 54.43, 252, 68.48, 4, 7461
16854, 9174, 54.43, 252, 68.48, 4, 7461
16855, 9175, 54.43, 252, 68.48, 4, 7461
16856, 9176, 54.44, 252, 68.48, 4, 7461
16857, 9177, 54.44, 252, 68.48, 4, 7461
16858, 9177, 54.44, 252, 68.48, 4, 7462
16859, 9178, 54.44, 252, 68.48, 4, 7462
16860, 9179, 54.44, 252, 68.48, 4, 7462
16861, 9180, 54.45, 252, 68.48, 4, 7462
16862, 9180, 54.44, 252, 68.48, 4, 7463
16863, 9180, 54.44, 252, 68.48, 4, 7464
16864, 9180, 54.44, 252, 68.48, 4, 7465
16865, 9181, 54.44, 252, 68.48, 4, 7465
16866, 9181, 54.43, 252, 68.48, 4, 7466
16867, 9182, 54.44, 252, 68.48, 4, 7466
16868, 9182, 54.43, 252, 68.48, 4, 7467
16869, 9183, 54.44, 252, 68.48, 4, 7467
16870, 9184, 54.44, 252, 68.48, 4, 7467
16871, 9185, 54.44, 252, 68.48, 4, 7467
16872, 9186, 54.45, 252, 68.48, 4, 7467
16873, 9187, 54.45, 252, 68.48, 4, 7467
16874, 9188, 54.45, 252, 68.48, 4, 7467
16875, 9188, 54.45, 252, 68.48, 4, 7468
16876, 9189, 54.45, 252, 68.48, 4, 7468
16877, 9189, 54.45, 252, 68.48, 4, 7469
16878, 9190, 54.45, 252, 68.48, 4, 7469
16879, 9191, 54.45, 252, 68.48, 4, 7469
16880, 9191, 54.45, 252, 68.48, 4, 7470
16881, 9192, 54.45, 252, 68.48, 4, 7470
16882, 9192, 54.45, 252, 68.48, 4, 7471
16883, 9192, 54.45, 252, 68.48, 4, 7472
16884, 9192, 54.44, 252, 68.48, 4, 7473
16885, 9193, 54.44, 252, 68.48, 4, 7473
16886, 9194, 54.45, 252, 68.48, 4, 7473
16887, 9195, 54.45, 252, 68.48, 4, 7473
16888, 9195, 54.45, 252, 68.48, 4, 7474
16889, 9195, 54.44, 252, 68.48, 4, 7475
16890, 9195, 54.44, 252, 68.48, 4, 7476
16891, 9195, 54.44, 252, 68.48, 4, 7477
16892, 9195, 54.43, 252, 68.48, 4, 7478
16893, 9196, 54.44, 252, 68.48, 4, 7478
16894, 9197, 54.44, 252, 68.48, 4, 7478
16895, 9198, 54.44, 252, 68.48, 4, 7478
16896, 9198, 54.44, 252, 68.48, 4, 7479
16897, 9198, 54.44, 252, 68.48, 4, 7480
16898, 9199, 54.44, 252, 68.48, 4, 7480
16899, 9200, 54.44, 252, 68.48, 4, 7480
16900, 9200, 54.44, 252, 68.48, 4, 7481
16901, 9201, 54.44, 252, 68.48, 4, 7481
16902, 9201, 54.44, 252, 68.48, 4, 7482
16903, 9201, 54.43, 252, 68.48, 4, 7483
16904, 9201, 54.43, 252, 68.48, 4, 7484
16905, 9201, 54.43, 252, 68.48, 4, 7485
16906, 9201, 54.42, 252, 68.48, 4, 7486
16907, 9202, 54.43, 252, 68.48, 4, 7486
16908, 9202, 54.42, 252, 68.48, 4, 7487
16909, 9203, 54.43, 252, 68.48, 4, 7487
16910, 9204, 54.43, 252, 68.48, 4, 7487
16911, 9205, 54.43, 252, 68.48, 4, 7487
16912, 9205, 54.43, 252, 68.48, 4, 7488
16913, 9206, 54.43, 252, 68.48, 4, 7488
16914, 9206, 54.43, 252, 68.48, 4, 7489
16915, 9206, 54.43, 252, 68.48, 4, 7490
16916, 9206, 54.42, 252, 68.48, 4, 7491
16917, 9206, 54.42, 252, 68.48, 4, 7492
16918, 9207, 54.42, 252, 68.48, 4, 7492
16919, 9207, 54.42, 252, 68.48, 4, 7493
16920, 9208, 54.42, 252, 68.48, 4, 7493
16921, 9209, 54.42, 252, 68.48, 4, 7493
16922, 9209, 54.42, 252, 68.48, 4, 7494
16923, 9209, 54.42, 252, 68.48, 4, 7495
16924, 9210, 54.42, 252, 68.48, 4, 7495
16925, 9211, 54.42, 252, 68.48, 4, 7495
16926, 9212, 54.43, 252, 68.48, 4, 7495
16927, 9213, 54.43, 252, 68.48, 4, 7495
16928, 9214, 54.43, 252, 68.48, 4, 7495
16929, 9214, 54.43, 252, 68.48, 4, 7496
16930, 9214, 54.42, 252, 68.48, 4, 7497
16931, 9215, 54.43, 252, 68.48, 4, 7497
16932, 9216, 54.43, 252, 68.48, 4, 7497
16933, 9217, 54.43, 252, 68.48, 4, 7497
16934, 9217, 54.43, 252, 68.48, 4, 7498
16935, 9218, 54.43, 252, 68.48, 4, 7498
16936, 9219, 54.43, 252, 68.48, 4, 7498
16937, 9219, 54.43, 252, 68.48, 4, 7499
16938, 9219, 54.43, 252, 68.48, 4, 7500
16939, 9219, 54.42, 252, 68.48, 4, 7501
16940, 9220, 54.43, 252, 68.48, 4, 7501
16941, 9221, 54.43, 252, 68.48, 4, 7501
16942, 9221, 54.43, 252, 68.48, 4, 7502
16943, 9222, 54.43, 252, 68.48, 4, 7502
16944, 9222, 54.43, 252, 68.48, 4, 7503
16945, 9223, 54.43, 252, 68.48, 4, 7503
16946, 9223, 54.43, 252, 68.48, 4, 7504
16947, 9223, 54.42, 252, 68.48, 4, 7505
16948, 9224, 54.43, 252, 68.48, 4, 7505
16949, 9224, 54.42, 252, 68.48, 4, 7506
16950, 9224, 54.42, 252, 68.48, 4, 7507
16951, 9224, 54.42, 252, 68.48, 4, 7508
16952, 9225, 54.42, 252, 68.48, 4, 7508
16953, 9226, 54.42, 252, 68.48, 4, 7508
16954, 9227, 54.42, 252, 68.48, 4, 7508
16955, 9228, 54.43, 252, 68.48, 4, 7508
16956, 9229, 54.43, 252, 68.48, 4, 7508
16957, 9229, 54.43, 252, 68.48, 4, 7509
16958, 9229, 54.42, 252, 68.48, 4, 7510
16959, 9229, 54.42, 252, 68.48, 4, 7511
16960, 9229, 54.42, 252, 68.48, 4, 7512
16961, 9229, 54.41, 252, 68.48, 4, 7513
16962, 9230, 54.42, 252, 68.48, 4, 7513
16963, 9231, 54.42, 252, 68.48, 4, 7513
16964, 9231, 54.42, 252, 68.48, 4, 7514
16965, 9232, 54.42, 252, 68.48, 4, 7514
16966, 9233, 54.42, 252, 68.48, 4, 7514
16967, 9233, 54.42, 252, 68.48, 4, 7515
16968, 9234, 54.42, 252, 68.48, 4, 7515
16969, 9234, 54.42, 252, 68.48, 4, 7516
16970, 9234, 54.41, 252, 68.48, 4, 7517
16971, 9235, 54.42, 252, 68.48, 4, 7517
16972, 9235, 54.41, 252, 68.48, 4, 7518
16973, 9236, 54.42, 252, 68.48, 4, 7518
16974, 9237, 54.42, 252, 68.48, 4, 7518
16975, 9237, 54.42, 252, 68.48, 4, 7519
16976, 9237, 54.41, 252, 68.48, 4, 7520
16977, 9237, 54.41, 252, 68.48, 4, 7521
16978, 9237, 54.41, 252, 68.48, 4, 7522
16979, 9237, 54.40, 252, 68.48, 4, 7523
16980, 9238, 54.41, 252, 68.48, 4, 7523
16981, 9238, 54.40, 252, 68.48, 4, 7524
16982, 9238, 54.40, 252, 68.48, 4, 7525
16983, 9239, 54.40, 252, 68.48, 4, 7525
16984, 9239, 54.40, 252, 68.48, 4, 7526
16985, 9239, 54.40, 252, 68.48, 4, 7527
16986, 9240, 54.40, 252, 68.48, 4, 7527
16987, 9241, 54.40, 252, 68.48, 4, 7527
16988, 9242, 54.40, 252, 68.48, 4, 7527
16989, 9243, 54.41, 252, 68.48, 4, 7527
16990, 9244, 54.41, 252, 68.48, 4, 7527
16991, 9245, 54.41, 252, 68.48, 4, 7527
16992, 9246, 54.41, 252, 68.48, 4, 7527
16993, 9247, 54.42, 252, 68.48, 4, 7527
16994, 9248, 54.42, 252, 68.48, 4, 7527
16995, 9249, 54.42, 252, 68.48, 4, 7527
16996, 9250, 54.42, 252, 68.48, 4, 7527
16997, 9250, 54.42, 252, 68.48, 4, 7528
16998, 9251, 54.42, 252, 68.48, 4, 7528
16999, 9252, 54.43, 252, 68.48, 4, 7528
17000, 9253, 54.43, 252, 68.48, 4, 7528
17001, 9254, 54.43, 252, 68.48, 4, 7528
17002, 9254, 54.43, 252, 68.48, 4, 7529
17003, 9255, 54.43, 252, 68.48, 4, 7529
17004, 9256, 54.43, 252, 68.48, 4, 7529
17005, 9257, 54.44, 252, 68.48, 4, 7529
17006, 9258, 54.44, 252, 68.48, 4, 7529
17007, 9258, 54.44, 252, 68.48, 4, 7530
17008, 9258, 54.43, 252, 68.48, 4, 7531
17009, 9259, 54.44, 252, 68.48, 4, 7531
17010, 9260, 54.44, 252, 68.48, 4, 7531
17011, 9261, 54.44, 252, 68.48, 4, 7531
17012, 9262, 54.44, 252, 68.48, 4, 7531
17013, 9262, 54.44, 252, 68.48, 4, 7532
17014, 9262, 54.44, 252, 68.48, 4, 7533
17015, 9262, 54.43, 252, 68.48, 4, 7534
17016, 9263, 54.44, 252, 68.48, 4, 7534
17017, 9263, 54.43, 252, 68.48, 4, 7534
17018, 9263, 54.43, 252, 68.48, 4, 7535
17019, 9263, 54.43, 252, 68.48, 4, 7536
17020, 9264, 54.43, 252, 68.48, 4, 7536
17021, 9264, 54.43, 252, 68.48, 4, 7537
17022, 9264, 54.42, 252, 68.48, 4, 7538
17023, 9265, 54.43, 252, 68.48, 4, 7538
17024, 9266, 54.43, 252, 68.48, 4, 7538
17025, 9266, 54.43, 252, 68.48, 4, 7539
17026, 9267, 54.43, 252, 68.48, 4, 7539
17027, 9268, 54.43, 252, 68.48, 4, 7539
17028, 9269, 54.43, 252, 68.48, 4, 7539
17029, 9270, 54.44, 252, 68.48, 4, 7539
17030, 9271, 54.44, 252, 68.48, 4, 7539
17031, 9272, 54.44, 252, 68.48, 4, 7539
17032, 9272, 54.44, 252, 68.48, 4, 7540
17033, 9273, 54.44, 252, 68.48, 4, 7540
17034, 9274, 54.44, 252, 68.48, 4, 7540
17035, 9275, 54.45, 252, 68.48, 4, 7540
17036, 9276, 54.45, 252, 68.48, 4, 7540
17037, 9277, 54.45, 252, 68.48, 4, 7540
17038, 9277, 54.45, 252, 68.48, 4, 7541
17039, 9278, 54.45, 252, 68.48, 4, 7541
17040, 9279, 54.45, 252, 68.48, 4, 7541
17041, 9279, 54.45, 252, 68.48, 4, 7542
17042, 9279, 54.45, 252, 68.48, 4, 7543
17043, 9279, 54.44, 252, 68.48, 4, 7544
17044, 9279, 54.44, 252, 68.48, 4, 7545
17045, 9279, 54.44, 252, 68.48, 4, 7546
17046, 9280, 54.44, 252, 68.48, 4, 7546
17047, 9280, 54.44, 252, 68.48, 4, 7547
17048, 9280, 54.43, 252, 68.48, 4, 7548
17049, 9281, 54.44, 252, 68.48, 4, 7548
17050, 9282, 54.44, 252, 68.48, 4, 7548
17051, 9282, 54.44, 252, 68.48, 4, 7549
17052, 9283, 54.44, 252, 68.48, 4, 7549
17053, 9284, 54.44, 252, 68.48, 4, 7549
17054, 9285, 54.44, 252, 68.48, 4, 7549
17055, 9285, 54.44, 252, 68.48, 4, 7550
17056, 9286, 54.44, 252, 68.48, 4, 7550
17057, 9287, 54.45, 252, 68.48, 4, 7550
17058, 9287, 54.44, 252, 68.48, 4, 7551
17059, 9288, 54.45, 252, 68.48, 4, 7551
17060, 9289, 54.45, 252, 68.48, 4, 7551
17061, 9290, 54.45, 252, 68.48, 4, 7551
17062, 9290, 54.45, 252, 68.48, 4, 7552
17063, 9291, 54.45, 252, 68.48, 4, 7552
17064, 9292, 54.45, 252, 68.48, 4, 7552
17065, 9292, 54.45, 252, 68.48, 4, 7553
17066, 9292, 54.45, 252, 68.48, 4, 7554
17067, 9293, 54.45, 252, 68.48, 4, 7554
17068, 9294, 54.45, 252, 68.48, 4, 7554
17069, 9294, 54.45, 252, 68.48, 4, 7555
17070, 9294, 54.45, 252, 68.48, 4, 7556
17071, 9295, 54.45, 252, 68.48, 4, 7556
17072, 9295, 54.45, 252, 68.48, 4, 7557
17073, 9295, 54.44, 252, 68.48, 4, 7558
17074, 9295, 54.44, 252, 68.48, 4, 7559
17075, 9295, 54.44, 252, 68.48, 4, 7560
17076, 9295, 54.43, 252, 68.48, 4, 7561
17077, 9295, 54.43, 252, 68.48, 4, 7562
17078, 9295, 54.43, 252, 68.48, 4, 7563
17079, 9296, 54.43, 252, 68.48, 4, 7563
17080, 9297, 54.43, 252, 68.48, 4, 7563
17081, 9298, 54.43, 252, 68.48, 4, 7563
17082, 9299, 54.44, 252, 68.48, 4, 7563
17083, 9300, 54.44, 252, 68.48, 4, 7563
17084, 9300, 54.44, 252, 68.48, 4, 7564
17085, 9301, 54.44, 252, 68.48, 4, 7564
17086, 9302, 54.44, 252, 68.48, 4, 7564
17087, 9303, 54.44, 252, 68.48, 4, 7564
17088, 9303, 54.44, 252, 68.48, 4, 7565
17089, 9303, 54.44, 252, 68.48, 4, 7566
17090, 9303, 54.44, 252, 68.48, 4, 7567
17091, 9303, 54.43, 252, 68.48, 4, 7568
17092, 9303, 54.43, 252, 68.48, 4, 7569
17093, 9304, 54.43, 252, 68.48, 4, 7569
17094, 9304, 54.43, 252, 68.48, 4, 7570
17095, 9305, 54.43, 252, 68.48, 4, 7570
17096, 9305, 54.43, 252, 68.48, 4, 7571
17097, 9305, 54.42, 252, 68.48, 4, 7572
17098, 9305, 54.42, 252, 68.48, 4, 7573
17099, 9305, 54.42, 252, 68.48, 4, 7574
17100, 9305, 54.42, 252, 68.48, 4, 7575
17101, 9305, 54.41, 252, 68.48, 4, 7576
17102, 9306, 54.41, 252, 68.48, 4, 7576
17103, 9307, 54.42, 252, 68.48, 4, 7576
17104, 9308, 54.42, 252, 68.48, 4, 7576
17105, 9308, 54.42, 252, 68.48, 4, 7577
17106, 9309, 54.42, 252, 68.48, 4, 7577
17107, 9310, 54.42, 252, 68.48, 4, 7577
17108, 9311, 54.42, 252, 68.48, 4, 7577
17109, 9312, 54.43, 252, 68.48, 4, 7577
17110, 9313, 54.43, 252, 68.48, 4, 7577
17111, 9314, 54.43, 252, 68.48, 4, 7577
17112, 9315, 54.44, 252, 68.48, 4, 7577
17113, 9316, 54.44, 252, 68.48, 4, 7577
17114, 9316, 54.43, 252, 68.48, 4, 7578
17115, 9316, 54.43, 252, 68.48, 4, 7579
17116, 9317, 54.43, 252, 68.48, 4, 7579
17117, 9318, 54.44, 252, 68.48, 4, 7579
17118, 9318, 54.43, 252, 68.48, 4, 7580
17119, 9319, 54.44, 252, 68.48, 4, 7580
17120, 9320, 54.44, 252, 68.48, 4, 7580
17121, 9320, 54.44, 252, 68.48, 4, 7581
17122, 9321, 54.44, 252, 68.48, 4, 7581
17123, 9321, 54.44, 252, 68.48, 4, 7582
17124, 9321, 54.43, 252, 68.48, 4, 7583
17125, 9322, 54.44, 252, 68.48, 4, 7583
17126, 9323, 54.44, 252, 68.48, 4, 7583
17127, 9324, 54.44, 252, 68.48, 4, 7583
17128, 9324, 54.44, 252, 68.48, 4, 7584
17129, 9325, 54.44, 252, 68.48, 4, 7584
17130, 9326, 54.44, 252, 68.48, 4, 7584
17131, 9327, 54.45, 252, 68.48, 4, 7584
17132, 9328, 54.45, 252, 68.48, 4, 7584
17133, 9329, 54.45, 252, 68.48, 4, 7584
17134, 9330, 54.45, 252, 68.48, 4, 7584
17135, 9331, 54.46, 252, 68.48, 4, 7584
17136, 9332, 54.46, 252, 68.48, 4, 7584
17137, 9332, 54.46, 252, 68.48, 4, 7585
17138, 9332, 54.45, 252, 68.48, 4, 7586
17139, 9333, 54.45, 252, 68.48, 4, 7586
17140, 9333, 54.45, 252, 68.48, 4, 7587
17141, 9333, 54.45, 252, 68.48, 4, 7587
17142, 9333, 54.45, 252, 68.48, 4, 7588
17143, 9333, 54.44, 252, 68.48, 4, 7589
17144, 9333, 54.44, 252, 68.48, 4, 7590
17145, 9333, 54.44, 252, 68.48, 4, 7591
17146, 9334, 54.44, 252, 68.48, 4, 7591
17147, 9334, 54.44, 252, 68.48, 4, 7592
17148, 9334, 54.43, 252, 68.48, 4, 7593
17149, 9335, 54.43, 252, 68.48, 4, 7593
17150, 9336, 54.44, 252, 68.48, 4, 7593
17151, 9337, 54.44, 252, 68.48, 4, 7593
17152, 9338, 54.44, 252, 68.48, 4, 7593
17153, 9339, 54.45, 252, 68.48, 4, 7593
17154, 9340, 54.45, 252, 68.48, 4, 7593
17155, 9340, 54.44, 252, 68.48, 4, 7594
17156, 9341, 54.45, 252, 68.48, 4, 7594
17157, 9341, 54.44, 252, 68.48, 4, 7595
17158, 9341, 54.44, 252, 68.48, 4, 7596
17159, 9342, 54.44, 252, 68.48, 4, 7596
17160, 9343, 54.45, 252, 68.48, 4, 7596
17161, 9344, 54.45, 252, 68.48, 4, 7596
17162, 9344, 54.45, 252, 68.48, 4, 7597
17163, 9344, 54.44, 252, 68.48, 4, 7598
17164, 9345, 54.45, 252, 68.48, 4, 7598
17165, 9345, 54.44, 252, 68.48, 4, 7599
17166, 9346, 54.44, 252, 68.48, 4, 7599
17167, 9346, 54.44, 252, 68.48, 4, 7600
17168, 9347, 54.44, 252, 68.48, 4, 7600
17169, 9348, 54.45, 252, 68.48, 4, 7600
17170, 9348, 54.44, 252, 68.48, 4, 7601
17171, 9349, 54.45, 252, 68.48, 4, 7601
17172, 9350, 54.45, 252, 68.48, 4, 7601
17173, 9350, 54.45, 252, 68.48, 4, 7602
17174, 9350, 54.44, 252, 68.48, 4, 7603
17175, 9351, 54.45, 252, 68.48, 4, 7603
17176, 9352, 54.45, 252, 68.48, 4, 7603
17177, 9352, 54.44, 252, 68.48, 4, 7604
17178, 9353, 54.45, 252, 68.48, 4, 7604
17179, 9354, 54.45, 252, 68.48, 4, 7604
17180, 9354, 54.45, 252, 68.48, 4, 7605
17181, 9354, 54.44, 252, 68.48, 4, 7606
17182, 9355, 54.45, 252, 68.48, 4, 7606
17183, 9356, 54.45, 252, 68.48, 4, 7606
17184, 9357, 54.45, 252, 68.48, 4, 7606
17185, 9358, 54.45, 252, 68.48, 4, 7606
17186, 9359, 54.46, 252, 68.48, 4, 7606
17187, 9360, 54.46, 252, 68.48, 4, 7606
17188, 9360, 54.46, 252, 68.48, 4, 7607
17189, 9361, 54.46, 252, 68.48, 4, 7607
17190, 9362, 54.46, 252, 68.48, 4, 7607
17191, 9363, 54.46, 252, 68.48, 4, 7607
17192, 9364, 54.47, 252, 68.48, 4, 7607
17193, 9365, 54.47, 252, 68.48, 4, 7607
17194, 9366, 54.47, 252, 68.48, 4, 7607
17195, 9366, 54.47, 252, 68.48, 4, 7608
17196, 9366, 54.47, 252, 68.48, 4, 7608
17197, 9366, 54.46, 252, 68.48, 4, 7609
17198, 9367, 54.47, 252, 68.48, 4, 7609
17199, 9367, 54.46, 252, 68.48, 4, 7610
17200, 9367, 54.46, 252, 68.48, 4, 7611
17201, 9367, 54.46, 252, 68.48, 4, 7612
17202, 9367, 54.45, 252, 68.48, 4, 7613
17203, 9368, 54.46, 252, 68.48, 4, 7613
17204, 9369, 54.46, 252, 68.48, 4, 7613
17205, 9369, 54.46, 252, 68.48, 4, 7614
17206, 9370, 54.46, 252, 68.48, 4, 7614
17207, 9371, 54.46, 252, 68.48, 4, 7614
17208, 9371, 54.46, 252, 68.48, 4, 7615
17209, 9371, 54.45, 252, 68.48, 4, 7616
17210, 9371, 54.45, 252, 68.48, 4, 7617
17211, 9372, 54.45, 252, 68.48, 4, 7617
17212, 9372, 54.45, 252, 68.48, 4, 7618
17213, 9372, 54.45, 252, 68.48, 4, 7619
17214, 9372, 54.44, 252, 68.48, 4, 7620
17215, 9372, 54.44, 252, 68.48, 4, 7621
17216, 9373, 54.44, 252, 68.48, 4, 7621
17217, 9374, 54.45, 252, 68.48, 4, 7621
17218, 9375, 54.45, 252, 68.48, 4, 7621
17219, 9376, 54.45, 252, 68.48, 4, 7621
17220, 9376, 54.45, 252, 68.48, 4, 7622
17221, 9376, 54.45, 252, 68.48, 4, 7623
17222, 9377, 54.45, 252, 68.48, 4, 7623
17223, 9378, 54.45, 252, 68.48, 4, 7623
17224, 9379, 54.45, 252, 68.48, 4, 7623
17225, 9379, 54.45, 252, 68.48, 4, 7624
17226, 9379, 54.45, 252, 68.48, 4, 7625
17227, 9379, 54.44, 252, 68.48, 4, 7626
17228, 9379, 54.44, 252, 68.48, 4, 7627
17229, 9379, 54.44, 252, 68.48, 4, 7628
17230, 9380, 54.44, 252, 68.48, 4, 7628
17231, 9381, 54.44, 252, 68.48, 4, 7628
17232, 9382, 54.45, 252, 68.48, 4, 7628
17233, 9382, 54.44, 252, 68.48, 4, 7629
17234, 9383, 54.44, 252, 68.48, 4, 7629
17235, 9383, 54.44, 252, 68.48, 4, 7630
17236, 9383, 54.44, 252, 68.48, 4, 7631
17237, 9384, 54.44, 252, 68.48, 4, 7631
17238, 9385, 54.44, 252, 68.48, 4, 7631
17239, 9385, 54.44, 252, 68.48, 4, 7632
17240, 9386, 54.44, 252, 68.48, 4, 7632
17241, 9387, 54.45, 252, 68.48, 4, 7632
17242, 9388, 54.45, 252, 68.48, 4, 7632
17243, 9389, 54.45, 252, 68.48, 4, 7632
17244, 9390, 54.45, 252, 68.48, 4, 7632
17245, 9390, 54.45, 252, 68.48, 4, 7633
17246, 9390, 54.45, 252, 68.48, 4, 7634
17247, 9390, 54.44, 252, 68.48, 4, 7635
17248, 9390, 54.44, 252, 68.48, 4, 7636
17249, 9391, 54.44, 252, 68.48, 4, 7636
17250, 9391, 54.44, 252, 68.48, 4, 7637
17251, 9391, 54.44, 252, 68.48, 4, 7638
17252, 9392, 54.44, 252, 68.48, 4, 7638
17253, 9393, 54.44, 252, 68.48, 4, 7638
17254, 9393, 54.44, 252, 68.48, 4, 7639
17255, 9393, 54.44, 252, 68.48, 4, 7640
17256, 9393, 54.43, 252, 68.48, 4, 7641
17257, 9394, 54.44, 252, 68.48, 4, 7641
17258, 9394, 54.43, 252, 68.48, 4, 7642
17259, 9395, 54.44, 252, 68.48, 4, 7642
17260, 9396, 54.44, 252, 68.48, 4, 7642
17261, 9397, 54.44, 252, 68.48, 4, 7642
17262, 9398, 54.44, 252, 68.48, 4, 7642
17263, 9399, 54.45, 252, 68.48, 4, 7642
17264, 9400, 54.45, 252, 68.48, 4, 7642
17265, 9400, 54.45, 252, 68.48, 4, 7643
17266, 9400, 54.44, 252, 68.48, 4, 7644
17267, 9400, 54.44, 252, 68.48, 4, 7645
17268, 9401, 54.44, 252, 68.48, 4, 7645
17269, 9402, 54.44, 252, 68.48, 4, 7645
17270, 9402, 54.44, 252, 68.48, 4, 7646
17271, 9402, 54.44, 252, 68.48, 4, 7647
17272, 9403, 54.44, 252, 68.48, 4, 7647
17273, 9404, 54.44, 252, 68.48, 4, 7647
17274, 9404, 54.44, 252, 68.48, 4, 7648
17275, 9404, 54.44, 252, 68.48, 4, 7649
17276, 9404, 54.43, 252, 68.48, 4, 7650
17277, 9404, 54.43, 252, 68.48, 4, 7651
17278, 9405, 54.43, 252, 68.48, 4, 7651
17279, 9406, 54.44, 252, 68.48, 4, 7651
17280, 9407, 54.44, 252, 68.48, 4, 7651
17281, 9408, 54.44, 252, 68.48, 4, 7651
17282, 9408, 54.44, 252, 68.48, 4, 7652
17283, 9409, 54.44, 252, 68.48, 4, 7652
17284, 9410, 54.44, 252, 68.48, 4, 7652
17285, 9410, 54.44, 252, 68.48, 4, 7653
17286, 9411, 54.44, 252, 68.48, 4, 7653
17287, 9412, 54.45, 252, 68.48, 4, 7653
17288, 9412, 54.44, 252, 68.48, 4, 7654
17289, 9413, 54.45, 252, 68.48, 4, 7654
17290, 9413, 54.44, 252, 68.48, 4, 7655
17291, 9414, 54.44, 252, 68.48, 4, 7655
17292, 9414, 54.44, 252, 68.48, 4, 7656
17293, 9414, 54.44, 252, 68.48, 4, 7657
17294, 9415, 54.44, 252, 68.48, 4, 7657
17295, 9416, 54.44, 252, 68.48, 4, 7657
17296, 9416, 54.44, 252, 68.48, 4, 7658
17297, 9417, 54.44, 252, 68.48, 4, 7658
17298, 9418, 54.45, 252, 68.48, 4, 7658
17299, 9418, 54.44, 252, 68.48, 4, 7659
17300, 9418, 54.44, 252, 68.48, 4, 7660
17301, 9418, 54.44, 252, 68.48, 4, 7661
17302, 9418, 54.43, 252, 68.48, 4, 7662
17303, 9419, 54.44, 252, 68.48, 4, 7662
17304, 9420, 54.44, 252, 68.48, 4, 7662
17305, 9421, 54.44, 252, 68.48, 4, 7662
17306, 9422, 54.44, 252, 68.48, 4, 7662
17307, 9422, 54.44, 252, 68.48, 4, 7663
17308, 9422, 54.44, 252, 68.48, 4, 7664
17309, 9423, 54.44, 252, 68.48, 4, 7664
17310, 9423, 54.44, 252, 68.48, 4, 7665
17311, 9423, 54.43, 252, 68.48, 4, 7666
17312, 9424, 54.44, 252, 68.48, 4, 7666
17313, 9425, 54.44, 252, 68.48, 4, 7666
17314, 9425, 54.44, 252, 68.48, 4, 7667
17315, 9426, 54.44, 252, 68.48, 4, 7667
17316, 9427, 54.44, 252, 68.48, 4, 7667
17317, 9428, 54.44, 252, 68.48, 4, 7667
17318, 9429, 54.45, 252, 68.48, 4, 7667
17319, 9430, 54.45, 252, 68.48, 4, 7667
17320, 9430, 54.45, 252, 68.48, 4, 7668
17321, 9431, 54.45, 252, 68.48, 4, 7668
17322, 9432, 54.45, 252, 68.48, 4, 7668
17323, 9432, 54.45, 252, 68.48, 4, 7669
17324, 9433, 54.45, 252, 68.48, 4, 7669
17325, 9433, 54.45, 252, 68.48, 4, 7670
17326, 9434, 54.45, 252, 68.48, 4, 7670
17327, 9434, 54.45, 252, 68.48, 4, 7671
17328, 9435, 54.45, 252, 68.48, 4, 7671
17329, 9436, 54.45, 252, 68.48, 4, 7671
17330, 9436, 54.45, 252, 68.48, 4, 7672
17331, 9436, 54.45, 252, 68.48, 4, 7673
17332, 9437, 54.45, 252, 68.48, 4, 7673
17333, 9437, 54.45, 252, 68.48, 4, 7674
17334, 9437, 54.44, 252, 68.48, 4, 7675
17335, 9438, 54.44, 252, 68.48, 4, 7675
17336, 9438, 54.44, 252, 68.48, 4, 7676
17337, 9438, 54.44, 252, 68.48, 4, 7677
17338, 9438, 54.44, 252, 68.48, 4, 7678
17339, 9439, 54.44, 252, 68.48, 4, 7678
17340, 9440, 54.44, 252, 68.48, 4, 7678
17341, 9440, 54.44, 252, 68.48, 4, 7679
17342, 9441, 54.44, 252, 68.48, 4, 7679
17343, 9442, 54.44, 252, 68.48, 4, 7679
17344, 9443, 54.45, 252, 68.48, 4, 7679
17345, 9444, 54.45, 252, 68.48, 4, 7679
17346, 9445, 54.45, 252, 68.48, 4, 7679
17347, 9446, 54.45, 252, 68.48, 4, 7679
17348, 9446, 54.45, 252, 68.48, 4, 7680
17349, 9447, 54.45, 252, 68.48, 4, 7680
17350, 9447, 54.45, 252, 68.48, 4, 7681
17351, 9448, 54.45, 252, 68.48, 4, 7681
17352, 9449, 54.45, 252, 68.48, 4, 7681
17353, 9450, 54.46, 252, 68.48, 4, 7681
17354, 9451, 54.46, 252, 68.48, 4, 7681
17355, 9452, 54.46, 252, 68.48, 4, 7681
17356, 9452, 54.46, 252, 68.48, 4, 7682
17357, 9453, 54.46, 252, 68.48, 4, 7682
17358, 9454, 54.46, 252, 68.48, 4, 7682
17359, 9454, 54.46, 252, 68.48, 4, 7683
17360, 9455, 54.46, 252, 68.48, 4, 7683
17361, 9456, 54.47, 252, 68.48, 4, 7683
17362, 9457, 54.47, 252, 68.48, 4, 7683
17363, 9457, 54.47, 252, 68.48, 4, 7684
17364, 9457, 54.46, 252, 68.48, 4, 7685
17365, 9457, 54.46, 252, 68.48, 4, 7686
17366, 9457, 54.46, 252, 68.48, 4, 7687
17367, 9457, 54.45, 252, 68.48, 4, 7688
17368, 9457, 54.45, 252, 68.48, 4, 7689
17369, 9458, 54.45, 252, 68.48, 4, 7689
17370, 9458, 54.45, 252, 68.48, 4, 7690
17371, 9459, 54.45, 252, 68.48, 4, 7690
17372, 9459, 54.45, 252, 68.48, 4, 7691
17373, 9460, 54.45, 252, 68.48, 4, 7691
17374, 9461, 54.45, 252, 68.48, 4, 7691
17375, 9461, 54.45, 252, 68.48, 4, 7692
17376, 9462, 54.45, 252, 68.48, 4, 7692
17377, 9462, 54.45, 252, 68.48, 4, 7693
17378, 9462, 54.45, 252, 68.48, 4, 7694
17379, 9463, 54.45, 252, 68.48, 4, 7694
17380, 9463, 54.45, 252, 68.48, 4, 7695
17381, 9463, 54.44, 252, 68.48, 4, 7696
17382, 9463, 54.44, 252, 68.48, 4, 7697
17383, 9464, 54.44, 252, 68.48, 4, 7697
17384, 9465, 54.45, 252, 68.48, 4, 7697
17385, 9465, 54.44, 252, 68.48, 4, 7698
17386, 9466, 54.45, 252, 68.48, 4, 7698
17387, 9467, 54.45, 252, 68.48, 4, 7698
17388, 9467, 54.45, 252, 68.48, 4, 7699
17389, 9467, 54.44, 252, 68.48, 4, 7700
17390, 9468, 54.45, 252, 68.48, 4, 7700
17391, 9469, 54.45, 252, 68.48, 4, 7700
17392, 9469, 54.44, 252, 68.48, 4, 7701
17393, 9470, 54.45, 252, 68.48, 4, 7701
17394, 9471, 54.45, 252, 68.48, 4, 7701
17395, 9472, 54.45, 252, 68.48, 4, 7701
17396, 9473, 54.46, 252, 68.48, 4, 7701
17397, 9474, 54.46, 252, 68.48, 4, 7701
17398, 9475, 54.46, 252, 68.48, 4, 7701
17399, 9475, 54.46, 252, 68.48, 4, 7702
17400, 9476, 54.46, 252, 68.48, 4, 7702
17401, 9477, 54.46, 252, 68.48, 4, 7702
17402, 9478, 54.47, 252, 68.48, 4, 7702
17403, 9478, 54.46, 252, 68.48, 4, 7703
17404, 9478, 54.46, 252, 68.48, 4, 7704
17405, 9478, 54.46, 252, 68.48, 4, 7705
17406, 9478, 54.45, 252, 68.48, 4, 7706
17407, 9479, 54.46, 252, 68.48, 4, 7706
17408, 9480, 54.46, 252, 68.48, 4, 7706
17409, 9480, 54.45, 252, 68.48, 4, 7707
17410, 9481, 54.46, 252, 68.48, 4, 7707
17411, 9481, 54.45, 252, 68.48, 4, 7708
17412, 9482, 54.46, 252, 68.48, 4, 7708
17413, 9482, 54.45, 252, 68.48, 4, 7709
17414, 9483, 54.46, 252, 68.48, 4, 7709
17415, 9484, 54.46, 252, 68.48, 4, 7709
17416, 9485, 54.46, 252, 68.48, 4, 7709
17417, 9486, 54.46, 252, 68.48, 4, 7709
17418, 9487, 54.47, 252, 68.48, 4, 7709
17419, 9487, 54.46, 252, 68.48, 4, 7710
17420, 9488, 54.47, 252, 68.48, 4, 7710
17421, 9488, 54.46, 252, 68.48, 4, 7711
17422, 9489, 54.47, 252, 68.48, 4, 7711
17423, 9490, 54.47, 252, 68.48, 4, 7711
17424, 9491, 54.47, 252, 68.48, 4, 7711
17425, 9491, 54.47, 252, 68.48, 4, 7712
17426, 9491, 54.46, 252, 68.48, 4, 7713
17427, 9491, 54.46, 252, 68.48, 4, 7713
17428, 9492, 54.46, 252, 68.48, 4, 7713
17429, 9492, 54.46, 252, 68.48, 4, 7713
17430, 9493, 54.46, 252, 68.48, 4, 7713
17431, 9493, 54.46, 252, 68.48, 4, 7714
17432, 9493, 54.46, 252, 68.48, 4, 7715
17433, 9494, 54.46, 252, 68.48, 4, 7715
17434, 9495, 54.46, 252, 68.48, 4, 7715
17435, 9495, 54.46, 252, 68.48, 4, 7715
17436, 9496, 54.46, 252, 68.48, 4, 7715
17437, 9496, 54.46, 252, 68.48, 4, 7716
17438, 9497, 54.46, 252, 68.48, 4, 7716
17439, 9498, 54.46, 252, 68.48, 4, 7716
17440, 9499, 54.47, 252, 68.48, 4, 7716
17441, 9499, 54.46, 252, 68.48, 4, 7717
17442, 9499, 54.46, 252, 68.48, 4, 7718
17443, 9500, 54.46, 252, 68.48, 4, 7718
17444, 9501, 54.47, 252, 68.48, 4, 7718
17445, 9502, 54.47, 252, 68.48, 4, 7718
17446, 9502, 54.47, 252, 68.48, 4, 7719
17447, 9502, 54.46, 252, 68.48, 4, 7720
17448, 9503, 54.46, 252, 68.48, 4, 7720
17449, 9504, 54.47, 252, 68.48, 4, 7720
17450, 9505, 54.47, 252, 68.48, 4, 7720
17451, 9505, 54.47, 252, 68.48, 4, 7721
17452, 9506, 54.47, 252, 68.48, 4, 7721
17453, 9507, 54.47, 252, 68.48, 4, 7721
17454, 9508, 54.47, 252, 68.48, 4, 7721
17455, 9508, 54.47, 252, 68.48, 4, 7722
17456, 9509, 54.47, 252, 68.48, 4, 7722
17457, 9510, 54.48, 252, 68.48, 4, 7722
17458, 9510, 54.47, 252, 68.48, 4, 7723
17459, 9511, 54.48, 252, 68.48, 4, 7723
17460, 9512, 54.48, 252, 68.48, 4, 7723
17461, 9512, 54.48, 252, 68.48, 4, 7724
17462, 9513, 54.48, 252, 68.48, 4, 7724
17463, 9513, 54.48, 252, 68.48, 4, 7725
17464, 9514, 54.48, 252, 68.48, 4, 7725
17465, 9515, 54.48, 252, 68.48, 4, 7725
17466, 9516, 54.48, 252, 68.48, 4, 7725
17467, 9516, 54.48, 252, 68.48, 4, 7726
17468, 9517, 54.48, 252, 68.48, 4, 7726
17469, 9518, 54.49, 252, 68.48, 4, 7726
17470, 9519, 54.49, 252, 68.48, 4, 7726
17471, 9520, 54.49, 252, 68.48, 4, 7726
17472, 9520, 54.49, 252, 68.48, 4, 7727
17473, 9521, 54.49, 252, 68.48, 4, 7727
17474, 9521, 54.49, 252, 68.48, 4, 7728
17475, 9522, 54.49, 252, 68.48, 4, 7728
17476, 9522, 54.49, 252, 68.48, 4, 7729
17477, 9523, 54.49, 252, 68.48, 4, 7729
17478, 9523, 54.49, 252, 68.48, 4, 7730
17479, 9524, 54.49, 252, 68.48, 4, 7730
17480, 9525, 54.49, 252, 68.48, 4, 7730
17481, 9525, 54.49, 252, 68.48, 4, 7731
17482, 9526, 54.49, 252, 68.48, 4, 7731
17483, 9527, 54.49, 252, 68.48, 4, 7731
17484, 9528, 54.50, 252, 68.48, 4, 7731
17485, 9528, 54.49, 252, 68.48, 4, 7732
17486, 9529, 54.50, 252, 68.48, 4, 7732
17487, 9529, 54.49, 252, 68.48, 4, 7733
17488, 9530, 54.49, 252, 68.48, 4, 7733
17489, 9530, 54.49, 252, 68.48, 4, 7734
17490, 9531, 54.49, 252, 68.48, 4, 7734
17491, 9531, 54.49, 252, 68.48, 4, 7735
17492, 9531, 54.49, 252, 68.48, 4, 7736
17493, 9532, 54.49, 252, 68.48, 4, 7736
17494, 9533, 54.49, 252, 68.48, 4, 7736
17495, 9534, 54.50, 252, 68.48, 4, 7736
17496, 9534, 54.49, 252, 68.48, 4, 7737
17497, 9535, 54.50, 252, 68.48, 4, 7737
17498, 9536, 54.50, 252, 68.48, 4, 7737
17499, 9536, 54.49, 252, 68.48, 4, 7738
17500, 9536, 54.49, 252, 68.48, 4, 7739
17501, 9537, 54.49, 252, 68.48, 4, 7739
17502, 9538, 54.50, 252, 68.48, 4, 7739
17503, 9539, 54.50, 252, 68.48, 4, 7739
17504, 9539, 54.50, 252, 68.48, 4, 7740
17505, 9540, 54.50, 252, 68.48, 4, 7740
17506, 9541, 54.50, 252, 68.48, 4, 7740
17507, 9541, 54.50, 252, 68.48, 4, 7741
17508, 9542, 54.50, 252, 68.48, 4, 7741
17509, 9543, 54.50, 252, 68.48, 4, 7741
17510, 9544, 54.51, 252, 68.48, 4, 7741
17511, 9545, 54.51, 252, 68.48, 4, 7741
17512, 9545, 54.51, 252, 68.48, 4, 7742
17513, 9546, 54.51, 252, 68.48, 4, 7742
17514, 9546, 54.50, 252, 68.48, 4, 7743
17515, 9546, 54.50, 252, 68.48, 4, 7744
17516, 9547, 54.50, 252, 68.48, 4, 7744
17517, 9547, 54.50, 252, 68.48, 4, 7745
17518, 9548, 54.50, 252, 68.48, 4, 7745
17519, 9548, 54.50, 252, 68.48, 4, 7746
17520, 9549, 54.50, 252, 68.48, 4, 7746
17521, 9550, 54.51, 252, 68.48, 4, 7746
17522, 9550, 54.50, 252, 68.48, 4, 7747
17523, 9551, 54.51, 252, 68.48, 4, 7747
17524, 9551, 54.50, 252, 68.48, 4, 7748
17525, 9551, 54.50, 252, 68.48, 4, 7749
17526, 9552, 54.50, 252, 68.48, 4, 7749
17527, 9552, 54.50, 252, 68.48, 4, 7750
17528, 9553, 54.50, 252, 68.48, 4, 7750
17529, 9553, 54.50, 252, 68.48, 4, 7751
17530, 9554, 54.50, 252, 68.48, 4, 7751
17531, 9555, 54.50, 252, 68.48, 4, 7751
17532, 9556, 54.51, 252, 68.48, 4, 7751
17533, 9556, 54.50, 252, 68.48, 4, 7752
17534, 9557, 54.51, 252, 68.48, 4, 7752
17535, 9558, 54.51, 252, 68.48, 4, 7752
17536, 9558, 54.51, 252, 68.48, 4, 7753
17537, 9559, 54.51, 252, 68.48, 4, 7753
17538, 9560, 54.51, 252, 68.48, 4, 7753
17539, 9561, 54.51, 252, 68.48, 4, 7753
17540, 9562, 54.52, 252, 68.48, 4, 7753
17541, 9563, 54.52, 252, 68.48, 4, 7753
17542, 9563, 54.51, 252, 68.48, 4, 7754
17543, 9564, 54.52, 252, 68.48, 4, 7754
17544, 9565, 54.52, 252, 68.48, 4, 7754
17545, 9566, 54.52, 252, 68.48, 4, 7754
17546, 9566, 54.52, 252, 68.48, 4, 7755
17547, 9567, 54.52, 252, 68.48, 4, 7755
17548, 9567, 54.52, 252, 68.48, 4, 7756
17549, 9567, 54.52, 252, 68.48, 4, 7757
17550, 9568, 54.52, 252, 68.48, 4, 7757
17551, 9568, 54.52, 252, 68.48, 4, 7758
17552, 9568, 54.51, 252, 68.48, 4, 7759
17553, 9569, 54.51, 252, 68.48, 4, 7759
17554, 9569, 54.51, 252, 68.48, 4, 7760
17555, 9569, 54.51, 252, 68.48, 4, 7761
17556, 9570, 54.51, 252, 68.48, 4, 7761
17557, 9571, 54.51, 252, 68.48, 4, 7761
17558, 9572, 54.52, 252, 68.48, 4, 7761
17559, 9573, 54.52, 252, 68.48, 4, 7761
17560, 9574, 54.52, 252, 68.48, 4, 7761
17561, 9575, 54.52, 252, 68.48, 4, 7761
17562, 9576, 54.53, 252, 68.48, 4, 7761
17563, 9576, 54.52, 252, 68.48, 4, 7761
17564, 9576, 54.52, 252, 68.48, 4, 7762
17565, 9577, 54.52, 252, 68.48, 4, 7762
17566, 9577, 54.52, 252, 68.48, 4, 7763
17567, 9578, 54.52, 252, 68.48, 4, 7763
17568, 9579, 54.53, 252, 68.48, 4, 7763
17569, 9580, 54.53, 252, 68.48, 4, 7763
17570, 9581, 54.53, 252, 68.48, 4, 7763
17571, 9582, 54.53, 252, 68.48, 4, 7763
17572, 9583, 54.54, 252, 68.48, 4, 7763
17573, 9583, 54.53, 252, 68.48, 4, 7764
17574, 9583, 54.53, 252, 68.48, 4, 7765
17575, 9584, 54.53, 252, 68.48, 4, 7765
17576, 9585, 54.53, 252, 68.48, 4, 7765
17577, 9585, 54.53, 252, 68.48, 4, 7766
17578, 9585, 54.53, 252, 68.48, 4, 7767
17579, 9586, 54.53, 252, 68.48, 4, 7767
17580, 9586, 54.53, 252, 68.48, 4, 7768
17581, 9586, 54.52, 252, 68.48, 4, 7769
17582, 9586, 54.52, 252, 68.48, 4, 7770
17583, 9587, 54.52, 252, 68.48, 4, 7770
17584, 9588, 54.53, 252, 68.48, 4, 7770
17585, 9588, 54.52, 252, 68.48, 4, 7771
17586, 9589, 54.53, 252, 68.48, 4, 7771
17587, 9590, 54.53, 252, 68.48, 4, 7771
17588, 9591, 54.53, 252, 68.48, 4, 7771
17589, 9592, 54.53, 252, 68.48, 4, 7771
17590, 9593, 54.54, 252, 68.48, 4, 7771
17591, 9594, 54.54, 252, 68.48, 4, 7771
17592, 9594, 54.54, 252, 68.48, 4, 7772
17593, 9595, 54.54, 252, 68.48, 4, 7772
17594, 9596, 54.54, 252, 68.48, 4, 7772
17595, 9596, 54.54, 252, 68.48, 4, 7773
17596, 9597, 54.54, 252, 68.48, 4, 7773
17597, 9598, 54.54, 252, 68.48, 4, 7773
17598, 9598, 54.54, 252, 68.48, 4, 7774
17599, 9598, 54.54, 252, 68.48, 4, 7775
17600, 9598, 54.53, 252, 68.48, 4, 7776
17601, 9598, 54.53, 252, 68.48, 4, 7777
17602, 9599, 54.53, 252, 68.48, 4, 7777
17603, 9600, 54.54, 252, 68.48, 4, 7777
17604, 9601, 54.54, 252, 68.48, 4, 7777
17605, 9602, 54.54, 252, 68.48, 4, 7777
17606, 9603, 54.54, 252, 68.48, 4, 7777
17607, 9603, 54.54, 252, 68.48, 4, 7778
17608, 9603, 54.54, 252, 68.48, 4, 7779
17609, 9603, 54.53, 252, 68.48, 4, 7780
17610, 9604, 54.54, 252, 68.48, 4, 7780
17611, 9604, 54.53, 252, 68.48, 4, 7781
17612, 9604, 54.53, 252, 68.48, 4, 7782
17613, 9605, 54.53, 252, 68.48, 4, 7782
17614, 9606, 54.54, 252, 68.48, 4, 7782
17615, 9606, 54.53, 252, 68.48, 4, 7783
17616, 9606, 54.53, 252, 68.48, 4, 7784
17617, 9606, 54.53, 252, 68.48, 4, 7785
17618, 9606, 54.52, 252, 68.48, 4, 7786
17619, 9607, 54.53, 252, 68.48, 4, 7786
17620, 9607, 54.52, 252, 68.48, 4, 7787
17621, 9608, 54.53, 252, 68.48, 4, 7787
17622, 9609, 54.53, 252, 68.48, 4, 7787
17623, 9610, 54.53, 252, 68.48, 4, 7787
17624, 9610, 54.53, 252, 68.48, 4, 7788
17625, 9610, 54.52, 252, 68.48, 4, 7789
17626, 9611, 54.53, 252, 68.48, 4, 7789
17627, 9612, 54.53, 252, 68.48, 4, 7789
17628, 9613, 54.53, 252, 68.48, 4, 7789
17629, 9614, 54.54, 252, 68.48, 4, 7789
17630, 9615, 54.54, 252, 68.48, 4, 7789
17631, 9615, 54.53, 252, 68.48, 4, 7790
17632, 9615, 54.53, 252, 68.48, 4, 7790
17633, 9616, 54.53, 252, 68.48, 4, 7790
17634, 9617, 54.54, 252, 68.48, 4, 7790
17635, 9617, 54.53, 252, 68.48, 4, 7791
17636, 9617, 54.53, 252, 68.48, 4, 7792
17637, 9618, 54.53, 252, 68.48, 4, 7792
17638, 9619, 54.54, 252, 68.48, 4, 7792
17639, 9620, 54.54, 252, 68.48, 4, 7792
17640, 9621, 54.54, 252, 68.48, 4, 7792
17641, 9622, 54.54, 252, 68.48, 4, 7792
17642, 9622, 54.54, 252, 68.48, 4, 7793
17643, 9623, 54.54, 252, 68.48, 4, 7793
17644, 9624, 54.55, 252, 68.48, 4, 7793
17645, 9624, 54.54, 252, 68.48, 4, 7794
17646, 9624, 54.54, 252, 68.48, 4, 7795
17647, 9624, 54.54, 252, 68.48, 4, 7796
17648, 9625, 54.54, 252, 68.48, 4, 7796
17649, 9625, 54.54, 252, 68.48, 4, 7796
17650, 9625, 54.53, 252, 68.48, 4, 7797
17651, 9625, 54.53, 252, 68.48, 4, 7798
17652, 9625, 54.53, 252, 68.48, 4, 7799
17653, 9626, 54.53, 252, 68.48, 4, 7799
17654, 9627, 54.53, 252, 68.48, 4, 7799
17655, 9628, 54.53, 252, 68.48, 4, 7799
17656, 9629, 54.54, 252, 68.48, 4, 7799
17657, 9630, 54.54, 252, 68.48, 4, 7799
17658, 9630, 54.54, 252, 68.48, 4, 7800
17659, 9631, 54.54, 252, 68.48, 4, 7800
17660, 9632, 54.54, 252, 68.48, 4, 7800
17661, 9632, 54.54, 252, 68.48, 4, 7801
17662, 9633, 54.54, 252, 68.48, 4, 7801
17663, 9633, 54.54, 252, 68.48, 4, 7802
17664, 9634, 54.54, 252, 68.48, 4, 7802
17665, 9635, 54.54, 252, 68.48, 4, 7802
17666, 9636, 54.55, 252, 68.48, 4, 7802
17667, 9637, 54.55, 252, 68.48, 4, 7802
17668, 9637, 54.54, 252, 68.48, 4, 7803
17669, 9638, 54.55, 252, 68.48, 4, 7803
17670, 9639, 54.55, 252, 68.48, 4, 7803
17671, 9639, 54.55, 252, 68.48, 4, 7804
17672, 9639, 54.54, 252, 68.48, 4, 7805
17673, 9640, 54.55, 252, 68.48, 4, 7805
17674, 9640, 54.54, 252, 68.48, 4, 7806
17675, 9641, 54.55, 252, 68.48, 4, 7806
17676, 9641, 54.54, 252, 68.48, 4, 7807
17677, 9641, 54.54, 252, 68.48, 4, 7808
17678, 9642, 54.54, 252, 68.48, 4, 7808
17679, 9643, 54.54, 252, 68.48, 4, 7808
17680, 9644, 54.55, 252, 68.48, 4, 7808
17681, 9645, 54.55, 252, 68.48, 4, 7808
17682, 9645, 54.55, 252, 68.48, 4, 7809
17683, 9646, 54.55, 252, 68.48, 4, 7809
17684, 9646, 54.55, 252, 68.48, 4, 7810
17685, 9647, 54.55, 252, 68.48, 4, 7810
17686, 9647, 54.55, 252, 68.48, 4, 7811
17687, 9647, 54.54, 252, 68.48, 4, 7812
17688, 9647, 54.54, 252, 68.48, 4, 7813
17689, 9648, 54.54, 252, 68.48, 4, 7813
17690, 9649, 54.54, 252, 68.48, 4, 7813
17691, 9649, 54.54, 252, 68.48, 4, 7814
17692, 9650, 54.54, 252, 68.48, 4, 7814
17693, 9650, 54.54, 252, 68.48, 4, 7815
17694, 9650, 54.54, 252, 68.48, 4, 7816
17695, 9651, 54.54, 252, 68.48, 4, 7816
17696, 9651, 54.54, 252, 68.48, 4, 7817
17697, 9652, 54.54, 252, 68.48, 4, 7817
17698, 9653, 54.54, 252, 68.48, 4, 7817
17699, 9653, 54.54, 252, 68.48, 4, 7818
17700, 9654, 54.54, 252, 68.48, 4, 7818
17701, 9654, 54.54, 252, 68.48, 4, 7819
17702, 9654, 54.54, 252, 68.48, 4, 7820
17703, 9654, 54.53, 252, 68.48, 4, 7821
17704, 9655, 54.54, 252, 68.48, 4, 7821
17705, 9655, 54.53, 252, 68.48, 4, 7822
17706, 9655, 54.53, 252, 68.48, 4, 7823
17707, 9656, 54.53, 252, 68.48, 4, 7823
17708, 9656, 54.53, 252, 68.48, 4, 7824
17709, 9657, 54.53, 252, 68.48, 4, 7824
17710, 9657, 54.53, 252, 68.48, 4, 7825
17711, 9658, 54.53, 252, 68.48, 4, 7825
17712, 9658, 54.53, 252, 68.48, 4, 7826
17713, 9658, 54.52, 252, 68.48, 4, 7827
17714, 9659, 54.53, 252, 68.48, 4, 7827
17715, 9659, 54.52, 252, 68.48, 4, 7828
17716, 9659, 54.52, 252, 68.48, 4, 7829
17717, 9659, 54.52, 252, 68.48, 4, 7830
17718, 9660, 54.52, 252, 68.48, 4, 7830
17719, 9660, 54.52, 252, 68.48, 4, 7831
17720, 9661, 54.52, 252, 68.48, 4, 7831
17721, 9661, 54.52, 252, 68.48, 4, 7832
17722, 9661, 54.51, 252, 68.48, 4, 7833
17723, 9662, 54.52, 252, 68.48, 4, 7833
17724, 9662, 54.51, 252, 68.48, 4, 7834
17725, 9663, 54.52, 252, 68.48, 4, 7834
17726, 9663, 54.51, 252, 68.48, 4, 7835
17727, 9664, 54.52, 252, 68.48, 4, 7835
17728, 9664, 54.51, 252, 68.48, 4, 7836
17729, 9665, 54.52, 252, 68.48, 4, 7836
17730, 9666, 54.52, 252, 68.48, 4, 7836
17731, 9667, 54.52, 252, 68.48, 4, 7836
17732, 9667, 54.52, 252, 68.48, 4, 7837
17733, 9667, 54.51, 252, 68.48, 4, 7838
17734, 9668, 54.52, 252, 68.48, 4, 7838
17735, 9668, 54.51, 252, 68.48, 4, 7839
17736, 9668, 54.51, 252, 68.48, 4, 7840
17737, 9669, 54.51, 252, 68.48, 4, 7840
17738, 9670, 54.52, 252, 68.48, 4, 7840
17739, 9671, 54.52, 252, 68.48, 4, 7840
17740, 9672, 54.52, 252, 68.48, 4, 7840
17741, 9673, 54.52, 252, 68.48, 4, 7840
17742, 9674, 54.53, 252, 68.48, 4, 7840
17743, 9675, 54.53, 252, 68.48, 4, 7840
17744, 9676, 54.53, 252, 68.48, 4, 7840
17745, 9677, 54.53, 252, 68.48, 4, 7840
17746, 9678, 54.54, 252, 68.48, 4, 7840
17747, 9678, 54.53, 252, 68.48, 4, 7840
17748, 9679, 54.54, 252, 68.48, 4, 7840
17749, 9680, 54.54, 252, 68.48, 4, 7840
17750, 9680, 54.54, 252, 68.48, 4, 7841
17751, 9681, 54.54, 252, 68.48, 4, 7841
17752, 9682, 54.54, 252, 68.48, 4, 7841
17753, 9683, 54.54, 252, 68.48, 4, 7841
17754, 9684, 54.55, 252, 68.48, 4, 7841
17755, 9685, 54.55, 252, 68.48, 4, 7841
17756, 9686, 54.55, 252, 68.48, 4, 7841
17757, 9687, 54.55, 252, 68.48, 4, 7841
17758, 9687, 54.55, 252, 68.48, 4, 7842
17759, 9687, 54.55, 252, 68.48, 4, 7843
17760, 9687, 54.54, 252, 68.48, 4, 7844
17761, 9688, 54.55, 252, 68.48, 4, 7844
17762, 9689, 54.55, 252, 68.48, 4, 7844
17763, 9690, 54.55, 252, 68.48, 4, 7844
17764, 9691, 54.55, 252, 68.48, 4, 7844
17765, 9691, 54.55, 252, 68.48, 4, 7845
17766, 9691, 54.55, 252, 68.48, 4, 7846
17767, 9691, 54.54, 252, 68.48, 4, 7847
17768, 9692, 54.55, 252, 68.48, 4, 7847
17769, 9693, 54.55, 252, 68.48, 4, 7847
17770, 9694, 54.55, 252, 68.48, 4, 7847
17771, 9695, 54.56, 252, 68.48, 4, 7847
17772, 9695, 54.55, 252, 68.48, 4, 7848
17773, 9696, 54.55, 252, 68.48, 4, 7848
17774, 9696, 54.55, 252, 68.48, 4, 7849
17775, 9697, 54.55, 252, 68.48, 4, 7849
17776, 9698, 54.56, 252, 68.48, 4, 7849
17777, 9698, 54.55, 252, 68.48, 4, 7850
17778, 9699, 54.56, 252, 68.48, 4, 7850
17779, 9700, 54.56, 252, 68.48, 4, 7850
17780, 9700, 54.56, 252, 68.48, 4, 7851
17781, 9701, 54.56, 252, 68.48, 4, 7851
17782, 9702, 54.56, 252, 68.48, 4, 7851
17783, 9702, 54.56, 252, 68.48, 4, 7852
17784, 9703, 54.56, 252, 68.48, 4, 7852
17785, 9703, 54.56, 252, 68.48, 4, 7853
17786, 9704, 54.56, 252, 68.48, 4, 7853
17787, 9704, 54.56, 252, 68.48, 4, 7854
17788, 9705, 54.56, 252, 68.48, 4, 7854
17789, 9705, 54.56, 252, 68.48, 4, 7855
17790, 9706, 54.56, 252, 68.48, 4, 7855
17791, 9707, 54.56, 252, 68.48, 4, 7855
17792, 9708, 54.56, 252, 68.48, 4, 7855
17793, 9709, 54.57, 252, 68.48, 4, 7855
17794, 9710, 54.57, 252, 68.48, 4, 7855
17795, 9711, 54.57, 252, 68.48, 4, 7855
17796, 9712, 54.57, 252, 68.48, 4, 7855
17797, 9713, 54.58, 252, 68.48, 4, 7855
17798, 9714, 54.58, 252, 68.48, 4, 7855
17799, 9714, 54.58, 252, 68.48, 4, 7856
17800, 9714, 54.57, 252, 68.48, 4, 7857
17801, 9714, 54.57, 252, 68.48, 4, 7858
17802, 9714, 54.57, 252, 68.48, 4, 7859
17803, 9715, 54.57, 252, 68.48, 4, 7859
17804, 9716, 54.57, 252, 68.48, 4, 7859
17805, 9717, 54.57, 252, 68.48, 4, 7859
17806, 9718, 54.58, 252, 68.48, 4, 7859
17807, 9718, 54.57, 252, 68.48, 4, 7860
17808, 9718, 54.57, 252, 68.48, 4, 7861
17809, 9718, 54.57, 252, 68.48, 4, 7862
17810, 9719, 54.57, 252, 68.48, 4, 7862
17811, 9720, 54.57, 252, 68.48, 4, 7862
17812, 9720, 54.57, 252, 68.48, 4, 7863
17813, 9721, 54.57, 252, 68.48, 4, 7863
17814, 9722, 54.58, 252, 68.48, 4, 7863
17815, 9723, 54.58, 252, 68.48, 4, 7863
17816, 9724, 54.58, 252, 68.48, 4, 7863
17817, 9724, 54.58, 252, 68.48, 4, 7864
17818, 9724, 54.57, 252, 68.48, 4, 7865
17819, 9725, 54.58, 252, 68.48, 4, 7865
17820, 9725, 54.57, 252, 68.48, 4, 7866
17821, 9726, 54.58, 252, 68.48, 4, 7866
17822, 9727, 54.58, 252, 68.48, 4, 7866
17823, 9728, 54.58, 252, 68.48, 4, 7866
17824, 9728, 54.58, 252, 68.48, 4, 7867
17825, 9728, 54.58, 252, 68.48, 4, 7868
17826, 9729, 54.58, 252, 68.48, 4, 7868
17827, 9729, 54.57, 252, 68.48, 4, 7869
17828, 9729, 54.57, 252, 68.48, 4, 7870
17829, 9730, 54.57, 252, 68.48, 4, 7870
17830, 9731, 54.58, 252, 68.48, 4, 7870
17831, 9731, 54.57, 252, 68.48, 4, 7871
17832, 9732, 54.58, 252, 68.48, 4, 7871
17833, 9733, 54.58, 252, 68.48, 4, 7871
17834, 9734, 54.58, 252, 68.48, 4, 7871
17835, 9735, 54.58, 252, 68.48, 4, 7871
17836, 9736, 54.59, 252, 68.48, 4, 7871
17837, 9737, 54.59, 252, 68.48, 4, 7871
17838, 9738, 54.59, 252, 68.48, 4, 7871
17839, 9738, 54.59, 252, 68.48, 4, 7872
17840, 9738, 54.59, 252, 68.48, 4, 7873
17841, 9739, 54.59, 252, 68.48, 4, 7873
17842, 9739, 54.58, 252, 68.48, 4, 7874
17843, 9740, 54.59, 252, 68.48, 4, 7874
17844, 9740, 54.58, 252, 68.48, 4, 7875
17845, 9741, 54.59, 252, 68.48, 4, 7875
17846, 9741, 54.58, 252, 68.48, 4, 7876
17847, 9742, 54.59, 252, 68.48, 4, 7876
17848, 9743, 54.59, 252, 68.48, 4, 7876
17849, 9744, 54.59, 252, 68.48, 4, 7876
17850, 9744, 54.59, 252, 68.48, 4, 7877
17851, 9745, 54.59, 252, 68.48, 4, 7877
17852, 9745, 54.59, 252, 68.48, 4, 7878
17853, 9746, 54.59, 252, 68.48, 4, 7878
17854, 9746, 54.59, 252, 68.48, 4, 7879
17855, 9747, 54.59, 252, 68.48, 4, 7879
17856, 9747, 54.59, 252, 68.48, 4, 7880
17857, 9748, 54.59, 252, 68.48, 4, 7880
17858, 9749, 54.59, 252, 68.48, 4, 7880
17859, 9750, 54.59, 252, 68.48, 4, 7880
17860, 9751, 54.60, 252, 68.48, 4, 7880
17861, 9751, 54.59, 252, 68.48, 4, 7881
17862, 9752, 54.60, 252, 68.48, 4, 7881
17863, 9753, 54.60, 252, 68.48, 4, 7881
17864, 9754, 54.60, 252, 68.48, 4, 7881
17865, 9755, 54.60, 252, 68.48, 4, 7881
17866, 9755, 54.60, 252, 68.48, 4, 7882
17867, 9755, 54.60, 252, 68.48, 4, 7883
17868, 9756, 54.60, 252, 68.48, 4, 7883
17869, 9757, 54.60, 252, 68.48, 4, 7883
17870, 9757, 54.60, 252, 68.48, 4, 7884
17871, 9758, 54.60, 252, 68.48, 4, 7884
17872, 9759, 54.60, 252, 68.48, 4, 7884
17873, 9759, 54.60, 252, 68.48, 4, 7885
17874, 9760, 54.60, 252, 68.48, 4, 7885
17875, 9761, 54.61, 252, 68.48, 4, 7885
17876, 9761, 54.60, 252, 68.48, 4, 7886
17877, 9761, 54.60, 252, 68.48, 4, 7887
17878, 9761, 54.60, 252, 68.48, 4, 7888
17879, 9762, 54.60, 252, 68.48, 4, 7888
17880, 9763, 54.60, 252, 68.48, 4, 7888
17881, 9763, 54.60, 252, 68.48, 4, 7889
17882, 9763, 54.60, 252, 68.48, 4, 7890
17883, 9763, 54.59, 252, 68.48, 4, 7891
17884, 9763, 54.59, 252, 68.48, 4, 7892
17885, 9763, 54.59, 252, 68.48, 4, 7893
17886, 9764, 54.59, 252, 68.48, 4, 7893
17887, 9765, 54.59, 252, 68.48, 4, 7893
17888, 9765, 54.59, 252, 68.48, 4, 7894
17889, 9766, 54.59, 252, 68.48, 4, 7894
17890, 9766, 54.59, 252, 68.48, 4, 7895
17891, 9766, 54.59, 252, 68.48, 4, 7896
17892, 9767, 54.59, 252, 68.48, 4, 7896
17893, 9767, 54.59, 252, 68.48, 4, 7897
17894, 9767, 54.58, 252, 68.48, 4, 7898
17895, 9768, 54.59, 252, 68.48, 4, 7898
17896, 9768, 54.58, 252, 68.48, 4, 7899
17897, 9768, 54.58, 252, 68.48, 4, 7900
17898, 9769, 54.58, 252, 68.48, 4, 7900
17899, 9770, 54.58, 252, 68.48, 4, 7900
17900, 9770, 54.58, 252, 68.48, 4, 7901
17901, 9770, 54.58, 252, 68.48, 4, 7902
17902, 9770, 54.57, 252, 68.48, 4, 7903
17903, 9770, 54.57, 252, 68.48, 4, 7904
17904, 9771, 54.57, 252, 68.48, 4, 7904
17905, 9772, 54.58, 252, 68.48, 4, 7904
17906, 9773, 54.58, 252, 68.48, 4, 7904
17907, 9774, 54.58, 252, 68.48, 4, 7904
17908, 9775, 54.58, 252, 68.48, 4, 7904
17909, 9775, 54.58, 252, 68.48, 4, 7905
17910, 9775, 54.58, 252, 68.48, 4, 7906
17911, 9775, 54.58, 252, 68.48, 4, 7907
17912, 9776, 54.58, 252, 68.48, 4, 7907
17913, 9777, 54.58, 252, 68.48, 4, 7907
17914, 9777, 54.58, 252, 68.48, 4, 7908
17915, 9778, 54.58, 252, 68.48, 4, 7908
17916, 9779, 54.58, 252, 68.48, 4, 7908
17917, 9779, 54.58, 252, 68.48, 4, 7909
17918, 9779, 54.58, 252, 68.48, 4, 7910
17919, 9779, 54.57, 252, 68.48, 4, 7911
17920, 9780, 54.58, 252, 68.48, 4, 7911
17921, 9781, 54.58, 252, 68.48, 4, 7911
17922, 9782, 54.58, 252, 68.48, 4, 7911
17923, 9782, 54.58, 252, 68.48, 4, 7912
17924, 9782, 54.57, 252, 68.48, 4, 7913
17925, 9783, 54.58, 252, 68.48, 4, 7913
17926, 9784, 54.58, 252, 68.48, 4, 7913
17927, 9784, 54.58, 252, 68.48, 4, 7914
17928, 9784, 54.57, 252, 68.48, 4, 7915
17929, 9784, 54.57, 252, 68.48, 4, 7916
17930, 9785, 54.57, 252, 68.48, 4, 7916
17931, 9785, 54.57, 252, 68.48, 4, 7917
17932, 9786, 54.57, 252, 68.48, 4, 7917
17933, 9786, 54.57, 252, 68.48, 4, 7918
17934, 9787, 54.57, 252, 68.48, 4, 7918
17935, 9788, 54.57, 252, 68.48, 4, 7918
17936, 9789, 54.58, 252, 68.48, 4, 7918
17937, 9790, 54.58, 252, 68.48, 4, 7918
17938, 9790, 54.58, 252, 68.48, 4, 7919
17939, 9790, 54.57, 252, 68.48, 4, 7920
17940, 9790, 54.57, 252, 68.48, 4, 7921
17941, 9790, 54.57, 252, 68.48, 4, 7921
17942, 9791, 54.57, 252, 68.48, 4, 7921
17943, 9792, 54.57, 252, 68.48, 4, 7921
17944, 9792, 54.57, 252, 68.48, 4, 7921
17945, 9792, 54.57, 252, 68.48, 4, 7922
17946, 9793, 54.57, 252, 68.48, 4, 7922
17947, 9793, 54.57, 252, 68.48, 4, 7923
17948, 9794, 54.57, 252, 68.48, 4, 7923
17949, 9795, 54.57, 252, 68.48, 4, 7923
17950, 9796, 54.57, 252, 68.48, 4, 7923
17951, 9797, 54.58, 252, 68.48, 4, 7923
17952, 9798, 54.58, 252, 68.48, 4, 7923
17953, 9798, 54.58, 252, 68.48, 4, 7924
17954, 9799, 54.58, 252, 68.48, 4, 7924
17955, 9800, 54.58, 252, 68.48, 4, 7924
17956, 9801, 54.58, 252, 68.48, 4, 7924
17957, 9802, 54.59, 252, 68.48, 4, 7924
17958, 9803, 54.59, 252, 68.48, 4, 7924
17959, 9804, 54.59, 252, 68.48, 4, 7924
17960, 9805, 54.59, 252, 68.48, 4, 7924
17961, 9806, 54.60, 252, 68.48, 4, 7924
17962, 9807, 54.60, 252, 68.48, 4, 7924
17963, 9808, 54.60, 252, 68.48, 4, 7924
17964, 9808, 54.60, 252, 68.48, 4, 7925
17965, 9809, 54.60, 252, 68.48, 4, 7925
17966, 9809, 54.60, 252, 68.48, 4, 7926
17967, 9810, 54.60, 252, 68.48, 4, 7926
17968, 9810, 54.60, 252, 68.48, 4, 7927
17969, 9810, 54.59, 252, 68.48, 4, 7928
17970, 9811, 54.60, 252, 68.48, 4, 7928
17971, 9811, 54.59, 252, 68.48, 4, 7929
17972, 9812, 54.60, 252, 68.48, 4, 7929
17973, 9812, 54.59, 252, 68.48, 4, 7930
17974, 9813, 54.60, 252, 68.48, 4, 7930
17975, 9814, 54.60, 252, 68.48, 4, 7930
17976, 9815, 54.60, 252, 68.48, 4, 7930
17977, 9816, 54.60, 252, 68.48, 4, 7930
17978, 9816, 54.60, 252, 68.48, 4, 7931
17979, 9816, 54.60, 252, 68.48, 4, 7932
17980, 9817, 54.60, 252, 68.48, 4, 7932
17981, 9818, 54.60, 252, 68.48, 4, 7932
17982, 9818, 54.60, 252, 68.48, 4, 7933
17983, 9819, 54.60, 252, 68.48, 4, 7933
17984, 9819, 54.60, 252, 68.48, 4, 7934
17985, 9820, 54.60, 252, 68.48, 4, 7934
17986, 9820, 54.60, 252, 68.48, 4, 7935
17987, 9821, 54.60, 252, 68.48, 4, 7935
17988, 9822, 54.60, 252, 68.48, 4, 7935
17989, 9822, 54.60, 252, 68.48, 4, 7936
17990, 9822, 54.60, 252, 68.48, 4, 7937
17991, 9823, 54.60, 252, 68.48, 4, 7937
17992, 9823, 54.60, 252, 68.48, 4, 7938
17993, 9824, 54.60, 252, 68.48, 4, 7938
17994, 9824, 54.60, 252, 68.48, 4, 7939
17995, 9825, 54.60, 252, 68.48, 4, 7939
17996, 9825, 54.60, 252, 68.48, 4, 7940
17997, 9826, 54.60, 252, 68.48, 4, 7940
17998, 9826, 54.59, 252, 68.48, 4, 7941
17999, 9826, 54.59, 252, 68.48, 4, 7942
18000, 9827, 54.59, 252, 68.48, 4, 7942
18001, 9827, 54.59, 252, 68.48, 4, 7943
18002, 9828, 54.59, 252, 68.48, 4, 7943
18003, 9828, 54.59, 252, 68.48, 4, 7944
18004, 9828, 54.59, 252, 68.48, 4, 7945
18005, 9828, 54.58, 252, 68.48, 4, 7946
18006, 9828, 54.58, 252, 68.48, 4, 7947
18007, 9829, 54.58, 252, 68.48, 4, 7947
18008, 9830, 54.59, 252, 68.48, 4, 7947
18009, 9830, 54.58, 252, 68.48, 4, 7948
18010, 9831, 54.59, 252, 68.48, 4, 7948
18011, 9832, 54.59, 252, 68.48, 4, 7948
18012, 9833, 54.59, 252, 68.48, 4, 7948
18013, 9834, 54.59, 252, 68.48, 4, 7948
18014, 9835, 54.60, 252, 68.48, 4, 7948
18015, 9835, 54.59, 252, 68.48, 4, 7949
18016, 9835, 54.59, 252, 68.48, 4, 7950
18017, 9836, 54.59, 252, 68.48, 4, 7950
18018, 9837, 54.60, 252, 68.48, 4, 7950
18019, 9838, 54.60, 252, 68.48, 4, 7950
18020, 9838, 54.59, 252, 68.48, 4, 7951
18021, 9838, 54.59, 252, 68.48, 4, 7952
18022, 9839, 54.59, 252, 68.48, 4, 7952
18023, 9839, 54.59, 252, 68.48, 4, 7953
18024, 9839, 54.59, 252, 68.48, 4, 7954
18025, 9839, 54.59, 252, 68.48, 4, 7955
18026, 9839, 54.58, 252, 68.48, 4, 7956
18027, 9839, 54.58, 252, 68.48, 4, 7957
18028, 9839, 54.58, 252, 68.48, 4, 7958
18029, 9840, 54.58, 252, 68.48, 4, 7958
18030, 9841, 54.58, 252, 68.48, 4, 7958
18031, 9842, 54.58, 252, 68.48, 4, 7958
18032, 9843, 54.59, 252, 68.48, 4, 7958
18033, 9844, 54.59, 252, 68.48, 4, 7958
18034, 9844, 54.59, 252, 68.48, 4, 7959
18035, 9844, 54.58, 252, 68.48, 4, 7960
18036, 9844, 54.58, 252, 68.48, 4, 7961
18037, 9845, 54.58, 252, 68.48, 4, 7961
18038, 9846, 54.58, 252, 68.48, 4, 7961
18039, 9846, 54.58, 252, 68.48, 4, 7962
18040, 9846, 54.58, 252, 68.48, 4, 7963
18041, 9847, 54.58, 252, 68.48, 4, 7963
18042, 9848, 54.58, 252, 68.48, 4, 7963
18043, 9848, 54.58, 252, 68.48, 4, 7964
18044, 9848, 54.58, 252, 68.48, 4, 7965
18045, 9848, 54.57, 252, 68.48, 4, 7966
18046, 9848, 54.57, 252, 68.48, 4, 7967
18047, 9849, 54.57, 252, 68.48, 4, 7967
18048, 9850, 54.58, 252, 68.48, 4, 7967
18049, 9850, 54.57, 252, 68.48, 4, 7968
18050, 9850, 54.57, 252, 68.48, 4, 7969
18051, 9850, 54.57, 252, 68.48, 4, 7970
18052, 9851, 54.57, 252, 68.48, 4, 7970
18053, 9851, 54.57, 252, 68.48, 4, 7971
18054, 9852, 54.57, 252, 68.48, 4, 7971
18055, 9853, 54.57, 252, 68.48, 4, 7971
18056, 9854, 54.57, 252, 68.48, 4, 7971
18057, 9854, 54.57, 252, 68.48, 4, 7972
18058, 9855, 54.57, 252, 68.48, 4, 7972
18059, 9856, 54.58, 252, 68.48, 4, 7972
18060, 9857, 54.58, 252, 68.48, 4, 7972
18061, 9858, 54.58, 252, 68.48, 4, 7972
18062, 9859, 54.58, 252, 68.48, 4, 7972
18063, 9859, 54.58, 252, 68.48, 4, 7973
18064, 9860, 54.58, 252, 68.48, 4, 7973
18065, 9861, 54.59, 252, 68.48, 4, 7973
18066, 9862, 54.59, 252, 68.48, 4, 7973
18067, 9862, 54.59, 252, 68.48, 4, 7974
18068, 9862, 54.58, 252, 68.48, 4, 7975
18069, 9863, 54.59, 252, 68.48, 4, 7975
18070, 9863, 54.58, 252, 68.48, 4, 7976
18071, 9864, 54.58, 252, 68.48, 4, 7976
18072, 9865, 54.59, 252, 68.48, 4, 7976
18073, 9866, 54.59, 252, 68.48, 4, 7976
18074, 9867, 54.59, 252, 68.48, 4, 7976
18075, 9868, 54.59, 252, 68.48, 4, 7976
18076, 9869, 54.60, 252, 68.48, 4, 7976
18077, 9870, 54.60, 252, 68.48, 4, 7976
18078, 9871, 54.60, 252, 68.48, 4, 7976
18079, 9872, 54.60, 252, 68.48, 4, 7976
18080, 9873, 54.61, 252, 68.48, 4, 7976
18081, 9874, 54.61, 252, 68.48, 4, 7976
18082, 9874, 54.61, 252, 68.48, 4, 7977
18083, 9874, 54.60, 252, 68.48, 4, 7978
18084, 9874, 54.60, 252, 68.48, 4, 7979
18085, 9874, 54.60, 252, 68.48, 4, 7980
18086, 9874, 54.59, 252, 68.48, 4, 7981
18087, 9875, 54.60, 252, 68.48, 4, 7981
18088, 9876, 54.60, 252, 68.48, 4, 7981
18089, 9877, 54.60, 252, 68.48, 4, 7981
18090, 9877, 54.60, 252, 68.48, 4, 7982
18091, 9877, 54.60, 252, 68.48, 4, 7983
18092, 9877, 54.59, 252, 68.48, 4, 7984
18093, 9877, 54.59, 252, 68.48, 4, 7985
18094, 9877, 54.59, 252, 68.48, 4, 7986
18095, 9878, 54.59, 252, 68.48, 4, 7986
18096, 9878, 54.59, 252, 68.48, 4, 7987
18097, 9879, 54.59, 252, 68.48, 4, 7987
18098, 9879, 54.59, 252, 68.48, 4, 7988
18099, 9879, 54.58, 252, 68.48, 4, 7989
18100, 9879, 54.58, 252, 68.48, 4, 7990
18101, 9880, 54.58, 252, 68.48, 4, 7990
18102, 9881, 54.59, 252, 68.48, 4, 7990
18103, 9882, 54.59, 252, 68.48, 4, 7990
18104, 9883, 54.59, 252, 68.48, 4, 7990
18105, 9883, 54.59, 252, 68.48, 4, 7991
18106, 9883, 54.58, 252, 68.48, 4, 7992
18107, 9884, 54.59, 252, 68.48, 4, 7992
18108, 9884, 54.58, 252, 68.48, 4, 7993
18109, 9885, 54.59, 252, 68.48, 4, 7993
18110, 9886, 54.59, 252, 68.48, 4, 7993
18111, 9887, 54.59, 252, 68.48, 4, 7993
18112, 9888, 54.59, 252, 68.48, 4, 7993
18113, 9889, 54.60, 252, 68.48, 4, 7993
18114, 9890, 54.60, 252, 68.48, 4, 7993
18115, 9890, 54.60, 252, 68.48, 4, 7994
18116, 9890, 54.59, 252, 68.48, 4, 7995
18117, 9891, 54.60, 252, 68.48, 4, 7995
18118, 9892, 54.60, 252, 68.48, 4, 7995
18119, 9893, 54.60, 252, 68.48, 4, 7995
18120, 9894, 54.60, 252, 68.48, 4, 7995
18121, 9895, 54.61, 252, 68.48, 4, 7995
18122, 9895, 54.60, 252, 68.48, 4, 7996
18123, 9895, 54.60, 252, 68.48, 4, 7997
18124, 9896, 54.60, 252, 68.48, 4, 7997
18125, 9896, 54.60, 252, 68.48, 4, 7998
18126, 9897, 54.60, 252, 68.48, 4, 7998
18127, 9897, 54.60, 252, 68.48, 4, 7999
18128, 9898, 54.60, 252, 68.48, 4, 7999
18129, 9899, 54.60, 252, 68.48, 4, 7999
18130, 9900, 54.61, 252, 68.48, 4, 7999
18131, 9901, 54.61, 252, 68.48, 4, 7999
18132, 9901, 54.61, 252, 68.48, 4, 8000
18133, 9902, 54.61, 252, 68.48, 4, 8000
18134, 9903, 54.61, 252, 68.48, 4, 8000
18135, 9904, 54.61, 252, 68.48, 4, 8000
18136, 9905, 54.62, 252, 68.48, 4, 8000
18137, 9905, 54.61, 252, 68.48, 4, 8001
18138, 9905, 54.61, 252, 68.48, 4, 8002
18139, 9905, 54.61, 252, 68.48, 4, 8003
18140, 9906, 54.61, 252, 68.48, 4, 8003
18141, 9907, 54.61, 252, 68.48, 4, 8003
18142, 9907, 54.61, 252, 68.48, 4, 8004
18143, 9908, 54.61, 252, 68.48, 4, 8004
18144, 9909, 54.61, 252, 68.48, 4, 8004
18145, 9909, 54.61, 252, 68.48, 4, 8005
18146, 9909, 54.61, 252, 68.48, 4, 8006
18147, 9910, 54.61, 252, 68.48, 4, 8006
18148, 9911, 54.61, 252, 68.48, 4, 8006
18149, 9911, 54.61, 252, 68.48, 4, 8007
18150, 9912, 54.61, 252, 68.48, 4, 8007
18151, 9912, 54.61, 252, 68.48, 4, 8008
18152, 9913, 54.61, 252, 68.48, 4, 8008
18153, 9914, 54.61, 252, 68.48, 4, 8008
18154, 9914, 54.61, 252, 68.48, 4, 8009
18155, 9914, 54.61, 252, 68.48, 4, 8010
18156, 9915, 54.61, 252, 68.48, 4, 8010
18157, 9915, 54.61, 252, 68.48, 4, 8011
18158, 9916, 54.61, 252, 68.48, 4, 8011
18159, 9917, 54.61, 252, 68.48, 4, 8011
18160, 9918, 54.61, 252, 68.48, 4, 8011
18161, 9919, 54.62, 252, 68.48, 4, 8011
18162, 9920, 54.62, 252, 68.48, 4, 8011
18163, 9920, 54.62, 252, 68.48, 4, 8012
18164, 9920, 54.61, 252, 68.48, 4, 8013
18165, 9920, 54.61, 252, 68.48, 4, 8014
18166, 9920, 54.61, 252, 68.48, 4, 8015
18167, 9920, 54.60, 252, 68.48, 4, 8016
18168, 9920, 54.60, 252, 68.48, 4, 8017
18169, 9920, 54.60, 252, 68.48, 4, 8018
18170, 9921, 54.60, 252, 68.48, 4, 8018
18171, 9921, 54.60, 252, 68.48, 4, 8019
18172, 9921, 54.59, 252, 68.48, 4, 8020
18173, 9922, 54.60, 252, 68.48, 4, 8020
18174, 9922, 54.59, 252, 68.48, 4, 8021
18175, 9922, 54.59, 252, 68.48, 4, 8022
18176, 9922, 54.59, 252, 68.48, 4, 8023
18177, 9923, 54.59, 252, 68.48, 4, 8023
18178, 9924, 54.59, 252, 68.48, 4, 8023
18179, 9925, 54.60, 252, 68.48, 4, 8023
18180, 9926, 54.60, 252, 68.48, 4, 8023
18181, 9926, 54.60, 252, 68.48, 4, 8024
18182, 9926, 54.59, 252, 68.48, 4, 8025
18183, 9927, 54.59, 252, 68.48, 4, 8025
18184, 9928, 54.60, 252, 68.48, 4, 8025
18185, 9928, 54.59, 252, 68.48, 4, 8026
18186, 9928, 54.59, 252, 68.48, 4, 8027
18187, 9929, 54.59, 252, 68.48, 4, 8027
18188, 9929, 54.59, 252, 68.48, 4, 8028
18189, 9930, 54.59, 252, 68.48, 4, 8028
18190, 9930, 54.59, 252, 68.48, 4, 8029
18191, 9931, 54.59, 252, 68.48, 4, 8029
18192, 9931, 54.59, 252, 68.48, 4, 8030
18193, 9932, 54.59, 252, 68.48, 4, 8030
18194, 9932, 54.59, 252, 68.48, 4, 8031
18195, 9932, 54.59, 252, 68.48, 4, 8032
18196, 9933, 54.59, 252, 68.48, 4, 8032
18197, 9934, 54.59, 252, 68.48, 4, 8032
18198, 9935, 54.59, 252, 68.48, 4, 8032
18199, 9936, 54.60, 252, 68.48, 4, 8032
18200, 9937, 54.60, 252, 68.48, 4, 8032
18201, 9937, 54.60, 252, 68.48, 4, 8033
18202, 9938, 54.60, 252, 68.48, 4, 8033
18203, 9939, 54.60, 252, 68.48, 4, 8033
18204, 9940, 54.60, 252, 68.48, 4, 8033
18205, 9941, 54.61, 252, 68.48, 4, 8033
18206, 9941, 54.60, 252, 68.48, 4, 8034
18207, 9942, 54.61, 252, 68.48, 4, 8034
18208, 9942, 54.60, 252, 68.48, 4, 8035
18209, 9943, 54.60, 252, 68.48, 4, 8035
18210, 9943, 54.60, 252, 68.48, 4, 8036
18211, 9944, 54.60, 252, 68.48, 4, 8036
18212, 9945, 54.61, 252, 68.48, 4, 8036
18213, 9946, 54.61, 252, 68.48, 4, 8036
18214, 9947, 54.61, 252, 68.48, 4, 8036
18215, 9948, 54.61, 252, 68.48, 4, 8036
18216, 9948, 54.61, 252, 68.48, 4, 8037
18217, 9948, 54.61, 252, 68.48, 4, 8038
18218, 9948, 54.61, 252, 68.48, 4, 8039
18219, 9949, 54.61, 252, 68.48, 4, 8039
18220, 9949, 54.60, 252, 68.48, 4, 8040
18221, 9950, 54.61, 252, 68.48, 4, 8040
18222, 9951, 54.61, 252, 68.48, 4, 8040
18223, 9951, 54.61, 252, 68.48, 4, 8041
18224, 9951, 54.60, 252, 68.48, 4, 8042
18225, 9951, 54.60, 252, 68.48, 4, 8043
18226, 9951, 54.60, 252, 68.48, 4, 8044
18227, 9951, 54.59, 252, 68.48, 4, 8045
18228, 9951, 54.59, 252, 68.48, 4, 8046
18229, 9952, 54.59, 252, 68.48, 4, 8046
18230, 9952, 54.59, 252, 68.48, 4, 8047
18231, 9953, 54.59, 252, 68.48, 4, 8047
18232, 9954, 54.60, 252, 68.48, 4, 8047
18233, 9955, 54.60, 252, 68.48, 4, 8047
18234, 9955, 54.60, 252, 68.48, 4, 8048
18235, 9956, 54.60, 252, 68.48, 4, 8048
18236, 9956, 54.60, 252, 68.48, 4, 8049
18237, 9957, 54.60, 252, 68.48, 4, 8049
18238, 9957, 54.59, 252, 68.48, 4, 8050
18239, 9957, 54.59, 252, 68.48, 4, 8051
18240, 9958, 54.59, 252, 68.48, 4, 8051
18241, 9959, 54.60, 252, 68.48, 4, 8051
18242, 9960, 54.60, 252, 68.48, 4, 8051
18243, 9961, 54.60, 252, 68.48, 4, 8051
18244, 9962, 54.60, 252, 68.48, 4, 8051
18245, 9962, 54.60, 252, 68.48, 4, 8052
18246, 9963, 54.60, 252, 68.48, 4, 8052
18247, 9963, 54.60, 252, 68.48, 4, 8053
18248, 9964, 54.60, 252, 68.48, 4, 8053
18249, 9964, 54.60, 252, 68.48, 4, 8054
18250, 9964, 54.60, 252, 68.48, 4, 8055
18251, 9965, 54.60, 252, 68.48, 4, 8055
18252, 9965, 54.60, 252, 68.48, 4, 8056
18253, 9966, 54.60, 252, 68.48, 4, 8056
18254, 9966, 54.60, 252, 68.48, 4, 8057
18255, 9967, 54.60, 252, 68.48, 4, 8057
18256, 9967, 54.60, 252, 68.48, 4, 8058
18257, 9968, 54.60, 252, 68.48, 4, 8058
18258, 9968, 54.60, 252, 68.48, 4, 8059
18259, 9968, 54.59, 252, 68.48, 4, 8060
18260, 9968, 54.59, 252, 68.48, 4, 8061
18261, 9969, 54.59, 252, 68.48, 4, 8061
18262, 9969, 54.59, 252, 68.48, 4, 8062
18263, 9970, 54.59, 252, 68.48, 4, 8062
18264, 9970, 54.59, 252, 68.48, 4, 8063
18265, 9971, 54.59, 252, 68.48, 4, 8063
18266, 9972, 54.59, 252, 68.48, 4, 8063
18267, 9973, 54.60, 252, 68.48, 4, 8063
18268, 9973, 54.59, 252, 68.48, 4, 8064
18269, 9974, 54.60, 252, 68.48, 4, 8064
18270, 9975, 54.60, 252, 68.48, 4, 8064
18271, 9976, 54.60, 252, 68.48, 4, 8064
18272, 9977, 54.60, 252, 68.48, 4, 8064
18273, 9978, 54.61, 252, 68.48, 4, 8064
18274, 9978, 54.60, 252, 68.48, 4, 8064
18275, 9978, 54.60, 252, 68.48, 4, 8064
18276, 9978, 54.60, 252, 68.48, 4, 8065
18277, 9978, 54.59, 252, 68.48, 4, 8066
18278, 9978, 54.59, 252, 68.48, 4, 8067
18279, 9979, 54.59, 252, 68.48, 4, 8067
18280, 9980, 54.60, 252, 68.48, 4, 8067
18281, 9980, 54.59, 252, 68.48, 4, 8068
18282, 9980, 54.59, 252, 68.48, 4, 8069
18283, 9980, 54.59, 252, 68.48, 4, 8070
18284, 9980, 54.58, 252, 68.48, 4, 8071
18285, 9981, 54.59, 252, 68.48, 4, 8071
18286, 9982, 54.59, 252, 68.48, 4, 8071
18287, 9982, 54.59, 252, 68.48, 4, 8072
18288, 9982, 54.58, 252, 68.48, 4, 8073
18289, 9982, 54.58, 252, 68.48, 4, 8074
18290, 9983, 54.58, 252, 68.48, 4, 8074
18291, 9984, 54.58, 252, 68.48, 4, 8074
18292, 9984, 54.58, 252, 68.48, 4, 8075
18293, 9984, 54.58, 252, 68.48, 4, 8076
18294, 9984, 54.58, 252, 68.48, 4, 8077
18295, 9985, 54.58, 252, 68.48, 4, 8077
18296, 9986, 54.58, 252, 68.48, 4, 8077
18297, 9987, 54.58, 252, 68.48, 4, 8077
18298, 9988, 54.59, 252, 68.48, 4, 8077
18299, 9989, 54.59, 252, 68.48, 4, 8077
18300, 9990, 54.59, 252, 68.48, 4, 8077
18301, 9991, 54.59, 252, 68.48, 4, 8077
18302, 9992, 54.60, 252, 68.48, 4, 8077
18303, 9992, 54.59, 252, 68.48, 4, 8078
18304, 9992, 54.59, 252, 68.48, 4, 8079
18305, 9992, 54.59, 252, 68.48, 4, 8080
18306, 9993, 54.59, 252, 68.48, 4, 8080
18307, 9993, 54.59, 252, 68.48, 4, 8081
18308, 9993, 54.58, 252, 68.48, 4, 8082
18309, 9993, 54.58, 252, 68.48, 4, 8083
18310, 9993, 54.58, 252, 68.48, 4, 8084
18311, 9994, 54.58, 252, 68.48, 4, 8084
18312, 9994, 54.58, 252, 68.48, 4, 8085
18313, 9994, 54.57, 252, 68.48, 4, 8086
18314, 9995, 54.58, 252, 68.48, 4, 8086
18315, 9995, 54.57, 252, 68.48, 4, 8087
18316, 9995, 54.57, 252, 68.48, 4, 8088
18317, 9996, 54.57, 252, 68.48, 4, 8088
18318, 9997, 54.57, 252, 68.48, 4, 8088
18319, 9997, 54.57, 252, 68.48, 4, 8089
18320, 9997, 54.57, 252, 68.48, 4, 8090
18321, 9998, 54.57, 252, 68.48, 4, 8090
18322, 9999, 54.57, 252, 68.48, 4, 8090
18323, 10000, 54.58, 252, 68.48, 4, 8090
18324, 10000, 54.57, 252, 68.48, 4, 8091
18325, 10001, 54.58, 252, 68.48, 4, 8091
18326, 10002, 54.58, 252, 68.48, 4, 8091
18327, 10003, 54.58, 252, 68.48, 4, 8091
18328, 10004, 54.58, 252, 68.48, 4, 8091
18329, 10005, 54.59, 252, 68.48, 4, 8091
18330, 10006, 54.59, 252, 68.48, 4, 8091
18331, 10006, 54.59, 252, 68.48, 4, 8092
18332, 10006, 54.58, 252, 68.48, 4, 8093
18333, 10006, 54.58, 252, 68.48, 4, 8094
18334, 10007, 54.58, 252, 68.48, 4, 8094
18335, 10007, 54.58, 252, 68.48, 4, 8095
18336, 10007, 54.58, 252, 68.48, 4, 8096
18337, 10007, 54.57, 252, 68.48, 4, 8097
18338, 10008, 54.58, 252, 68.48, 4, 8097
18339, 10009, 54.58, 252, 68.48, 4, 8097
18340, 10009, 54.57, 252, 68.48, 4, 8098
18341, 10009, 54.57, 252, 68.48, 4, 8099
18342, 10009, 54.57, 252, 68.48, 4, 8100
18343, 10010, 54.57, 252, 68.48, 4, 8100
18344, 10011, 54.57, 252, 68.48, 4, 8100
18345, 10011, 54.57, 252, 68.48, 4, 8101
18346, 10012, 54.57, 252, 68.48, 4, 8101
18347, 10012, 54.57, 252, 68.48, 4, 8102
18348, 10012, 54.57, 252, 68.48, 4, 8103
18349, 10013, 54.57, 252, 68.48, 4, 8103
18350, 10013, 54.57, 252, 68.48, 4, 8104
18351, 10014, 54.57, 252, 68.48, 4, 8104
18352, 10015, 54.57, 252, 68.48, 4, 8104
18353, 10016, 54.57, 252, 68.48, 4, 8104
18354, 10017, 54.58, 252, 68.48, 4, 8104
18355, 10017, 54.57, 252, 68.48, 4, 8105
18356, 10018, 54.58, 252, 68.48, 4, 8105
18357, 10018, 54.57, 252, 68.48, 4, 8106
18358, 10019, 54.58, 252, 68.48, 4, 8106
18359, 10020, 54.58, 252, 68.48, 4, 8106
18360, 10020, 54.58, 252, 68.48, 4, 8107
18361, 10020, 54.57, 252, 68.48, 4, 8108
18362, 10020, 54.57, 252, 68.48, 4, 8109
18363, 10021, 54.57, 252, 68.48, 4, 8109
18364, 10022, 54.57, 252, 68.48, 4, 8109
18365, 10022, 54.57, 252, 68.48, 4, 8110
18366, 10023, 54.57, 252, 68.48, 4, 8110
18367, 10023, 54.57, 252, 68.48, 4, 8111
18368, 10023, 54.57, 252, 68.48, 4, 8112
18369, 10024, 54.57, 252, 68.48, 4, 8112
18370, 10025, 54.57, 252, 68.48, 4, 8112
18371, 10025, 54.57, 252, 68.48, 4, 8113
18372, 10026, 54.57, 252, 68.48, 4, 8113
18373, 10027, 54.57, 252, 68.48, 4, 8113
18374, 10028, 54.58, 252, 68.48, 4, 8113
18375, 10029, 54.58, 252, 68.48, 4, 8113
18376, 10030, 54.58, 252, 68.48, 4, 8113
18377, 10030, 54.58, 252, 68.48, 4, 8114
18378, 10031, 54.58, 252, 68.48, 4, 8114
18379, 10031, 54.58, 252, 68.48, 4, 8115
18380, 10032, 54.58, 252, 68.48, 4, 8115
18381, 10033, 54.58, 252, 68.48, 4, 8115
18382, 10034, 54.59, 252, 68.48, 4, 8115
18383, 10035, 54.59, 252, 68.48, 4, 8115
18384, 10035, 54.59, 252, 68.48, 4, 8116
18385, 10035, 54.58, 252, 68.48, 4, 8117
18386, 10036, 54.59, 252, 68.48, 4, 8117
18387, 10037, 54.59, 252, 68.48, 4, 8117
18388, 10038, 54.59, 252, 68.48, 4, 8117
18389, 10039, 54.59, 252, 68.48, 4, 8117
18390, 10040, 54.59, 252, 68.48, 4, 8117
18391, 10040, 54.59, 252, 68.48, 4, 8118
18392, 10040, 54.59, 252, 68.48, 4, 8119
18393, 10040, 54.59, 252, 68.48, 4, 8120
18394, 10040, 54.58, 252, 68.48, 4, 8121
18395, 10040, 54.58, 252, 68.48, 4, 8122
18396, 10041, 54.58, 252, 68.48, 4, 8122
18397, 10041, 54.58, 252, 68.48, 4, 8123
18398, 10042, 54.58, 252, 68.48, 4, 8123
18399, 10042, 54.58, 252, 68.48, 4, 8124
18400, 10043, 54.58, 252, 68.48, 4, 8124
18401, 10044, 54.58, 252, 68.48, 4, 8124
18402, 10045, 54.59, 252, 68.48, 4, 8124
18403, 10046, 54.59, 252, 68.48, 4, 8124
18404, 10046, 54.59, 252, 68.48, 4, 8125
18405, 10046, 54.58, 252, 68.48, 4, 8126
18406, 10046, 54.58, 252, 68.48, 4, 8126
18407, 10046, 54.58, 252, 68.48, 4, 8127
18408, 10047, 54.58, 252, 68.48, 4, 8127
18409, 10047, 54.58, 252, 68.48, 4, 8128
18410, 10048, 54.58, 252, 68.48, 4, 8128
18411, 10048, 54.58, 252, 68.48, 4, 8129
18412, 10049, 54.58, 252, 68.48, 4, 8129
18413, 10049, 54.58, 252, 68.48, 4, 8130
18414, 10050, 54.58, 252, 68.48, 4, 8130
18415, 10050, 54.58, 252, 68.48, 4, 8131
18416, 10051, 54.58, 252, 68.48, 4, 8131
18417, 10051, 54.57, 252, 68.48, 4, 8132
18418, 10052, 54.58, 252, 68.48, 4, 8132
18419, 10052, 54.57, 252, 68.48, 4, 8133
18420, 10053, 54.58, 252, 68.48, 4, 8133
18421, 10053, 54.57, 252, 68.48, 4, 8134
18422, 10054, 54.58, 252, 68.48, 4, 8134
18423, 10054, 54.57, 252, 68.48, 4, 8135
18424, 10055, 54.58, 252, 68.48, 4, 8135
18425, 10056, 54.58, 252, 68.48, 4, 8135
18426, 10056, 54.58, 252, 68.48, 4, 8136
18427, 10057, 54.58, 252, 68.48, 4, 8136
18428, 10058, 54.58, 252, 68.48, 4, 8136
18429, 10058, 54.58, 252, 68.48, 4, 8137
18430, 10059, 54.58, 252, 68.48, 4, 8137
18431, 10060, 54.58, 252, 68.48, 4, 8137
18432, 10060, 54.58, 252, 68.48, 4, 8138
18433, 10060, 54.58, 252, 68.48, 4, 8139
18434, 10060, 54.57, 252, 68.48, 4, 8140
18435, 10060, 54.57, 252, 68.48, 4, 8141
18436, 10060, 54.57, 252, 68.48, 4, 8142
18437, 10061, 54.57, 252, 68.48, 4, 8142
18438, 10062, 54.57, 252, 68.48, 4, 8142
18439, 10063, 54.57, 252, 68.48, 4, 8142
18440, 10063, 54.57, 252, 68.48, 4, 8143
18441, 10064, 54.57, 252, 68.48, 4, 8143
18442, 10064, 54.57, 252, 68.48, 4, 8144
18443, 10065, 54.57, 252, 68.48, 4, 8144
18444, 10066, 54.58, 252, 68.48, 4, 8144
18445, 10066, 54.57, 252, 68.48, 4, 8145
18446, 10066, 54.57, 252, 68.48, 4, 8146
18447, 10067, 54.57, 252, 68.48, 4, 8146
18448, 10068, 54.58, 252, 68.48, 4, 8146
18449, 10068, 54.57, 252, 68.48, 4, 8147
18450, 10069, 54.57, 252, 68.48, 4, 8147
18451, 10070, 54.58, 252, 68.48, 4, 8147
18452, 10070, 54.57, 252, 68.48, 4, 8148
18453, 10070, 54.57, 252, 68.48, 4, 8148
18454, 10070, 54.57, 252, 68.48, 4, 8149
18455, 10071, 54.57, 252, 68.48, 4, 8149
18456, 10072, 54.57, 252, 68.48, 4, 8149
18457, 10072, 54.57, 252, 68.48, 4, 8150
18458, 10073, 54.57, 252, 68.48, 4, 8150
18459, 10074, 54.58, 252, 68.48, 4, 8150
18460, 10075, 54.58, 252, 68.48, 4, 8150
18461, 10076, 54.58, 252, 68.48, 4, 8150
18462, 10076, 54.58, 252, 68.48, 4, 8151
18463, 10076, 54.57, 252, 68.48, 4, 8152
18464, 10076, 54.57, 252, 68.48, 4, 8153
18465, 10077, 54.57, 252, 68.48, 4, 8153
18466, 10078, 54.58, 252, 68.48, 4, 8153
18467, 10078, 54.57, 252, 68.48, 4, 8154
18468, 10078, 54.57, 252, 68.48, 4, 8155
18469, 10079, 54.57, 252, 68.48, 4, 8155
18470, 10080, 54.57, 252, 68.48, 4, 8155
18471, 10080, 54.57, 252, 68.48, 4, 8156
18472, 10081, 54.57, 252, 68.48, 4, 8156
18473, 10081, 54.57, 252, 68.48, 4, 8157
18474, 10082, 54.57, 252, 68.48, 4, 8157
18475, 10083, 54.58, 252, 68.48, 4, 8157
18476, 10084, 54.58, 252, 68.48, 4, 8157
18477, 10084, 54.58, 252, 68.48, 4, 8158
18478, 10085, 54.58, 252, 68.48, 4, 8158
18479, 10085, 54.58, 252, 68.48, 4, 8159
18480, 10085, 54.57, 252, 68.48, 4, 8160
18481, 10086, 54.57, 252, 68.48, 4, 8160
18482, 10086, 54.57, 252, 68.48, 4, 8161
18483, 10086, 54.57, 252, 68.48, 4, 8161
18484, 10086, 54.57, 252, 68.48, 4, 8162
18485, 10087, 54.57, 252, 68.48, 4, 8162
18486, 10087, 54.57, 252, 68.48, 4, 8163
18487, 10088, 54.57, 252, 68.48, 4, 8163
18488, 10089, 54.57, 252, 68.48, 4, 8163
18489, 10089, 54.57, 252, 68.48, 4, 8164
18490, 10090, 54.57, 252, 68.48, 4, 8164
18491, 10091, 54.57, 252, 68.48, 4, 8164
18492, 10091, 54.57, 252, 68.48, 4, 8165
18493, 10091, 54.57, 252, 68.48, 4, 8166
18494, 10091, 54.56, 252, 68.48, 4, 8167
18495, 10091, 54.56, 252, 68.48, 4, 8168
18496, 10092, 54.56, 252, 68.48, 4, 8168
18497, 10092, 54.56, 252, 68.48, 4, 8169
18498, 10093, 54.56, 252, 68.48, 4, 8169
18499, 10094, 54.57, 252, 68.48, 4, 8169
18500, 10095, 54.57, 252, 68.48, 4, 8169
18501, 10095, 54.56, 252, 68.48, 4, 8170
18502, 10095, 54.56, 252, 68.48, 4, 8171
18503, 10096, 54.56, 252, 68.48, 4, 8171
18504, 10096, 54.56, 252, 68.48, 4, 8172
18505, 10097, 54.56, 252, 68.48, 4, 8172
18506, 10097, 54.56, 252, 68.48, 4, 8173
18507, 10097, 54.56, 252, 68.48, 4, 8174
18508, 10098, 54.56, 252, 68.48, 4, 8174
18509, 10098, 54.56, 252, 68.48, 4, 8175
18510, 10099, 54.56, 252, 68.48, 4, 8175
18511, 10100, 54.56, 252, 68.48, 4, 8175
18512, 10100, 54.56, 252, 68.48, 4, 8176
18513, 10100, 54.56, 252, 68.48, 4, 8177
18514, 10101, 54.56, 252, 68.48, 4, 8177
18515, 10102, 54.56, 252, 68.48, 4, 8177
18516, 10103, 54.56, 252, 68.48, 4, 8177
18517, 10104, 54.57, 252, 68.48, 4, 8177
18518, 10104, 54.56, 252, 68.48, 4, 8178
18519, 10105, 54.57, 252, 68.48, 4, 8178
18520, 10105, 54.56, 252, 68.48, 4, 8179
18521, 10106, 54.57, 252, 68.48, 4, 8179
18522, 10107, 54.57, 252, 68.48, 4, 8179
18523, 10107, 54.56, 252, 68.48, 4, 8180
18524, 10107, 54.56, 252, 68.48, 4, 8181
18525, 10108, 54.56, 252, 68.48, 4, 8181
18526, 10109, 54.57, 252, 68.48, 4, 8181
18527, 10110, 54.57, 252, 68.48, 4, 8181
18528, 10111, 54.57, 252, 68.48, 4, 8181
18529, 10111, 54.57, 252, 68.48, 4, 8182
18530, 10111, 54.57, 252, 68.48, 4, 8183
18531, 10111, 54.56, 252, 68.48, 4, 8184
18532, 10112, 54.57, 252, 68.48, 4, 8184
18533, 10112, 54.56, 252, 68.48, 4, 8185
18534, 10112, 54.56, 252, 68.48, 4, 8186
18535, 10113, 54.56, 252, 68.48, 4, 8186
18536, 10114, 54.56, 252, 68.48, 4, 8186
18537, 10115, 54.57, 252, 68.48, 4, 8186
18538, 10115, 54.56, 252, 68.48, 4, 8187
18539, 10116, 54.57, 252, 68.48, 4, 8187
18540, 10117, 54.57, 252, 68.48, 4, 8187
18541, 10117, 54.57, 252, 68.48, 4, 8188
18542, 10118, 54.57, 252, 68.48, 4, 8188
18543, 10119, 54.57, 252, 68.48, 4, 8188
18544, 10120, 54.57, 252, 68.48, 4, 8188
18545, 10121, 54.58, 252, 68.48, 4, 8188
18546, 10122, 54.58, 252, 68.48, 4, 8188
18547, 10123, 54.58, 252, 68.48, 4, 8188
18548, 10124, 54.58, 252, 68.48, 4, 8188
18549, 10125, 54.59, 252, 68.48, 4, 8188
18550, 10126, 54.59, 252, 68.48, 4, 8188
18551, 10126, 54.58, 252, 68.48, 4, 8189
18552, 10126, 54.58, 252, 68.48, 4, 8190
18553, 10127, 54.58, 252, 68.48, 4, 8190
18554, 10128, 54.59, 252, 68.48, 4, 8190
18555, 10129, 54.59, 252, 68.48, 4, 8190
18556, 10129, 54.59, 252, 68.48, 4, 8191
18557, 10130, 54.59, 252, 68.48, 4, 8191
18558, 10131, 54.59, 252, 68.48, 4, 8191
18559, 10132, 54.59, 252, 68.48, 4, 8191
18560, 10133, 54.60, 252, 68.48, 4, 8191
18561, 10134, 54.60, 252, 68.48, 4, 8191
18562, 10135, 54.60, 252, 68.48, 4, 8191
18563, 10136, 54.60, 252, 68.48, 4, 8191
18564, 10136, 54.60, 252, 68.48, 4, 8192
18565, 10136, 54.60, 252, 68.48, 4, 8193
18566, 10136, 54.59, 252, 68.48, 4, 8194
18567, 10137, 54.60, 252, 68.48, 4, 8194
18568, 10137, 54.59, 252, 68.48, 4, 8195
18569, 10138, 54.60, 252, 68.48, 4, 8195
18570, 10139, 54.60, 252, 68.48, 4, 8195
18571, 10139, 54.60, 252, 68.48, 4, 8196
18572, 10140, 54.60, 252, 68.48, 4, 8196
18573, 10140, 54.60, 252, 68.48, 4, 8197
18574, 10140, 54.59, 252, 68.48, 4, 8198
18575, 10140, 54.59, 252, 68.48, 4, 8199
18576, 10141, 54.59, 252, 68.48, 4, 8199
18577, 10141, 54.59, 252, 68.48, 4, 8200
18578, 10142, 54.59, 252, 68.48, 4, 8200
18579, 10143, 54.59, 252, 68.48, 4, 8200
18580, 10144, 54.60, 252, 68.48, 4, 8200
18581, 10145, 54.60, 252, 68.48, 4, 8200
18582, 10146, 54.60, 252, 68.48, 4, 8200
18583, 10147, 54.60, 252, 68.48, 4, 8200
18584, 10147, 54.60, 252, 68.48, 4, 8201
18585, 10148, 54.60, 252, 68.48, 4, 8201
18586, 10148, 54.60, 252, 68.48, 4, 8202
18587, 10149, 54.60, 252, 68.48, 4, 8202
18588, 10149, 54.60, 252, 68.48, 4, 8203
18589, 10150, 54.60, 252, 68.48, 4, 8203
18590, 10150, 54.60, 252, 68.48, 4, 8204
18591, 10151, 54.60, 252, 68.48, 4, 8204
18592, 10152, 54.60, 252, 68.48, 4, 8204
18593, 10153, 54.61, 252, 68.48, 4, 8204
18594, 10153, 54.60, 252, 68.48, 4, 8205
18595, 10154, 54.61, 252, 68.48, 4, 8205
18596, 10154, 54.60, 252, 68.48, 4, 8206
18597, 10154, 54.60, 252, 68.48, 4, 8207
18598, 10154, 54.60, 252, 68.48, 4, 8208
18599, 10154, 54.59, 252, 68.48, 4, 8209
18600, 10154, 54.59, 252, 68.48, 4, 8210
18601, 10154, 54.59, 252, 68.48, 4, 8211
18602, 10155, 54.59, 252, 68.48, 4, 8211
18603, 10156, 54.59, 252, 68.48, 4, 8211
18604, 10157, 54.60, 252, 68.48, 4, 8211
18605, 10157, 54.59, 252, 68.48, 4, 8212
18606, 10157, 54.59, 252, 68.48, 4, 8213
18607, 10158, 54.59, 252, 68.48, 4, 8213
18608, 10158, 54.59, 252, 68.48, 4, 8214
18609, 10159, 54.59, 252, 68.48, 4, 8214
18610, 10159, 54.59, 252, 68.48, 4, 8215
18611, 10159, 54.59, 252, 68.48, 4, 8216
18612, 10160, 54.59, 252, 68.48, 4, 8216
18613, 10160, 54.59, 252, 68.48, 4, 8217
18614, 10161, 54.59, 252, 68.48, 4, 8217
18615, 10161, 54.59, 252, 68.48, 4, 8218
18616, 10161, 54.58, 252, 68.48, 4, 8219
18617, 10162, 54.58, 252, 68.48, 4, 8219
18618, 10163, 54.59, 252, 68.48, 4, 8219
18619, 10163, 54.58, 252, 68.48, 4, 8220
18620, 10163, 54.58, 252, 68.48, 4, 8220
18621, 10164, 54.58, 252, 68.48, 4, 8220
18622, 10164, 54.58, 252, 68.48, 4, 8220
18623, 10165, 54.58, 252, 68.48, 4, 8220
18624, 10166, 54.59, 252, 68.48, 4, 8220
18625, 10167, 54.59, 252, 68.48, 4, 8220
18626, 10168, 54.59, 252, 68.48, 4, 8220
18627, 10169, 54.59, 252, 68.48, 4, 8220
18628, 10170, 54.60, 252, 68.48, 4, 8220
18629, 10171, 54.60, 252, 68.48, 4, 8220
18630, 10172, 54.60, 252, 68.48, 4, 8220
18631, 10173, 54.60, 252, 68.48, 4, 8220
18632, 10174, 54.60, 252, 68.48, 4, 8220
18633, 10174, 54.60, 252, 68.48, 4, 8221
18634, 10174, 54.60, 252, 68.48, 4, 8222
18635, 10175, 54.60, 252, 68.48, 4, 8222
18636, 10175, 54.60, 252, 68.48, 4, 8223
18637, 10176, 54.60, 252, 68.48, 4, 8223
18638, 10177, 54.60, 252, 68.48, 4, 8223
18639, 10177, 54.60, 252, 68.48, 4, 8224
18640, 10178, 54.60, 252, 68.48, 4, 8224
18641, 10178, 54.60, 252, 68.48, 4, 8225
18642, 10178, 54.60, 252, 68.48, 4, 8226
18643, 10179, 54.60, 252, 68.48, 4, 8226
18644, 10180, 54.60, 252, 68.48, 4, 8226
18645, 10180, 54.60, 252, 68.48, 4, 8227
18646, 10180, 54.60, 252, 68.48, 4, 8228
18647, 10181, 54.60, 252, 68.48, 4, 8228
18648, 10182, 54.60, 252, 68.48, 4, 8228
18649, 10183, 54.60, 252, 68.48, 4, 8228
18650, 10184, 54.61, 252, 68.48, 4, 8228
18651, 10185, 54.61, 252, 68.48, 4, 8228
18652, 10185, 54.61, 252, 68.48, 4, 8229
18653, 10186, 54.61, 252, 68.48, 4, 8229
18654, 10187, 54.61, 252, 68.48, 4, 8229
18655, 10188, 54.61, 252, 68.48, 4, 8229
18656, 10189, 54.62, 252, 68.48, 4, 8229
18657, 10189, 54.61, 252, 68.48, 4, 8230
18658, 10190, 54.61, 252, 68.48, 4, 8230
18659, 10191, 54.62, 252, 68.48, 4, 8230
18660, 10192, 54.62, 252, 68.48, 4, 8230
18661, 10193, 54.62, 252, 68.48, 4, 8230
18662, 10193, 54.62, 252, 68.48, 4, 8231
18663, 10194, 54.62, 252, 68.48, 4, 8231
18664, 10194, 54.62, 252, 68.48, 4, 8232
18665, 10195, 54.62, 252, 68.48, 4, 8232
18666, 10195, 54.62, 252, 68.48, 4, 8233
18667, 10195, 54.62, 252, 68.48, 4, 8234
18668, 10196, 54.62, 252, 68.48, 4, 8234
18669, 10196, 54.61, 252, 68.48, 4, 8235
18670, 10197, 54.62, 252, 68.48, 4, 8235
18671, 10197, 54.61, 252, 68.48, 4, 8236
18672, 10198, 54.62, 252, 68.48, 4, 8236
18673, 10199, 54.62, 252, 68.48, 4, 8236
18674, 10200, 54.62, 252, 68.48, 4, 8236
18675, 10200, 54.62, 252, 68.48, 4, 8237
18676, 10200, 54.62, 252, 68.48, 4, 8238
18677, 10201, 54.62, 252, 68.48, 4, 8238
18678, 10202, 54.62, 252, 68.48, 4, 8238
18679, 10202, 54.62, 252, 68.48, 4, 8239
18680, 10203, 54.62, 252, 68.48, 4, 8239
18681, 10204, 54.62, 252, 68.48, 4, 8239
18682, 10205, 54.62, 252, 68.48, 4, 8239
18683, 10206, 54.63, 252, 68.48, 4, 8239
18684, 10207, 54.63, 252, 68.48, 4, 8239
18685, 10208, 54.63, 252, 68.48, 4, 8239
18686, 10209, 54.63, 252, 68.48, 4, 8239
18687, 10210, 54.64, 252, 68.48, 4, 8239
18688, 10211, 54.64, 252, 68.48, 4, 8239
18689, 10211, 54.64, 252, 68.48, 4, 8240
18690, 10212, 54.64, 252, 68.48, 4, 8240
18691, 10212, 54.64, 252, 68.48, 4, 8241
18692, 10212, 54.63, 252, 68.48, 4, 8242
18693, 10213, 54.64, 252, 68.48, 4, 8242
18694, 10213, 54.63, 252, 68.48, 4, 8243
18695, 10213, 54.63, 252, 68.48, 4, 8244
18696, 10214, 54.63, 252, 68.48, 4, 8244
18697, 10215, 54.63, 252, 68.48, 4, 8244
18698, 10215, 54.63, 252, 68.48, 4, 8245
18699, 10216, 54.63, 252, 68.48, 4, 8245
18700, 10217, 54.64, 252, 68.48, 4, 8245
18701, 10218, 54.64, 252, 68.48, 4, 8245
18702, 10218, 54.64, 252, 68.48, 4, 8246
18703, 10218, 54.63, 252, 68.48, 4, 8247
18704, 10218, 54.63, 252, 68.48, 4, 8248
18705, 10218, 54.63, 252, 68.48, 4, 8249
18706, 10219, 54.63, 252, 68.48, 4, 8249
18707, 10220, 54.63, 252, 68.48, 4, 8249
18708, 10221, 54.63, 252, 68.48, 4, 8249
18709, 10222, 54.64, 252, 68.48, 4, 8249
18710, 10223, 54.64, 252, 68.48, 4, 8249
18711, 10224, 54.64, 252, 68.48, 4, 8249
18712, 10225, 54.64, 252, 68.48, 4, 8249
18713, 10225, 54.64, 252, 68.48, 4, 8250
18714, 10225, 54.64, 252, 68.48, 4, 8251
18715, 10226, 54.64, 252, 68.48, 4, 8251
18716, 10226, 54.64, 252, 68.48, 4, 8252
18717, 10227, 54.64, 252, 68.48, 4, 8252
18718, 10228, 54.64, 252, 68.48, 4, 8252
18719, 10229, 54.65, 252, 68.48, 4, 8252
18720, 10230, 54.65, 252, 68.48, 4, 8252
18721, 10230, 54.64, 252, 68.48, 4, 8253
18722, 10230, 54.64, 252, 68.48, 4, 8254
18723, 10231, 54.64, 252, 68.48, 4, 8254
18724, 10232, 54.65, 252, 68.48, 4, 8254
18725, 10233, 54.65, 252, 68.48, 4, 8254
18726, 10234, 54.65, 252, 68.48, 4, 8254
18727, 10234, 54.65, 252, 68.48, 4, 8255
18728, 10234, 54.65, 252, 68.48, 4, 8256
18729, 10235, 54.65, 252, 68.48, 4, 8256
18730, 10236, 54.65, 252, 68.48, 4, 8256
18731, 10236, 54.65, 252, 68.48, 4, 8257
18732, 10237, 54.65, 252, 68.48, 4, 8257
18733, 10237, 54.65, 252, 68.48, 4, 8258
18734, 10238, 54.65, 252, 68.48, 4, 8258
18735, 10239, 54.65, 252, 68.48, 4, 8258
18736, 10239, 54.65, 252, 68.48, 4, 8259
18737, 10239, 54.65, 252, 68.48, 4, 8260
18738, 10239, 54.64, 252, 68.48, 4, 8261
18739, 10240, 54.65, 252, 68.48, 4, 8261
18740, 10241, 54.65, 252, 68.48, 4, 8261
18741, 10241, 54.64, 252, 68.48, 4, 8262
18742, 10241, 54.64, 252, 68.48, 4, 8263
18743, 10242, 54.64, 252, 68.48, 4, 8263
18744, 10243, 54.65, 252, 68.48, 4, 8263
18745, 10244, 54.65, 252, 68.48, 4, 8263
18746, 10245, 54.65, 252, 68.48, 4, 8263
18747, 10246, 54.65, 252, 68.48, 4, 8263
18748, 10246, 54.65, 252, 68.48, 4, 8264
18749, 10247, 54.65, 252, 68.48, 4, 8264
18750, 10248, 54.66, 252, 68.48, 4, 8264
18751, 10249, 54.66, 252, 68.48, 4, 8264
18752, 10250, 54.66, 252, 68.48, 4, 8264
18753, 10251, 54.66, 252, 68.48, 4, 8264
18754, 10252, 54.67, 252, 68.48, 4, 8264
18755, 10253, 54.67, 252, 68.48, 4, 8264
18756, 10253, 54.67, 252, 68.48, 4, 8265
18757, 10254, 54.67, 252, 68.48, 4, 8265
18758, 10255, 54.67, 252, 68.48, 4, 8265
18759, 10255, 54.67, 252, 68.48, 4, 8266
18760, 10255, 54.66, 252, 68.48, 4, 8267
18761, 10255, 54.66, 252, 68.48, 4, 8268
18762, 10256, 54.66, 252, 68.48, 4, 8268
18763, 10257, 54.67, 252, 68.48, 4, 8268
18764, 10257, 54.66, 252, 68.48, 4, 8269
18765, 10257, 54.66, 252, 68.48, 4, 8270
18766, 10258, 54.66, 252, 68.48, 4, 8270
18767, 10258, 54.66, 252, 68.48, 4, 8271
18768, 10258, 54.66, 252, 68.48, 4, 8272
18769, 10259, 54.66, 252, 68.48, 4, 8272
18770, 10260, 54.66, 252, 68.48, 4, 8272
18771, 10260, 54.66, 252, 68.48, 4, 8273
18772, 10261, 54.66, 252, 68.48, 4, 8273
18773, 10261, 54.66, 252, 68.48, 4, 8274
18774, 10262, 54.66, 252, 68.48, 4, 8274
18775, 10263, 54.66, 252, 68.48, 4, 8274
18776, 10263, 54.66, 252, 68.48, 4, 8275
18777, 10264, 54.66, 252, 68.48, 4, 8275
18778, 10265, 54.67, 252, 68.48, 4, 8275
18779, 10266, 54.67, 252, 68.48, 4, 8275
18780, 10266, 54.66, 252, 68.48, 4, 8276
18781, 10267, 54.67, 252, 68.48, 4, 8276
18782, 10268, 54.67, 252, 68.48, 4, 8276
18783, 10269, 54.67, 252, 68.48, 4, 8276
18784, 10270, 54.67, 252, 68.48, 4, 8276
18785, 10270, 54.67, 252, 68.48, 4, 8277
18786, 10270, 54.67, 252, 68.48, 4, 8278
18787, 10271, 54.67, 252, 68.48, 4, 8278
18788, 10272, 54.67, 252, 68.48, 4, 8278
18789, 10272, 54.67, 252, 68.48, 4, 8279
18790, 10273, 54.67, 252, 68.48, 4, 8279
18791, 10274, 54.68, 252, 68.48, 4, 8279
18792, 10274, 54.67, 252, 68.48, 4, 8280
18793, 10275, 54.67, 252, 68.48, 4, 8280
18794, 10275, 54.67, 252, 68.48, 4, 8281
18795, 10275, 54.67, 252, 68.48, 4, 8282
18796, 10275, 54.67, 252, 68.48, 4, 8283
18797, 10276, 54.67, 252, 68.48, 4, 8283
18798, 10276, 54.67, 252, 68.48, 4, 8284
18799, 10277, 54.67, 252, 68.48, 4, 8284
18800, 10278, 54.67, 252, 68.48, 4, 8284
18801, 10278, 54.67, 252, 68.48, 4, 8285
18802, 10279, 54.67, 252, 68.48, 4, 8285
18803, 10279, 54.67, 252, 68.48, 4, 8286
18804, 10279, 54.66, 252, 68.48, 4, 8287
18805, 10280, 54.67, 252, 68.48, 4, 8287
18806, 10281, 54.67, 252, 68.48, 4, 8287
18807, 10282, 54.67, 252, 68.48, 4, 8287
18808, 10283, 54.67, 252, 68.48, 4, 8287
18809, 10284, 54.68, 252, 68.48, 4, 8287
18810, 10284, 54.67, 252, 68.48, 4, 8288
18811, 10285, 54.68, 252, 68.48, 4, 8288
18812, 10286, 54.68, 252, 68.48, 4, 8288
18813, 10287, 54.68, 252, 68.48, 4, 8288
18814, 10287, 54.68, 252, 68.48, 4, 8289
18815, 10287, 54.67, 252, 68.48, 4, 8290
18816, 10288, 54.68, 252, 68.48, 4, 8290
18817, 10289, 54.68, 252, 68.48, 4, 8290
18818, 10290, 54.68, 252, 68.48, 4, 8290
18819, 10290, 54.68, 252, 68.48, 4, 8291
18820, 10291, 54.68, 252, 68.48, 4, 8291
18821, 10291, 54.68, 252, 68.48, 4, 8292
18822, 10291, 54.68, 252, 68.48, 4, 8292
18823, 10292, 54.68, 252, 68.48, 4, 8292
18824, 10292, 54.67, 252, 68.48, 4, 8292
18825, 10292, 54.67, 252, 68.48, 4, 8292
18826, 10293, 54.67, 252, 68.48, 4, 8292
18827, 10294, 54.68, 252, 68.48, 4, 8292
18828, 10294, 54.67, 252, 68.48, 4, 8293
18829, 10295, 54.68, 252, 68.48, 4, 8293
18830, 10296, 54.68, 252, 68.48, 4, 8293
18831, 10296, 54.68, 252, 68.48, 4, 8294
18832, 10296, 54.67, 252, 68.48, 4, 8295
18833, 10297, 54.68, 252, 68.48, 4, 8295
18834, 10297, 54.67, 252, 68.48, 4, 8296
18835, 10297, 54.67, 252, 68.48, 4, 8297
18836, 10298, 54.67, 252, 68.48, 4, 8297
18837, 10299, 54.67, 252, 68.48, 4, 8297
18838, 10300, 54.68, 252, 68.48, 4, 8297
18839, 10300, 54.67, 252, 68.48, 4, 8298
18840, 10301, 54.68, 252, 68.48, 4, 8298
18841, 10302, 54.68, 252, 68.48, 4, 8298
18842, 10302, 54.68, 252, 68.48, 4, 8299
18843, 10303, 54.68, 252, 68.48, 4, 8299
18844, 10304, 54.68, 252, 68.48, 4, 8299
18845, 10305, 54.68, 252, 68.48, 4, 8299
18846, 10306, 54.69, 252, 68.48, 4, 8299
18847, 10306, 54.68, 252, 68.48, 4, 8300
18848, 10307, 54.68, 252, 68.48, 4, 8300
18849, 10308, 54.69, 252, 68.48, 4, 8300
18850, 10308, 54.68, 252, 68.48, 4, 8301
18851, 10308, 54.68, 252, 68.48, 4, 8302
18852, 10309, 54.68, 252, 68.48, 4, 8302
18853, 10309, 54.68, 252, 68.48, 4, 8303
18854, 10310, 54.68, 252, 68.48, 4, 8303
18855, 10310, 54.68, 252, 68.48, 4, 8304
18856, 10310, 54.68, 252, 68.48, 4, 8305
18857, 10311, 54.68, 252, 68.48, 4, 8305
18858, 10312, 54.68, 252, 68.48, 4, 8305
18859, 10312, 54.68, 252, 68.48, 4, 8306
18860, 10313, 54.68, 252, 68.48, 4, 8306
18861, 10314, 54.68, 252, 68.48, 4, 8306
18862, 10314, 54.68, 252, 68.48, 4, 8307
18863, 10315, 54.68, 252, 68.48, 4, 8307
18864, 10315, 54.68, 252, 68.48, 4, 8308
18865, 10316, 54.68, 252, 68.48, 4, 8308
18866, 10317, 54.69, 252, 68.48, 4, 8308
18867, 10317, 54.68, 252, 68.48, 4, 8309
18868, 10317, 54.68, 252, 68.48, 4, 8310
18869, 10317, 54.68, 252, 68.48, 4, 8311
18870, 10317, 54.67, 252, 68.48, 4, 8312
18871, 10318, 54.68, 252, 68.48, 4, 8312
18872, 10319, 54.68, 252, 68.48, 4, 8312
18873, 10319, 54.68, 252, 68.48, 4, 8313
18874, 10320, 54.68, 252, 68.48, 4, 8313
18875, 10321, 54.68, 252, 68.48, 4, 8313
18876, 10322, 54.68, 252, 68.48, 4, 8313
18877, 10323, 54.69, 252, 68.48, 4, 8313
18878, 10324, 54.69, 252, 68.48, 4, 8313
18879, 10325, 54.69, 252, 68.48, 4, 8313
18880, 10326, 54.69, 252, 68.48, 4, 8313
18881, 10326, 54.69, 252, 68.48, 4, 8314
18882, 10326, 54.69, 252, 68.48, 4, 8314
18883, 10327, 54.69, 252, 68.48, 4, 8314
18884, 10327, 54.69, 252, 68.48, 4, 8315
18885, 10327, 54.68, 252, 68.48, 4, 8316
18886, 10328, 54.69, 252, 68.48, 4, 8316
18887, 10329, 54.69, 252, 68.48, 4, 8316
18888, 10330, 54.69, 252, 68.48, 4, 8316
18889, 10331, 54.69, 252, 68.48, 4, 8316
18890, 10332, 54.70, 252, 68.48, 4, 8316
18891, 10333, 54.70, 252, 68.48, 4, 8316
18892, 10333, 54.70, 252, 68.48, 4, 8317
18893, 10334, 54.70, 252, 68.48, 4, 8317
18894, 10335, 54.70, 252, 68.48, 4, 8317
18895, 10336, 54.70, 252, 68.48, 4, 8317
18896, 10337, 54.70, 252, 68.48, 4, 8317
18897, 10338, 54.71, 252, 68.48, 4, 8317
18898, 10339, 54.71, 252, 68.48, 4, 8317
18899, 10339, 54.71, 252, 68.48, 4, 8318
18900, 10339, 54.70, 252, 68.48, 4, 8319
18901, 10340, 54.71, 252, 68.48, 4, 8319
18902, 10341, 54.71, 252, 68.48, 4, 8319
18903, 10342, 54.71, 252, 68.48, 4, 8319
18904, 10342, 54.71, 252, 68.48, 4, 8320
18905, 10343, 54.71, 252, 68.48, 4, 8320
18906, 10343, 54.71, 252, 68.48, 4, 8321
18907, 10343, 54.70, 252, 68.48, 4, 8322
18908, 10343, 54.70, 252, 68.48, 4, 8323
18909, 10344, 54.70, 252, 68.48, 4, 8323
18910, 10345, 54.71, 252, 68.48, 4, 8323
18911, 10346, 54.71, 252, 68.48, 4, 8323
18912, 10347, 54.71, 252, 68.48, 4, 8323
18913, 10347, 54.71, 252, 68.48, 4, 8324
18914, 10348, 54.71, 252, 68.48, 4, 8324
18915, 10348, 54.71, 252, 68.48, 4, 8325
18916, 10349, 54.71, 252, 68.48, 4, 8325
18917, 10350, 54.71, 252, 68.48, 4, 8325
18918, 10351, 54.72, 252, 68.48, 4, 8325
18919, 10352, 54.72, 252, 68.48, 4, 8325
18920, 10352, 54.71, 252, 68.48, 4, 8326
18921, 10353, 54.72, 252, 68.48, 4, 8326
18922, 10354, 54.72, 252, 68.48, 4, 8326
18923, 10354, 54.72, 252, 68.48, 4, 8327
18924, 10355, 54.72, 252, 68.48, 4, 8327
18925, 10355, 54.72, 252, 68.48, 4, 8328
18926, 10355, 54.71, 252, 68.48, 4, 8329
18927, 10355, 54.71, 252, 68.48, 4, 8330
18928, 10356, 54.71, 252, 68.48, 4, 8330
18929, 10357, 54.71, 252, 68.48, 4, 8330
18930, 10358, 54.72, 252, 68.48, 4, 8330
18931, 10358, 54.71, 252, 68.48, 4, 8331
18932, 10358, 54.71, 252, 68.48, 4, 8332
18933, 10358, 54.71, 252, 68.48, 4, 8333
18934, 10358, 54.71, 252, 68.48, 4, 8334
18935, 10359, 54.71, 252, 68.48, 4, 8334
18936, 10359, 54.71, 252, 68.48, 4, 8335
18937, 10359, 54.70, 252, 68.48, 4, 8336
18938, 10360, 54.70, 252, 68.48, 4, 8336
18939, 10360, 54.70, 252, 68.48, 4, 8337
18940, 10360, 54.70, 252, 68.48, 4, 8338
18941, 10361, 54.70, 252, 68.48, 4, 8338
18942, 10362, 54.70, 252, 68.48, 4, 8338
18943, 10363, 54.71, 252, 68.48, 4, 8338
18944, 10363, 54.70, 252, 68.48, 4, 8339
18945, 10363, 54.70, 252, 68.48, 4, 8340
18946, 10364, 54.70, 252, 68.48, 4, 8340
18947, 10365, 54.71, 252, 68.48, 4, 8340
18948, 10366, 54.71, 252, 68.48, 4, 8340
18949, 10367, 54.71, 252, 68.48, 4, 8340
18950, 10368, 54.71, 252, 68.48, 4, 8340
18951, 10369, 54.71, 252, 68.48, 4, 8340
18952, 10370, 54.72, 252, 68.48, 4, 8340
18953, 10370, 54.71, 252, 68.48, 4, 8341
18954, 10371, 54.72, 252, 68.48, 4, 8341
18955, 10372, 54.72, 252, 68.48, 4, 8341
18956, 10372, 54.72, 252, 68.48, 4, 8342
18957, 10372, 54.71, 252, 68.48, 4, 8343
18958, 10372, 54.71, 252, 68.48, 4, 8344
18959, 10373, 54.71, 252, 68.48, 4, 8344
18960, 10373, 54.71, 252, 68.48, 4, 8345
18961, 10374, 54.71, 252, 68.48, 4, 8345
18962, 10375, 54.71, 252, 68.48, 4, 8345
18963, 10376, 54.72, 252, 68.48, 4, 8345
18964, 10377, 54.72, 252, 68.48, 4, 8345
18965, 10377, 54.72, 252, 68.48, 4, 8345
18966, 10378, 54.72, 252, 68.48, 4, 8345
18967, 10378, 54.72, 252, 68.48, 4, 8346
18968, 10378, 54.71, 252, 68.48, 4, 8347
18969, 10379, 54.72, 252, 68.48, 4, 8347
18970, 10380, 54.72, 252, 68.48, 4, 8347
18971, 10380, 54.72, 252, 68.48, 4, 8348
18972, 10380, 54.71, 252, 68.48, 4, 8349
18973, 10380, 54.71, 252, 68.48, 4, 8350
18974, 10380, 54.71, 252, 68.48, 4, 8351
18975, 10381, 54.71, 252, 68.48, 4, 8351
18976, 10381, 54.71, 252, 68.48, 4, 8352
18977, 10382, 54.71, 252, 68.48, 4, 8352
18978, 10382, 54.71, 252, 68.48, 4, 8353
18979, 10383, 54.71, 252, 68.48, 4, 8353
18980, 10384, 54.71, 252, 68.48, 4, 8353
18981, 10385, 54.71, 252, 68.48, 4, 8353
18982, 10386, 54.71, 252, 68.48, 4, 8353
18983, 10386, 54.71, 252, 68.48, 4, 8354
18984, 10386, 54.71, 252, 68.48, 4, 8355
18985, 10387, 54.71, 252, 68.48, 4, 8355
18986, 10388, 54.71, 252, 68.48, 4, 8355
18987, 10389, 54.72, 252, 68.48, 4, 8355
18988, 10389, 54.71, 252, 68.48, 4, 8356
18989, 10389, 54.71, 252, 68.48, 4, 8357
18990, 10390, 54.71, 252, 68.48, 4, 8357
18991, 10390, 54.71, 252, 68.48, 4, 8358
18992, 10391, 54.71, 252, 68.48, 4, 8358
18993, 10392, 54.71, 252, 68.48, 4, 8358
18994, 10392, 54.71, 252, 68.48, 4, 8359
18995, 10393, 54.71, 252, 68.48, 4, 8359
18996, 10393, 54.71, 252, 68.48, 4, 8360
18997, 10394, 54.71, 252, 68.48, 4, 8360
18998, 10395, 54.72, 252, 68.48, 4, 8360
18999, 10396, 54.72, 252, 68.48, 4, 8360
19000, 10397, 54.72, 252, 68.48, 4, 8360
19001, 10397, 54.72, 252, 68.48, 4, 8361
19002, 10397, 54.72, 252, 68.48, 4, 8362
19003, 10398, 54.72, 252, 68.48, 4, 8362
19004, 10399, 54.72, 252, 68.48, 4, 8362
19005, 10399, 54.72, 252, 68.48, 4, 8363
19006, 10400, 54.72, 252, 68.48, 4, 8363
19007, 10401, 54.72, 252, 68.48, 4, 8363
19008, 10401, 54.72, 252, 68.48, 4, 8364
19009, 10401, 54.72, 252, 68.48, 4, 8365
19010, 10402, 54.72, 252, 68.48, 4, 8365
19011, 10403, 54.72, 252, 68.48, 4, 8365
19012, 10404, 54.72, 252, 68.48, 4, 8365
19013, 10404, 54.72, 252, 68.48, 4, 8366
19014, 10404, 54.72, 252, 68.48, 4, 8367
19015, 10404, 54.71, 252, 68.48, 4, 8367
19016, 10404, 54.71, 252, 68.48, 4, 8368
19017, 10404, 54.71, 252, 68.48, 4, 8369
19018, 10404, 54.71, 252, 68.48, 4, 8370
19019, 10404, 54.70, 252, 68.48, 4, 8371
19020, 10405, 54.71, 252, 68.48, 4, 8371
19021, 10406, 54.71, 252, 68.48, 4, 8371
19022, 10406, 54.71, 252, 68.48, 4, 8372
19023, 10406, 54.70, 252, 68.48, 4, 8373
19024, 10406, 54.70, 252, 68.48, 4, 8374
19025, 10407, 54.70, 252, 68.48, 4, 8374
19026, 10407, 54.70, 252, 68.48, 4, 8375
19027, 10408, 54.70, 252, 68.48, 4, 8375
19028, 10409, 54.70, 252, 68.48, 4, 8375
19029, 10410, 54.71, 252, 68.48, 4, 8375
19030, 10410, 54.70, 252, 68.48, 4, 8376
19031, 10411, 54.71, 252, 68.48, 4, 8376
19032, 10411, 54.70, 252, 68.48, 4, 8377
19033, 10412, 54.70, 252, 68.48, 4, 8377
19034, 10413, 54.71, 252, 68.48, 4, 8377
19035, 10414, 54.71, 252, 68.48, 4, 8377
19036, 10414, 54.71, 252, 68.48, 4, 8378
19037, 10414, 54.70, 252, 68.48, 4, 8379
19038, 10415, 54.71, 252, 68.48, 4, 8379
19039, 10415, 54.70, 252, 68.48, 4, 8380
19040, 10416, 54.71, 252, 68.48, 4, 8380
19041, 10417, 54.71, 252, 68.48, 4, 8380
19042, 10417, 54.71, 252, 68.48, 4, 8381
19043, 10417, 54.70, 252, 68.48, 4, 8382
19044, 10418, 54.70, 252, 68.48, 4, 8382
19045, 10419, 54.71, 252, 68.48, 4, 8382
19046, 10420, 54.71, 252, 68.48, 4, 8382
19047, 10421, 54.71, 252, 68.48, 4, 8382
19048, 10422, 54.71, 252, 68.48, 4, 8382
19049, 10423, 54.72, 252, 68.48, 4, 8382
19050, 10424, 54.72, 252, 68.48, 4, 8382
19051, 10424, 54.72, 252, 68.48, 4, 8383
19052, 10424, 54.71, 252, 68.48, 4, 8384
19053, 10424, 54.71, 252, 68.48, 4, 8385
19054, 10424, 54.71, 252, 68.48, 4, 8386
19055, 10424, 54.70, 252, 68.48, 4, 8387
19056, 10425, 54.71, 252, 68.48, 4, 8387
19057, 10425, 54.70, 252, 68.48, 4, 8387
19058, 10425, 54.70, 252, 68.48, 4, 8388
19059, 10426, 54.70, 252, 68.48, 4, 8388
19060, 10427, 54.71, 252, 68.48, 4, 8388
19061, 10427, 54.70, 252, 68.48, 4, 8389
19062, 10427, 54.70, 252, 68.48, 4, 8390
19063, 10427, 54.70, 252, 68.48, 4, 8391
19064, 10428, 54.70, 252, 68.48, 4, 8391
19065, 10429, 54.70, 252, 68.48, 4, 8391
19066, 10430, 54.70, 252, 68.48, 4, 8391
19067, 10431, 54.71, 252, 68.48, 4, 8391
19068, 10431, 54.70, 252, 68.48, 4, 8392
19069, 10432, 54.71, 252, 68.48, 4, 8392
19070, 10432, 54.70, 252, 68.48, 4, 8393
19071, 10433, 54.71, 252, 68.48, 4, 8393
19072, 10434, 54.71, 252, 68.48, 4, 8393
19073, 10434, 54.71, 252, 68.48, 4, 8394
19074, 10435, 54.71, 252, 68.48, 4, 8394
19075, 10435, 54.71, 252, 68.48, 4, 8395
19076, 10435, 54.70, 252, 68.48, 4, 8396
19077, 10436, 54.70, 252, 68.48, 4, 8396
19078, 10436, 54.70, 252, 68.48, 4, 8397
19079, 10437, 54.70, 252, 68.48, 4, 8397
19080, 10438, 54.71, 252, 68.48, 4, 8397
19081, 10439, 54.71, 252, 68.48, 4, 8397
19082, 10440, 54.71, 252, 68.48, 4, 8397
19083, 10440, 54.71, 252, 68.48, 4, 8398
19084, 10440, 54.71, 252, 68.48, 4, 8399
19085, 10441, 54.71, 252, 68.48, 4, 8399
19086, 10441, 54.71, 252, 68.48, 4, 8400
19087, 10441, 54.70, 252, 68.48, 4, 8401
19088, 10441, 54.70, 252, 68.48, 4, 8402
19089, 10441, 54.70, 252, 68.48, 4, 8403
19090, 10442, 54.70, 252, 68.48, 4, 8403
19091, 10443, 54.70, 252, 68.48, 4, 8403
19092, 10443, 54.70, 252, 68.48, 4, 8404
19093, 10443, 54.70, 252, 68.48, 4, 8405
19094, 10444, 54.70, 252, 68.48, 4, 8405
19095, 10445, 54.70, 252, 68.48, 4, 8405
19096, 10445, 54.70, 252, 68.48, 4, 8406
19097, 10445, 54.69, 252, 68.48, 4, 8406
19098, 10446, 54.70, 252, 68.48, 4, 8406
19099, 10447, 54.70, 252, 68.48, 4, 8406
19100, 10447, 54.70, 252, 68.48, 4, 8407
19101, 10447, 54.69, 252, 68.48, 4, 8408
19102, 10447, 54.69, 252, 68.48, 4, 8409
19103, 10447, 54.69, 252, 68.48, 4, 8410
19104, 10447, 54.68, 252, 68.48, 4, 8411
19105, 10447, 54.68, 252, 68.48, 4, 8412
19106, 10448, 54.68, 252, 68.48, 4, 8412
19107, 10448, 54.68, 252, 68.48, 4, 8413
19108, 10449, 54.68, 252, 68.48, 4, 8413
19109, 10450, 54.69, 252, 68.48, 4, 8413
19110, 10450, 54.68, 252, 68.48, 4, 8414
19111, 10451, 54.69, 252, 68.48, 4, 8414
19112, 10451, 54.68, 252, 68.48, 4, 8415
19113, 10451, 54.68, 252, 68.48, 4, 8416
19114, 10452, 54.68, 252, 68.48, 4, 8416
19115, 10452, 54.68, 252, 68.48, 4, 8417
19116, 10453, 54.68, 252, 68.48, 4, 8417
19117, 10453, 54.68, 252, 68.48, 4, 8418
19118, 10454, 54.68, 252, 68.48, 4, 8418
19119, 10455, 54.68, 252, 68.48, 4, 8418
19120, 10455, 54.68, 252, 68.48, 4, 8419
19121, 10456, 54.68, 252, 68.48, 4, 8419
19122, 10457, 54.69, 252, 68.48, 4, 8419
19123, 10458, 54.69, 252, 68.48, 4, 8419
19124, 10458, 54.69, 252, 68.48, 4, 8420
19125, 10458, 54.68, 252, 68.48, 4, 8421
19126, 10459, 54.68, 252, 68.48, 4, 8421
19127, 10459, 54.68, 252, 68.48, 4, 8422
19128, 10459, 54.68, 252, 68.48, 4, 8422
19129, 10460, 54.68, 252, 68.48, 4, 8422
19130, 10461, 54.68, 252, 68.48, 4, 8422
19131, 10461, 54.68, 252, 68.48, 4, 8423
19132, 10461, 54.68, 252, 68.48, 4, 8424
19133, 10462, 54.68, 252, 68.48, 4, 8424
19134, 10463, 54.68, 252, 68.48, 4, 8424
19135, 10464, 54.69, 252, 68.48, 4, 8424
19136, 10465, 54.69, 252, 68.48, 4, 8424
19137, 10465, 54.68, 252, 68.48, 4, 8425
19138, 10466, 54.69, 252, 68.48, 4, 8425
19139, 10467, 54.69, 252, 68.48, 4, 8425
19140, 10468, 54.69, 252, 68.48, 4, 8425
19141, 10468, 54.69, 252, 68.48, 4, 8426
19142, 10469, 54.69, 252, 68.48, 4, 8426
19143, 10469, 54.69, 252, 68.48, 4, 8427
19144, 10469, 54.69, 252, 68.48, 4, 8428
19145, 10469, 54.68, 252, 68.48, 4, 8429
19146, 10470, 54.69, 252, 68.48, 4, 8429
19147, 10471, 54.69, 252, 68.48, 4, 8429
19148, 10472, 54.69, 252, 68.48, 4, 8429
19149, 10473, 54.69, 252, 68.48, 4, 8429
19150, 10473, 54.69, 252, 68.48, 4, 8430
19151, 10474, 54.69, 252, 68.48, 4, 8430
19152, 10475, 54.69, 252, 68.48, 4, 8430
19153, 10475, 54.69, 252, 68.48, 4, 8431
19154, 10476, 54.69, 252, 68.48, 4, 8431
19155, 10477, 54.70, 252, 68.48, 4, 8431
19156, 10477, 54.69, 252, 68.48, 4, 8432
19157, 10478, 54.70, 252, 68.48, 4, 8432
19158, 10478, 54.69, 252, 68.48, 4, 8433
19159, 10479, 54.69, 252, 68.48, 4, 8433
19160, 10480, 54.70, 252, 68.48, 4, 8433
19161, 10481, 54.70, 252, 68.48, 4, 8433
19162, 10481, 54.70, 252, 68.48, 4, 8434
19163, 10481, 54.69, 252, 68.48, 4, 8435
19164, 10481, 54.69, 252, 68.48, 4, 8436
19165, 10481, 54.69, 252, 68.48, 4, 8437
19166, 10482, 54.69, 252, 68.48, 4, 8437
19167, 10482, 54.69, 252, 68.48, 4, 8438
19168, 10482, 54.68, 252, 68.48, 4, 8439
19169, 10483, 54.69, 252, 68.48, 4, 8439
19170, 10484, 54.69, 252, 68.48, 4, 8439
19171, 10484, 54.69, 252, 68.48, 4, 8440
19172, 10484, 54.68, 252, 68.48, 4, 8441
19173, 10485, 54.69, 252, 68.48, 4, 8441
19174, 10486, 54.69, 252, 68.48, 4, 8441
19175, 10486, 54.69, 252, 68.48, 4, 8442
19176, 10487, 54.69, 252, 68.48, 4, 8442
19177, 10488, 54.69, 252, 68.48, 4, 8442
19178, 10489, 54.69, 252, 68.48, 4, 8442
19179, 10489, 54.69, 252, 68.48, 4, 8443
19180, 10490, 54.69, 252, 68.48, 4, 8443
19181, 10490, 54.69, 252, 68.48, 4, 8444
19182, 10491, 54.69, 252, 68.48, 4, 8444
19183, 10492, 54.69, 252, 68.48, 4, 8444
19184, 10493, 54.70, 252, 68.48, 4, 8444
19185, 10494, 54.70, 252, 68.48, 4, 8444
19186, 10495, 54.70, 252, 68.48, 4, 8444
19187, 10496, 54.70, 252, 68.48, 4, 8444
19188, 10496, 54.70, 252, 68.48, 4, 8445
19189, 10497, 54.70, 252, 68.48, 4, 8445
19190, 10497, 54.70, 252, 68.48, 4, 8446
19191, 10498, 54.70, 252, 68.48, 4, 8446
19192, 10498, 54.70, 252, 68.48, 4, 8447
19193, 10499, 54.70, 252, 68.48, 4, 8447
19194, 10500, 54.70, 252, 68.48, 4, 8447
19195, 10501, 54.71, 252, 68.48, 4, 8447
19196, 10502, 54.71, 252, 68.48, 4, 8447
19197, 10503, 54.71, 252, 68.48, 4, 8447
19198, 10503, 54.71, 252, 68.48, 4, 8448
19199, 10503, 54.71, 252, 68.48, 4, 8449
19200, 10503, 54.70, 252, 68.48, 4, 8450
19201, 10503, 54.70, 252, 68.48, 4, 8451
19202, 10503, 54.70, 252, 68.48, 4, 8451
19203, 10503, 54.69, 252, 68.48, 4, 8452
19204, 10503, 54.69, 252, 68.48, 4, 8453
19205, 10504, 54.69, 252, 68.48, 4, 8453
19206, 10504, 54.69, 252, 68.48, 4, 8454
19207, 10504, 54.69, 252, 68.48, 4, 8455
19208, 10505, 54.69, 252, 68.48, 4, 8455
19209, 10505, 54.69, 252, 68.48, 4, 8456
19210, 10506, 54.69, 252, 68.48, 4, 8456
19211, 10507, 54.69, 252, 68.48, 4, 8456
19212, 10507, 54.69, 252, 68.48, 4, 8457
19213, 10508, 54.69, 252, 68.48, 4, 8457
19214, 10508, 54.69, 252, 68.48, 4, 8458
19215, 10509, 54.69, 252, 68.48, 4, 8458
19216, 10510, 54.69, 252, 68.48, 4, 8458
19217, 10511, 54.70, 252, 68.48, 4, 8458
19218, 10511, 54.69, 252, 68.48, 4, 8459
19219, 10512, 54.70, 252, 68.48, 4, 8459
19220, 10512, 54.69, 252, 68.48, 4, 8460
19221, 10512, 54.69, 252, 68.48, 4, 8461
19222, 10512, 54.69, 252, 68.48, 4, 8462
19223, 10513, 54.69, 252, 68.48, 4, 8462
19224, 10513, 54.69, 252, 68.48, 4, 8463
19225, 10513, 54.68, 252, 68.48, 4, 8464
19226, 10514, 54.69, 252, 68.48, 4, 8464
19227, 10514, 54.68, 252, 68.48, 4, 8465
19228, 10515, 54.69, 252, 68.48, 4, 8465
19229, 10516, 54.69, 252, 68.48, 4, 8465
19230, 10517, 54.69, 252, 68.48, 4, 8465
19231, 10517, 54.69, 252, 68.48, 4, 8466
19232, 10518, 54.69, 252, 68.48, 4, 8466
19233, 10519, 54.69, 252, 68.48, 4, 8466
19234, 10520, 54.69, 252, 68.48, 4, 8466
19235, 10520, 54.69, 252, 68.48, 4, 8467
19236, 10520, 54.69, 252, 68.48, 4, 8468
19237, 10521, 54.69, 252, 68.48, 4, 8468
19238, 10521, 54.69, 252, 68.48, 4, 8469
19239, 10521, 54.69, 252, 68.48, 4, 8470
19240, 10521, 54.68, 252, 68.48, 4, 8471
19241, 10521, 54.68, 252, 68.48, 4, 8472
19242, 10522, 54.68, 252, 68.48, 4, 8472
19243, 10523, 54.68, 252, 68.48, 4, 8472
19244, 10523, 54.68, 252, 68.48, 4, 8473
19245, 10523, 54.68, 252, 68.48, 4, 8474
19246, 10524, 54.68, 252, 68.48, 4, 8474
19247, 10524, 54.68, 252, 68.48, 4, 8475
19248, 10524, 54.68, 252, 68.48, 4, 8476
19249, 10525, 54.68, 252, 68.48, 4, 8476
19250, 10526, 54.68, 252, 68.48, 4, 8476
19251, 10527, 54.68, 252, 68.48, 4, 8476
19252, 10528, 54.69, 252, 68.48, 4, 8476
19253, 10528, 54.68, 252, 68.48, 4, 8477
19254, 10528, 54.68, 252, 68.48, 4, 8478
19255, 10529, 54.68, 252, 68.48, 4, 8478
19256, 10530, 54.68, 252, 68.48, 4, 8478
19257, 10530, 54.68, 252, 68.48, 4, 8479
19258, 10530, 54.68, 252, 68.48, 4, 8480
19259, 10531, 54.68, 252, 68.48, 4, 8480
19260, 10531, 54.68, 252, 68.48, 4, 8481
19261, 10532, 54.68, 252, 68.48, 4, 8481
19262, 10532, 54.68, 252, 68.48, 4, 8482
19263, 10533, 54.68, 252, 68.48, 4, 8482
19264, 10533, 54.68, 252, 68.48, 4, 8483
19265, 10533, 54.67, 252, 68.48, 4, 8484
19266, 10534, 54.68, 252, 68.48, 4, 8484
19267, 10534, 54.67, 252, 68.48, 4, 8485
19268, 10535, 54.68, 252, 68.48, 4, 8485
19269, 10535, 54.67, 252, 68.48, 4, 8486
19270, 10536, 54.68, 252, 68.48, 4, 8486
19271, 10537, 54.68, 252, 68.48, 4, 8486
19272, 10538, 54.68, 252, 68.48, 4, 8486
19273, 10539, 54.68, 252, 68.48, 4, 8486
19274, 10539, 54.68, 252, 68.48, 4, 8487
19275, 10539, 54.68, 252, 68.48, 4, 8488
19276, 10539, 54.67, 252, 68.48, 4, 8489
19277, 10539, 54.67, 252, 68.48, 4, 8490
19278, 10540, 54.67, 252, 68.48, 4, 8490
19279, 10540, 54.67, 252, 68.48, 4, 8491
19280, 10540, 54.67, 252, 68.48, 4, 8492
19281, 10541, 54.67, 252, 68.48, 4, 8492
19282, 10542, 54.67, 252, 68.48, 4, 8492
19283, 10543, 54.68, 252, 68.48, 4, 8492
19284, 10544, 54.68, 252, 68.48, 4, 8492
19285, 10545, 54.68, 252, 68.48, 4, 8492
19286, 10546, 54.68, 252, 68.48, 4, 8492
19287, 10547, 54.68, 252, 68.48, 4, 8492
19288, 10548, 54.69, 252, 68.48, 4, 8492
19289, 10549, 54.69, 252, 68.48, 4, 8492
19290, 10550, 54.69, 252, 68.48, 4, 8492
19291, 10551, 54.69, 252, 68.48, 4, 8492
19292, 10552, 54.70, 252, 68.48, 4, 8492
19293, 10553, 54.70, 252, 68.48, 4, 8492
19294, 10554, 54.70, 252, 68.48, 4, 8492
19295, 10554, 54.70, 252, 68.48, 4, 8493
19296, 10555, 54.70, 252, 68.48, 4, 8493
19297, 10556, 54.70, 252, 68.48, 4, 8493
19298, 10557, 54.71, 252, 68.48, 4, 8493
19299, 10557, 54.70, 252, 68.48, 4, 8494
19300, 10558, 54.70, 252, 68.48, 4, 8494
19301, 10558, 54.70, 252, 68.48, 4, 8495
19302, 10559, 54.70, 252, 68.48, 4, 8495
19303, 10560, 54.71, 252, 68.48, 4, 8495
19304, 10561, 54.71, 252, 68.48, 4, 8495
19305, 10562, 54.71, 252, 68.48, 4, 8495
19306, 10562, 54.71, 252, 68.48, 4, 8496
19307, 10562, 54.71, 252, 68.48, 4, 8497
19308, 10563, 54.71, 252, 68.48, 4, 8497
19309, 10563, 54.71, 252, 68.48, 4, 8498
19310, 10564, 54.71, 252, 68.48, 4, 8498
19311, 10565, 54.71, 252, 68.48, 4, 8498
19312, 10566, 54.71, 252, 68.48, 4, 8498
19313, 10566, 54.71, 252, 68.48, 4, 8499
19314, 10567, 54.71, 252, 68.48, 4, 8499
19315, 10567, 54.71, 252, 68.48, 4, 8500
19316, 10568, 54.71, 252, 68.48, 4, 8500
19317, 10568, 54.71, 252, 68.48, 4, 8500
19318, 10569, 54.71, 252, 68.48, 4, 8500
19319, 10569, 54.71, 252, 68.48, 4, 8501
19320, 10570, 54.71, 252, 68.48, 4, 8501
19321, 10571, 54.71, 252, 68.48, 4, 8501
19322, 10572, 54.71, 252, 68.48, 4, 8501
19323, 10573, 54.72, 252, 68.48, 4, 8501
19324, 10573, 54.71, 252, 68.48, 4, 8502
19325, 10573, 54.71, 252, 68.48, 4, 8503
19326, 10573, 54.71, 252, 68.48, 4, 8504
19327, 10574, 54.71, 252, 68.48, 4, 8504
19328, 10575, 54.71, 252, 68.48, 4, 8504
19329, 10576, 54.72, 252, 68.48, 4, 8504
19330, 10577, 54.72, 252, 68.48, 4, 8504
19331, 10577, 54.72, 252, 68.48, 4, 8505
19332, 10578, 54.72, 252, 68.48, 4, 8505
19333, 10579, 54.72, 252, 68.48, 4, 8505
19334, 10579, 54.72, 252, 68.48, 4, 8506
19335, 10579, 54.71, 252, 68.48, 4, 8507
19336, 10579, 54.71, 252, 68.48, 4, 8508
19337, 10580, 54.71, 252, 68.48, 4, 8508
19338, 10580, 54.71, 252, 68.48, 4, 8509
19339, 10580, 54.71, 252, 68.48, 4, 8510
19340, 10580, 54.71, 252, 68.48, 4, 8511
19341, 10581, 54.71, 252, 68.48, 4, 8511
19342, 10581, 54.70, 252, 68.48, 4, 8512
19343, 10581, 54.70, 252, 68.48, 4, 8513
19344, 10582, 54.70, 252, 68.48, 4, 8513
19345, 10582, 54.70, 252, 68.48, 4, 8514
19346, 10583, 54.70, 252, 68.48, 4, 8514
19347, 10584, 54.71, 252, 68.48, 4, 8514
19348, 10584, 54.70, 252, 68.48, 4, 8515
19349, 10584, 54.70, 252, 68.48, 4, 8516
19350, 10584, 54.70, 252, 68.48, 4, 8517
19351, 10585, 54.70, 252, 68.48, 4, 8517
19352, 10586, 54.70, 252, 68.48, 4, 8517
19353, 10586, 54.70, 252, 68.48, 4, 8518
19354, 10587, 54.70, 252, 68.48, 4, 8518
19355, 10587, 54.70, 252, 68.48, 4, 8519
19356, 10588, 54.70, 252, 68.48, 4, 8519
19357, 10589, 54.70, 252, 68.48, 4, 8519
19358, 10589, 54.70, 252, 68.48, 4, 8520
19359, 10590, 54.70, 252, 68.48, 4, 8520
19360, 10590, 54.70, 252, 68.48, 4, 8521
19361, 10590, 54.70, 252, 68.48, 4, 8522
19362, 10591, 54.70, 252, 68.48, 4, 8522
19363, 10592, 54.70, 252, 68.48, 4, 8522
19364, 10593, 54.70, 252, 68.48, 4, 8522
19365, 10594, 54.71, 252, 68.48, 4, 8522
19366, 10594, 54.70, 252, 68.48, 4, 8523
19367, 10595, 54.71, 252, 68.48, 4, 8523
19368, 10595, 54.70, 252, 68.48, 4, 8524
19369, 10596, 54.71, 252, 68.48, 4, 8524
19370, 10596, 54.70, 252, 68.48, 4, 8525
19371, 10597, 54.71, 252, 68.48, 4, 8525
19372, 10598, 54.71, 252, 68.48, 4, 8525
19373, 10598, 54.71, 252, 68.48, 4, 8526
19374, 10599, 54.71, 252, 68.48, 4, 8526
19375, 10600, 54.71, 252, 68.48, 4, 8526
19376, 10600, 54.71, 252, 68.48, 4, 8527
19377, 10600, 54.70, 252, 68.48, 4, 8528
19378, 10601, 54.71, 252, 68.48, 4, 8528
19379, 10602, 54.71, 252, 68.48, 4, 8528
19380, 10602, 54.71, 252, 68.48, 4, 8529
19381, 10602, 54.70, 252, 68.48, 4, 8530
19382, 10602, 54.70, 252, 68.48, 4, 8531
19383, 10602, 54.70, 252, 68.48, 4, 8532
19384, 10603, 54.70, 252, 68.48, 4, 8532
19385, 10604, 54.70, 252, 68.48, 4, 8532
19386, 10604, 54.70, 252, 68.48, 4, 8532
19387, 10605, 54.70, 252, 68.48, 4, 8532
19388, 10606, 54.70, 252, 68.48, 4, 8532
19389, 10606, 54.70, 252, 68.48, 4, 8532
19390, 10606, 54.70, 252, 68.48, 4, 8533
19391, 10607, 54.70, 252, 68.48, 4, 8533
19392, 10607, 54.70, 252, 68.48, 4, 8534
19393, 10607, 54.69, 252, 68.48, 4, 8535
19394, 10608, 54.70, 252, 68.48, 4, 8535
19395, 10609, 54.70, 252, 68.48, 4, 8535
19396, 10609, 54.70, 252, 68.48, 4, 8536
19397, 10609, 54.69, 252, 68.48, 4, 8537
19398, 10610, 54.70, 252, 68.48, 4, 8537
19399, 10611, 54.70, 252, 68.48, 4, 8537
19400, 10612, 54.70, 252, 68.48, 4, 8537
19401, 10613, 54.70, 252, 68.48, 4, 8537
19402, 10614, 54.71, 252, 68.48, 4, 8537
19403, 10614, 54.70, 252, 68.48, 4, 8538
19404, 10614, 54.70, 252, 68.48, 4, 8539
19405, 10615, 54.70, 252, 68.48, 4, 8539
19406, 10615, 54.70, 252, 68.48, 4, 8540
19407, 10616, 54.70, 252, 68.48, 4, 8540
19408, 10617, 54.70, 252, 68.48, 4, 8540
19409, 10618, 54.71, 252, 68.48, 4, 8540
19410, 10618, 54.70, 252, 68.48, 4, 8541
19411, 10618, 54.70, 252, 68.48, 4, 8542
19412, 10619, 54.70, 252, 68.48, 4, 8542
19413, 10619, 54.70, 252, 68.48, 4, 8543
19414, 10619, 54.70, 252, 68.48, 4, 8544
19415, 10619, 54.69, 252, 68.48, 4, 8545
19416, 10620, 54.70, 252, 68.48, 4, 8545
19417, 10621, 54.70, 252, 68.48, 4, 8545
19418, 10622, 54.70, 252, 68.48, 4, 8545
19419, 10623, 54.70, 252, 68.48, 4, 8545
19420, 10623, 54.70, 252, 68.48, 4, 8546
19421, 10623, 54.70, 252, 68.48, 4, 8547
19422, 10623, 54.70, 252, 68.48, 4, 8548
19423, 10623, 54.69, 252, 68.48, 4, 8549
19424, 10623, 54.69, 252, 68.48, 4, 8550
19425, 10623, 54.69, 252, 68.48, 4, 8551
19426, 10623, 54.68, 252, 68.48, 4, 8552
19427, 10624, 54.69, 252, 68.48, 4, 8552
19428, 10624, 54.68, 252, 68.48, 4, 8553
19429, 10625, 54.69, 252, 68.48, 4, 8553
19430, 10625, 54.68, 252, 68.48, 4, 8554
19431, 10626, 54.69, 252, 68.48, 4, 8554
19432, 10627, 54.69, 252, 68.48, 4, 8554
19433, 10628, 54.69, 252, 68.48, 4, 8554
19434, 10629, 54.69, 252, 68.48, 4, 8554
19435, 10629, 54.69, 252, 68.48, 4, 8555
19436, 10630, 54.69, 252, 68.48, 4, 8555
19437, 10630, 54.69, 252, 68.48, 4, 8556
19438, 10630, 54.69, 252, 68.48, 4, 8557
19439, 10631, 54.69, 252, 68.48, 4, 8557
19440, 10632, 54.69, 252, 68.48, 4, 8557
19441, 10633, 54.69, 252, 68.48, 4, 8557
19442, 10633, 54.69, 252, 68.48, 4, 8558
19443, 10634, 54.69, 252, 68.48, 4, 8558
19444, 10635, 54.70, 252, 68.48, 4, 8558
19445, 10636, 54.70, 252, 68.48, 4, 8558
19446, 10637, 54.70, 252, 68.48, 4, 8558
19447, 10638, 54.70, 252, 68.48, 4, 8558
19448, 10639, 54.70, 252, 68.48, 4, 8558
19449, 10640, 54.71, 252, 68.48, 4, 8558
19450, 10641, 54.71, 252, 68.48, 4, 8558
19451, 10641, 54.71, 252, 68.48, 4, 8559
19452, 10642, 54.71, 252, 68.48, 4, 8559
19453, 10643, 54.71, 252, 68.48, 4, 8559
19454, 10644, 54.71, 252, 68.48, 4, 8559
19455, 10644, 54.71, 252, 68.48, 4, 8560
19456, 10644, 54.71, 252, 68.48, 4, 8561
19457, 10645, 54.71, 252, 68.48, 4, 8561
19458, 10646, 54.71, 252, 68.48, 4, 8561
19459, 10647, 54.72, 252, 68.48, 4, 8561
19460, 10647, 54.71, 252, 68.48, 4, 8562
19461, 10648, 54.71, 252, 68.48, 4, 8562
19462, 10649, 54.72, 252, 68.48, 4, 8562
19463, 10650, 54.72, 252, 68.48, 4, 8562
19464, 10651, 54.72, 252, 68.48, 4, 8562
19465, 10651, 54.72, 252, 68.48, 4, 8563
19466, 10652, 54.72, 252, 68.48, 4, 8563
19467, 10652, 54.72, 252, 68.48, 4, 8564
19468, 10653, 54.72, 252, 68.48, 4, 8564
19469, 10654, 54.72, 252, 68.48, 4, 8564
19470, 10655, 54.73, 252, 68.48, 4, 8564
19471, 10655, 54.72, 252, 68.48, 4, 8565
19472, 10656, 54.72, 252, 68.48, 4, 8565
19473, 10656, 54.72, 252, 68.48, 4, 8566
19474, 10657, 54.72, 252, 68.48, 4, 8566
19475, 10658, 54.73, 252, 68.48, 4, 8566
19476, 10658, 54.72, 252, 68.48, 4, 8567
19477, 10659, 54.73, 252, 68.48, 4, 8567
19478, 10660, 54.73, 252, 68.48, 4, 8567
19479, 10661, 54.73, 252, 68.48, 4, 8567
19480, 10661, 54.73, 252, 68.48, 4, 8568
19481, 10662, 54.73, 252, 68.48, 4, 8568
19482, 10662, 54.73, 252, 68.48, 4, 8569
19483, 10663, 54.73, 252, 68.48, 4, 8569
19484, 10664, 54.73, 252, 68.48, 4, 8569
19485, 10665, 54.73, 252, 68.48, 4, 8569
19486, 10666, 54.74, 252, 68.48, 4, 8569
19487, 10666, 54.73, 252, 68.48, 4, 8570
19488, 10666, 54.73, 252, 68.48, 4, 8571
19489, 10666, 54.73, 252, 68.48, 4, 8572
19490, 10667, 54.73, 252, 68.48, 4, 8572
19491, 10667, 54.73, 252, 68.48, 4, 8573
19492, 10668, 54.73, 252, 68.48, 4, 8573
19493, 10669, 54.73, 252, 68.48, 4, 8573
19494, 10670, 54.73, 252, 68.48, 4, 8573
19495, 10671, 54.74, 252, 68.48, 4, 8573
19496, 10671, 54.73, 252, 68.48, 4, 8574
19497, 10671, 54.73, 252, 68.48, 4, 8575
19498, 10671, 54.73, 252, 68.48, 4, 8576
19499, 10672, 54.73, 252, 68.48, 4, 8576
19500, 10672, 54.73, 252, 68.48, 4, 8577
19501, 10673, 54.73, 252, 68.48, 4, 8577
19502, 10674, 54.73, 252, 68.48, 4, 8577
19503, 10675, 54.74, 252, 68.48, 4, 8577
19504, 10676, 54.74, 252, 68.48, 4, 8577
19505, 10677, 54.74, 252, 68.48, 4, 8577
19506, 10678, 54.74, 252, 68.48, 4, 8577
19507, 10679, 54.74, 252, 68.48, 4, 8577
19508, 10680, 54.75, 252, 68.48, 4, 8577
19509, 10681, 54.75, 252, 68.48, 4, 8577
19510, 10682, 54.75, 252, 68.48, 4, 8577
19511, 10683, 54.75, 252, 68.48, 4, 8577
19512, 10683, 54.75, 252, 68.48, 4, 8578
19513, 10683, 54.75, 252, 68.48, 4, 8579
19514, 10684, 54.75, 252, 68.48, 4, 8579
19515, 10684, 54.75, 252, 68.48, 4, 8580
19516, 10685, 54.75, 252, 68.48, 4, 8580
19517, 10685, 54.75, 252, 68.48, 4, 8581
19518, 10686, 54.75, 252, 68.48, 4, 8581
19519, 10687, 54.75, 252, 68.48, 4, 8581
19520, 10687, 54.75, 252, 68.48, 4, 8582
19521, 10688, 54.75, 252, 68.48, 4, 8582
19522, 10688, 54.75, 252, 68.48, 4, 8583
19523, 10688, 54.75, 252, 68.48, 4, 8584
19524, 10689, 54.75, 252, 68.48, 4, 8584
19525, 10690, 54.75, 252, 68.48, 4, 8584
19526, 10691, 54.75, 252, 68.48, 4, 8584
19527, 10692, 54.75, 252, 68.48, 4, 8584
19528, 10693, 54.76, 252, 68.48, 4, 8584
19529, 10693, 54.75, 252, 68.48, 4, 8585
19530, 10694, 54.76, 252, 68.48, 4, 8585
19531, 10695, 54.76, 252, 68.48, 4, 8585
19532, 10696, 54.76, 252, 68.48, 4, 8585
19533, 10696, 54.76, 252, 68.48, 4, 8586
19534, 10697, 54.76, 252, 68.48, 4, 8586
19535, 10698, 54.76, 252, 68.48, 4, 8586
19536, 10699, 54.77, 252, 68.48, 4, 8586
19537, 10700, 54.77, 252, 68.48, 4, 8586
19538, 10700, 54.77, 252, 68.48, 4, 8587
19539, 10700, 54.76, 252, 68.48, 4, 8588
19540, 10701, 54.76, 252, 68.48, 4, 8588
19541, 10701, 54.76, 252, 68.48, 4, 8589
19542, 10702, 54.76, 252, 68.48, 4, 8589
19543, 10703, 54.77, 252, 68.48, 4, 8589
19544, 10703, 54.76, 252, 68.48, 4, 8590
19545, 10704, 54.77, 252, 68.48, 4, 8590
19546, 10704, 54.76, 252, 68.48, 4, 8591
19547, 10704, 54.76, 252, 68.48, 4, 8592
19548, 10705, 54.76, 252, 68.48, 4, 8592
19549, 10705, 54.76, 252, 68.48, 4, 8593
19550, 10705, 54.76, 252, 68.48, 4, 8594
19551, 10705, 54.75, 252, 68.48, 4, 8595
19552, 10706, 54.76, 252, 68.48, 4, 8595
19553, 10706, 54.75, 252, 68.48, 4, 8596
19554, 10706, 54.75, 252, 68.48, 4, 8597
19555, 10707, 54.75, 252, 68.48, 4, 8597
19556, 10708, 54.76, 252, 68.48, 4, 8597
19557, 10709, 54.76, 252, 68.48, 4, 8597
19558, 10709, 54.76, 252, 68.48, 4, 8598
19559, 10710, 54.76, 252, 68.48, 4, 8598
19560, 10710, 54.75, 252, 68.48, 4, 8599
19561, 10711, 54.76, 252, 68.48, 4, 8599
19562, 10711, 54.75, 252, 68.48, 4, 8600
19563, 10712, 54.76, 252, 68.48, 4, 8600
19564, 10713, 54.76, 252, 68.48, 4, 8600
19565, 10714, 54.76, 252, 68.48, 4, 8600
19566, 10715, 54.76, 252, 68.48, 4, 8600
19567, 10716, 54.77, 252, 68.48, 4, 8600
19568, 10717, 54.77, 252, 68.48, 4, 8600
19569, 10717, 54.77, 252, 68.48, 4, 8601
19570, 10718, 54.77, 252, 68.48, 4, 8601
19571, 10718, 54.76, 252, 68.48, 4, 8602
19572, 10718, 54.76, 252, 68.48, 4, 8603
19573, 10718, 54.76, 252, 68.48, 4, 8604
19574, 10718, 54.76, 252, 68.48, 4, 8605
19575, 10718, 54.75, 252, 68.48, 4, 8606
19576, 10718, 54.75, 252, 68.48, 4, 8607
19577, 10719, 54.75, 252, 68.48, 4, 8607
19578, 10720, 54.76, 252, 68.48, 4, 8607
19579, 10721, 54.76, 252, 68.48, 4, 8607
19580, 10722, 54.76, 252, 68.48, 4, 8607
19581, 10722, 54.76, 252, 68.48, 4, 8608
19582, 10722, 54.75, 252, 68.48, 4, 8609
19583, 10723, 54.76, 252, 68.48, 4, 8609
19584, 10724, 54.76, 252, 68.48, 4, 8609
19585, 10724, 54.76, 252, 68.48, 4, 8610
19586, 10724, 54.75, 252, 68.48, 4, 8611
19587, 10725, 54.76, 252, 68.48, 4, 8611
19588, 10726, 54.76, 252, 68.48, 4, 8611
19589, 10727, 54.76, 252, 68.48, 4, 8611
19590, 10728, 54.76, 252, 68.48, 4, 8611
19591, 10728, 54.76, 252, 68.48, 4, 8612
19592, 10728, 54.76, 252, 68.48, 4, 8613
19593, 10729, 54.76, 252, 68.48, 4, 8613
19594, 10729, 54.76, 252, 68.48, 4, 8614
19595, 10729, 54.75, 252, 68.48, 4, 8615
19596, 10729, 54.75, 252, 68.48, 4, 8616
19597, 10729, 54.75, 252, 68.48, 4, 8617
19598, 10730, 54.75, 252, 68.48, 4, 8617
19599, 10731, 54.75, 252, 68.48, 4, 8617
19600, 10732, 54.76, 252, 68.48, 4, 8617
19601, 10732, 54.75, 252, 68.48, 4, 8618
19602, 10733, 54.75, 252, 68.48, 4, 8618
19603, 10733, 54.75, 252, 68.48, 4, 8619
19604, 10734, 54.75, 252, 68.48, 4, 8619
19605, 10734, 54.75, 252, 68.48, 4, 8620
19606, 10735, 54.75, 252, 68.48, 4, 8620
19607, 10736, 54.76, 252, 68.48, 4, 8620
19608, 10736, 54.75, 252, 68.48, 4, 8621
19609, 10736, 54.75, 252, 68.48, 4, 8622
19610, 10737, 54.75, 252, 68.48, 4, 8622
19611, 10737, 54.75, 252, 68.48, 4, 8623
19612, 10738, 54.75, 252, 68.48, 4, 8623
19613, 10738, 54.75, 252, 68.48, 4, 8624
19614, 10739, 54.75, 252, 68.48, 4, 8624
19615, 10739, 54.75, 252, 68.48, 4, 8625
19616, 10739, 54.75, 252, 68.48, 4, 8626
19617, 10740, 54.75, 252, 68.48, 4, 8626
19618, 10741, 54.75, 252, 68.48, 4, 8626
19619, 10741, 54.75, 252, 68.48, 4, 8627
19620, 10741, 54.75, 252, 68.48, 4, 8628
19621, 10742, 54.75, 252, 68.48, 4, 8628
19622, 10742, 54.74, 252, 68.48, 4, 8629
19623, 10742, 54.74, 252, 68.48, 4, 8630
19624, 10742, 54.74, 252, 68.48, 4, 8631
19625, 10742, 54.74, 252, 68.48, 4, 8632
19626, 10743, 54.74, 252, 68.48, 4, 8632
19627, 10744, 54.74, 252, 68.48, 4, 8632
19628, 10744, 54.74, 252, 68.48, 4, 8633
19629, 10744, 54.74, 252, 68.48, 4, 8634
19630, 10744, 54.73, 252, 68.48, 4, 8635
19631, 10745, 54.73, 252, 68.48, 4, 8635
19632, 10746, 54.74, 252, 68.48, 4, 8635
19633, 10746, 54.73, 252, 68.48, 4, 8636
19634, 10747, 54.74, 252, 68.48, 4, 8636
19635, 10748, 54.74, 252, 68.48, 4, 8636
19636, 10748, 54.74, 252, 68.48, 4, 8637
19637, 10749, 54.74, 252, 68.48, 4, 8637
19638, 10749, 54.74, 252, 68.48, 4, 8638
19639, 10749, 54.73, 252, 68.48, 4, 8639
19640, 10749, 54.73, 252, 68.48, 4, 8639
19641, 10750, 54.73, 252, 68.48, 4, 8639
19642, 10750, 54.73, 252, 68.48, 4, 8639
19643, 10750, 54.73, 252, 68.48, 4, 8639
19644, 10750, 54.72, 252, 68.48, 4, 8640
19645, 10750, 54.72, 252, 68.48, 4, 8641
19646, 10751, 54.72, 252, 68.48, 4, 8641
19647, 10752, 54.73, 252, 68.48, 4, 8641
19648, 10752, 54.72, 252, 68.48, 4, 8642
19649, 10753, 54.73, 252, 68.48, 4, 8642
19650, 10754, 54.73, 252, 68.48, 4, 8642
19651, 10755, 54.73, 252, 68.48, 4, 8642
19652, 10756, 54.73, 252, 68.48, 4, 8642
19653, 10757, 54.73, 252, 68.48, 4, 8642
19654, 10757, 54.73, 252, 68.48, 4, 8643
19655, 10757, 54.73, 252, 68.48, 4, 8644
19656, 10758, 54.73, 252, 68.48, 4, 8644
19657, 10759, 54.73, 252, 68.48, 4, 8644
19658, 10759, 54.73, 252, 68.48, 4, 8645
19659, 10760, 54.73, 252, 68.48, 4, 8645
19660, 10761, 54.74, 252, 68.48, 4, 8645
19661, 10761, 54.73, 252, 68.48, 4, 8646
19662, 10761, 54.73, 252, 68.48, 4, 8646
19663, 10762, 54.73, 252, 68.48, 4, 8646
19664, 10762, 54.73, 252, 68.48, 4, 8647
19665, 10763, 54.73, 252, 68.48, 4, 8647
19666, 10764, 54.73, 252, 68.48, 4, 8647
19667, 10765, 54.74, 252, 68.48, 4, 8647
19668, 10766, 54.74, 252, 68.48, 4, 8647
19669, 10767, 54.74, 252, 68.48, 4, 8647
19670, 10767, 54.74, 252, 68.48, 4, 8648
19671, 10767, 54.74, 252, 68.48, 4, 8649
19672, 10767, 54.73, 252, 68.48, 4, 8650
19673, 10768, 54.73, 252, 68.48, 4, 8650
19674, 10768, 54.73, 252, 68.48, 4, 8651
19675, 10768, 54.73, 252, 68.48, 4, 8652
19676, 10768, 54.73, 252, 68.48, 4, 8653
19677, 10768, 54.72, 252, 68.48, 4, 8654
19678, 10769, 54.73, 252, 68.48, 4, 8654
19679, 10770, 54.73, 252, 68.48, 4, 8654
19680, 10770, 54.73, 252, 68.48, 4, 8655
19681, 10770, 54.72, 252, 68.48, 4, 8656
19682, 10770, 54.72, 252, 68.48, 4, 8657
19683, 10771, 54.72, 252, 68.48, 4, 8657
19684, 10772, 54.72, 252, 68.48, 4, 8657
19685, 10772, 54.72, 252, 68.48, 4, 8658
19686, 10773, 54.72, 252, 68.48, 4, 8658
19687, 10774, 54.73, 252, 68.48, 4, 8658
19688, 10774, 54.72, 252, 68.48, 4, 8659
19689, 10775, 54.73, 252, 68.48, 4, 8659
19690, 10775, 54.72, 252, 68.48, 4, 8660
19691, 10776, 54.73, 252, 68.48, 4, 8660
19692, 10776, 54.72, 252, 68.48, 4, 8661
19693, 10776, 54.72, 252, 68.48, 4, 8662
19694, 10776, 54.72, 252, 68.48, 4, 8663
19695, 10776, 54.71, 252, 68.48, 4, 8664
19696, 10776, 54.71, 252, 68.48, 4, 8665
19697, 10776, 54.71, 252, 68.48, 4, 8666
19698, 10776, 54.71, 252, 68.48, 4, 8667
19699, 10776, 54.70, 252, 68.48, 4, 8668
19700, 10777, 54.71, 252, 68.48, 4, 8668
19701, 10777, 54.70, 252, 68.48, 4, 8669
19702, 10777, 54.70, 252, 68.48, 4, 8670
19703, 10778, 54.70, 252, 68.48, 4, 8670
19704, 10779, 54.70, 252, 68.48, 4, 8670
19705, 10779, 54.70, 252, 68.48, 4, 8671
19706, 10780, 54.70, 252, 68.48, 4, 8671
19707, 10780, 54.70, 252, 68.48, 4, 8672
19708, 10781, 54.70, 252, 68.48, 4, 8672
19709, 10781, 54.70, 252, 68.48, 4, 8673
19710, 10782, 54.70, 252, 68.48, 4, 8673
19711, 10783, 54.71, 252, 68.48, 4, 8673
19712, 10784, 54.71, 252, 68.48, 4, 8673
19713, 10785, 54.71, 252, 68.48, 4, 8673
19714, 10786, 54.71, 252, 68.48, 4, 8673
19715, 10786, 54.71, 252, 68.48, 4, 8674
19716, 10787, 54.71, 252, 68.48, 4, 8674
19717, 10787, 54.71, 252, 68.48, 4, 8675
19718, 10788, 54.71, 252, 68.48, 4, 8675
19719, 10789, 54.71, 252, 68.48, 4, 8675
19720, 10789, 54.71, 252, 68.48, 4, 8676
19721, 10790, 54.71, 252, 68.48, 4, 8676
19722, 10791, 54.72, 252, 68.48, 4, 8676
19723, 10792, 54.72, 252, 68.48, 4, 8676
19724, 10793, 54.72, 252, 68.48, 4, 8676
19725, 10793, 54.72, 252, 68.48, 4, 8677
19726, 10793, 54.71, 252, 68.48, 4, 8678
19727, 10794, 54.72, 252, 68.48, 4, 8678
19728, 10795, 54.72, 252, 68.48, 4, 8678
19729, 10795, 54.72, 252, 68.48, 4, 8679
19730, 10796, 54.72, 252, 68.48, 4, 8679
19731, 10797, 54.72, 252, 68.48, 4, 8679
19732, 10798, 54.72, 252, 68.48, 4, 8679
19733, 10798, 54.72, 252, 68.48, 4, 8680
19734, 10799, 54.72, 252, 68.48, 4, 8680
19735, 10800, 54.73, 252, 68.48, 4, 8680
19736, 10800, 54.72, 252, 68.48, 4, 8681
19737, 10801, 54.72, 252, 68.48, 4, 8681
19738, 10802, 54.73, 252, 68.48, 4, 8681
19739, 10803, 54.73, 252, 68.48, 4, 8681
19740, 10804, 54.73, 252, 68.48, 4, 8681
19741, 10804, 54.73, 252, 68.48, 4, 8682
19742, 10804, 54.73, 252, 68.48, 4, 8683
19743, 10804, 54.72, 252, 68.48, 4, 8684
19744, 10804, 54.72, 252, 68.48, 4, 8685
19745, 10804, 54.72, 252, 68.48, 4, 8686
19746, 10805, 54.72, 252, 68.48, 4, 8686
19747, 10806, 54.72, 252, 68.48, 4, 8686
19748, 10806, 54.72, 252, 68.48, 4, 8687
19749, 10807, 54.72, 252, 68.48, 4, 8687
19750, 10807, 54.72, 252, 68.48, 4, 8688
19751, 10807, 54.72, 252, 68.48, 4, 8689
19752, 10808, 54.72, 252, 68.48, 4, 8689
19753, 10809, 54.72, 252, 68.48, 4, 8689
19754, 10809, 54.72, 252, 68.48, 4, 8690
19755, 10809, 54.72, 252, 68.48, 4, 8691
19756, 10810, 54.72, 252, 68.48, 4, 8691
19757, 10810, 54.71, 252, 68.48, 4, 8692
19758, 10810, 54.71, 252, 68.48, 4, 8693
19759, 10810, 54.71, 252, 68.48, 4, 8694
19760, 10810, 54.71, 252, 68.48, 4, 8695
19761, 10811, 54.71, 252, 68.48, 4, 8695
19762, 10811, 54.71, 252, 68.48, 4, 8696
19763, 10812, 54.71, 252, 68.48, 4, 8696
19764, 10813, 54.71, 252, 68.48, 4, 8696
19765, 10814, 54.71, 252, 68.48, 4, 8696
19766, 10815, 54.72, 252, 68.48, 4, 8696
19767, 10816, 54.72, 252, 68.48, 4, 8696
19768, 10817, 54.72, 252, 68.48, 4, 8696
19769, 10818, 54.72, 252, 68.48, 4, 8696
19770, 10819, 54.72, 252, 68.48, 4, 8696
19771, 10819, 54.72, 252, 68.48, 4, 8697
19772, 10820, 54.72, 252, 68.48, 4, 8697
19773, 10820, 54.72, 252, 68.48, 4, 8698
19774, 10821, 54.72, 252, 68.48, 4, 8698
19775, 10822, 54.73, 252, 68.48, 4, 8698
19776, 10823, 54.73, 252, 68.48, 4, 8698
19777, 10824, 54.73, 252, 68.48, 4, 8698
19778, 10825, 54.73, 252, 68.48, 4, 8698
19779, 10826, 54.73, 252, 68.48, 4, 8698
19780, 10827, 54.74, 252, 68.48, 4, 8698
19781, 10828, 54.74, 252, 68.48, 4, 8698
19782, 10828, 54.74, 252, 68.48, 4, 8699
19783, 10828, 54.73, 252, 68.48, 4, 8700
19784, 10828, 54.73, 252, 68.48, 4, 8701
19785, 10829, 54.73, 252, 68.48, 4, 8701
19786, 10830, 54.74, 252, 68.48, 4, 8701
19787, 10831, 54.74, 252, 68.48, 4, 8701
19788, 10831, 54.74, 252, 68.48, 4, 8702
19789, 10831, 54.73, 252, 68.48, 4, 8703
19790, 10831, 54.73, 252, 68.48, 4, 8703
19791, 10832, 54.73, 252, 68.48, 4, 8703
19792, 10833, 54.73, 252, 68.48, 4, 8703
19793, 10834, 54.74, 252, 68.48, 4, 8703
19794, 10834, 54.73, 252, 68.48, 4, 8704
19795, 10834, 54.73, 252, 68.48, 4, 8705
19796, 10834, 54.73, 252, 68.48, 4, 8706
19797, 10834, 54.73, 252, 68.48, 4, 8707
19798, 10834, 54.72, 252, 68.48, 4, 8708
19799, 10835, 54.72, 252, 68.48, 4, 8708
19800, 10835, 54.72, 252, 68.48, 4, 8709
19801, 10835, 54.72, 252, 68.48, 4, 8710
19802, 10835, 54.72, 252, 68.48, 4, 8711
19803, 10835, 54.71, 252, 68.48, 4, 8712
19804, 10836, 54.72, 252, 68.48, 4, 8712
19805, 10837, 54.72, 252, 68.48, 4, 8712
19806, 10838, 54.72, 252, 68.48, 4, 8712
19807, 10838, 54.72, 252, 68.48, 4, 8713
19808, 10838, 54.72, 252, 68.48, 4, 8714
19809, 10839, 54.72, 252, 68.48, 4, 8714
19810, 10840, 54.72, 252, 68.48, 4, 8714
19811, 10840, 54.72, 252, 68.48, 4, 8715
19812, 10841, 54.72, 252, 68.48, 4, 8715
19813, 10841, 54.72, 252, 68.48, 4, 8716
19814, 10842, 54.72, 252, 68.48, 4, 8716
19815, 10842, 54.72, 252, 68.48, 4, 8717
19816, 10842, 54.71, 252, 68.48, 4, 8718
19817, 10843, 54.72, 252, 68.48, 4, 8718
19818, 10843, 54.71, 252, 68.48, 4, 8719
19819, 10843, 54.71, 252, 68.48, 4, 8720
19820, 10843, 54.71, 252, 68.48, 4, 8721
19821, 10843, 54.70, 252, 68.48, 4, 8722
19822, 10843, 54.70, 252, 68.48, 4, 8723
19823, 10844, 54.70, 252, 68.48, 4, 8723
19824, 10845, 54.71, 252, 68.48, 4, 8723
19825, 10846, 54.71, 252, 68.48, 4, 8723
19826, 10846, 54.71, 252, 68.48, 4, 8724
19827, 10846, 54.70, 252, 68.48, 4, 8725
19828, 10846, 54.70, 252, 68.48, 4, 8726
19829, 10846, 54.70, 252, 68.48, 4, 8727
19830, 10846, 54.69, 252, 68.48, 4, 8728
19831, 10846, 54.69, 252, 68.48, 4, 8729
19832, 10846, 54.69, 252, 68.48, 4, 8730
19833, 10846, 54.69, 252, 68.48, 4, 8731
19834, 10846, 54.68, 252, 68.48, 4, 8732
19835, 10847, 54.69, 252, 68.48, 4, 8732
19836, 10848, 54.69, 252, 68.48, 4, 8732
19837, 10848, 54.69, 252, 68.48, 4, 8733
19838, 10849, 54.69, 252, 68.48, 4, 8733
19839, 10850, 54.69, 252, 68.48, 4, 8733
19840, 10851, 54.69, 252, 68.48, 4, 8733
19841, 10851, 54.69, 252, 68.48, 4, 8734
19842, 10852, 54.69, 252, 68.48, 4, 8734
19843, 10852, 54.69, 252, 68.48, 4, 8735
19844, 10852, 54.69, 252, 68.48, 4, 8736
19845, 10852, 54.68, 252, 68.48, 4, 8737
19846, 10852, 54.68, 252, 68.48, 4, 8738
19847, 10853, 54.68, 252, 68.48, 4, 8738
19848, 10853, 54.68, 252, 68.48, 4, 8739
19849, 10853, 54.68, 252, 68.48, 4, 8740
19850, 10854, 54.68, 252, 68.48, 4, 8740
19851, 10854, 54.68, 252, 68.48, 4, 8741
19852, 10855, 54.68, 252, 68.48, 4, 8741
19853, 10856, 54.68, 252, 68.48, 4, 8741
19854, 10857, 54.68, 252, 68.48, 4, 8741
19855, 10858, 54.69, 252, 68.48, 4, 8741
19856, 10858, 54.68, 252, 68.48, 4, 8742
19857, 10859, 54.69, 252, 68.48, 4, 8742
19858, 10859, 54.68, 252, 68.48, 4, 8743
19859, 10860, 54.69, 252, 68.48, 4, 8743
19860, 10860, 54.68, 252, 68.48, 4, 8744
19861, 10861, 54.69, 252, 68.48, 4, 8744
19862, 10861, 54.68, 252, 68.48, 4, 8745
19863, 10862, 54.68, 252, 68.48, 4, 8745
19864, 10863, 54.69, 252, 68.48, 4, 8745
19865, 10863, 54.68, 252, 68.48, 4, 8746
19866, 10864, 54.69, 252, 68.48, 4, 8746
19867, 10865, 54.69, 252, 68.48, 4, 8746
19868, 10866, 54.69, 252, 68.48, 4, 8746
19869, 10866, 54.69, 252, 68.48, 4, 8747
19870, 10867, 54.69, 252, 68.48, 4, 8747
19871, 10868, 54.69, 252, 68.48, 4, 8747
19872, 10868, 54.69, 252, 68.48, 4, 8748
19873, 10868, 54.69, 252, 68.48, 4, 8749
19874, 10869, 54.69, 252, 68.48, 4, 8749
19875, 10870, 54.69, 252, 68.48, 4, 8749
19876, 10870, 54.69, 252, 68.48, 4, 8750
19877, 10871, 54.69, 252, 68.48, 4, 8750
19878, 10871, 54.69, 252, 68.48, 4, 8751
19879, 10872, 54.69, 252, 68.48, 4, 8751
19880, 10872, 54.69, 252, 68.48, 4, 8752
19881, 10872, 54.69, 252, 68.48, 4, 8753
19882, 10873, 54.69, 252, 68.48, 4, 8753
19883, 10874, 54.69, 252, 68.48, 4, 8753
19884, 10874, 54.69, 252, 68.48, 4, 8754
19885, 10875, 54.69, 252, 68.48, 4, 8754
19886, 10875, 54.69, 252, 68.48, 4, 8755
19887, 10876, 54.69, 252, 68.48, 4, 8755
19888, 10877, 54.69, 252, 68.48, 4, 8755
19889, 10878, 54.69, 252, 68.48, 4, 8755
19890, 10878, 54.69, 252, 68.48, 4, 8756
19891, 10879, 54.69, 252, 68.48, 4, 8756
19892, 10880, 54.70, 252, 68.48, 4, 8756
19893, 10881, 54.70, 252, 68.48, 4, 8756
19894, 10882, 54.70, 252, 68.48, 4, 8756
19895, 10883, 54.70, 252, 68.48, 4, 8756
19896, 10883, 54.70, 252, 68.48, 4, 8757
19897, 10884, 54.70, 252, 68.48, 4, 8757
19898, 10885, 54.70, 252, 68.48, 4, 8757
19899, 10886, 54.71, 252, 68.48, 4, 8757
19900, 10886, 54.70, 252, 68.48, 4, 8758
19901, 10887, 54.71, 252, 68.48, 4, 8758
19902, 10887, 54.70, 252, 68.48, 4, 8759
19903, 10888, 54.71, 252, 68.48, 4, 8759
19904, 10888, 54.70, 252, 68.48, 4, 8760
19905, 10889, 54.70, 252, 68.48, 4, 8760
19906, 10889, 54.70, 252, 68.48, 4, 8761
19907, 10890, 54.70, 252, 68.48, 4, 8761
19908, 10891, 54.71, 252, 68.48, 4, 8761
19909, 10892, 54.71, 252, 68.48, 4, 8761
19910, 10893, 54.71, 252, 68.48, 4, 8761
19911, 10894, 54.71, 252, 68.48, 4, 8761
19912, 10895, 54.72, 252, 68.48, 4, 8761
19913, 10895, 54.71, 252, 68.48, 4, 8762
19914, 10895, 54.71, 252, 68.48, 4, 8763
19915, 10896, 54.71, 252, 68.48, 4, 8763
19916, 10897, 54.71, 252, 68.48, 4, 8763
19917, 10897, 54.71, 252, 68.48, 4, 8764
19918, 10898, 54.71, 252, 68.48, 4, 8764
19919, 10899, 54.72, 252, 68.48, 4, 8764
19920, 10899, 54.71, 252, 68.48, 4, 8765
19921, 10899, 54.71, 252, 68.48, 4, 8766
19922, 10900, 54.71, 252, 68.48, 4, 8766
19923, 10900, 54.71, 252, 68.48, 4, 8767
19924, 10901, 54.71, 252, 68.48, 4, 8767
19925, 10901, 54.71, 252, 68.48, 4, 8768
19926, 10901, 54.71, 252, 68.48, 4, 8769
19927, 10901, 54.70, 252, 68.48, 4, 8770
19928, 10902, 54.71, 252, 68.48, 4, 8770
19929, 10903, 54.71, 252, 68.48, 4, 8770
19930, 10903, 54.71, 252, 68.48, 4, 8771
19931, 10903, 54.70, 252, 68.48, 4, 8772
19932, 10903, 54.70, 252, 68.48, 4, 8773
19933, 10904, 54.70, 252, 68.48, 4, 8773
19934, 10905, 54.71, 252, 68.48, 4, 8773
19935, 10905, 54.70, 252, 68.48, 4, 8774
19936, 10906, 54.71, 252, 68.48, 4, 8774
19937, 10906, 54.70, 252, 68.48, 4, 8775
19938, 10906, 54.70, 252, 68.48, 4, 8776
19939, 10907, 54.70, 252, 68.48, 4, 8776
19940, 10908, 54.70, 252, 68.48, 4, 8776
19941, 10908, 54.70, 252, 68.48, 4, 8777
19942, 10908, 54.70, 252, 68.48, 4, 8778
19943, 10908, 54.70, 252, 68.48, 4, 8779
19944, 10909, 54.70, 252, 68.48, 4, 8779
19945, 10909, 54.70, 252, 68.48, 4, 8780
19946, 10909, 54.69, 252, 68.48, 4, 8781
19947, 10910, 54.69, 252, 68.48, 4, 8781
19948, 10911, 54.70, 252, 68.48, 4, 8781
19949, 10912, 54.70, 252, 68.48, 4, 8781
19950, 10913, 54.70, 252, 68.48, 4, 8781
19951, 10914, 54.70, 252, 68.48, 4, 8781
19952, 10914, 54.70, 252, 68.48, 4, 8782
19953, 10915, 54.70, 252, 68.48, 4, 8782
19954, 10916, 54.71, 252, 68.48, 4, 8782
19955, 10917, 54.71, 252, 68.48, 4, 8782
19956, 10918, 54.71, 252, 68.48, 4, 8782
19957, 10918, 54.71, 252, 68.48, 4, 8783
19958, 10918, 54.70, 252, 68.48, 4, 8784
19959, 10919, 54.71, 252, 68.48, 4, 8784
19960, 10920, 54.71, 252, 68.48, 4, 8784
19961, 10920, 54.71, 252, 68.48, 4, 8785
19962, 10920, 54.70, 252, 68.48, 4, 8786
19963, 10920, 54.70, 252, 68.48, 4, 8787
19964, 10921, 54.70, 252, 68.48, 4, 8787
19965, 10921, 54.70, 252, 68.48, 4, 8788
19966, 10922, 54.70, 252, 68.48, 4, 8788
19967, 10922, 54.70, 252, 68.48, 4, 8789
19968, 10923, 54.70, 252, 68.48, 4, 8789
19969, 10923, 54.70, 252, 68.48, 4, 8790
19970, 10924, 54.70, 252, 68.48, 4, 8790
19971, 10925, 54.70, 252, 68.48, 4, 8790
19972, 10925, 54.70, 252, 68.48, 4, 8791
19973, 10925, 54.70, 252, 68.48, 4, 8792
19974, 10925, 54.70, 252, 68.48, 4, 8793
19975, 10925, 54.69, 252, 68.48, 4, 8794
19976, 10926, 54.70, 252, 68.48, 4, 8794
19977, 10926, 54.69, 252, 68.48, 4, 8795
19978, 10927, 54.70, 252, 68.48, 4, 8795
19979, 10928, 54.70, 252, 68.48, 4, 8795
19980, 10928, 54.69, 252, 68.48, 4, 8796
19981, 10929, 54.70, 252, 68.48, 4, 8796
19982, 10929, 54.69, 252, 68.48, 4, 8797
19983, 10930, 54.70, 252, 68.48, 4, 8797
19984, 10930, 54.69, 252, 68.48, 4, 8798
19985, 10931, 54.70, 252, 68.48, 4, 8798
19986, 10931, 54.69, 252, 68.48, 4, 8799
19987, 10932, 54.70, 252, 68.48, 4, 8799
19988, 10933, 54.70, 252, 68.48, 4, 8799
19989, 10934, 54.70, 252, 68.48, 4, 8799
19990, 10934, 54.70, 252, 68.48, 4, 8800
19991, 10934, 54.69, 252, 68.48, 4, 8801
19992, 10935, 54.70, 252, 68.48, 4, 8801
19993, 10935, 54.69, 252, 68.48, 4, 8802
19994, 10936, 54.70, 252, 68.48, 4, 8802
19995, 10937, 54.70, 252, 68.48, 4, 8802
19996, 10938, 54.70, 252, 68.48, 4, 8802
19997, 10938, 54.70, 252, 68.48, 4, 8803
19998, 10938, 54.70, 252, 68.48, 4, 8804
19999, 10939, 54.70, 252, 68.48, 4, 8804
20000, 10940, 54.70, 252, 68.48, 4, 8804
20001, 10941, 54.70, 252, 68.48, 4, 8804
20002, 10942, 54.70, 252, 68.48, 4, 8804
20003, 10943, 54.71, 252, 68.48, 4, 8804
20004, 10944, 54.71, 252, 68.48, 4, 8804
20005, 10945, 54.71, 252, 68.48, 4, 8804
20006, 10945, 54.71, 252, 68.48, 4, 8805
20007, 10946, 54.71, 252, 68.48, 4, 8805
20008, 10946, 54.71, 252, 68.48, 4, 8805
20009, 10946, 54.71, 252, 68.48, 4, 8806
20010, 10947, 54.71, 252, 68.48, 4, 8806
20011, 10947, 54.70, 252, 68.48, 4, 8807
20012, 10947, 54.70, 252, 68.48, 4, 8808
20013, 10948, 54.70, 252, 68.48, 4, 8808
20014, 10948, 54.70, 252, 68.48, 4, 8809
20015, 10949, 54.70, 252, 68.48, 4, 8809
20016, 10950, 54.71, 252, 68.48, 4, 8809
20017, 10950, 54.70, 252, 68.48, 4, 8810
20018, 10951, 54.71, 252, 68.48, 4, 8810
20019, 10951, 54.70, 252, 68.48, 4, 8811
20020, 10952, 54.71, 252, 68.48, 4, 8811
20021, 10953, 54.71, 252, 68.48, 4, 8811
20022, 10954, 54.71, 252, 68.48, 4, 8811
20023, 10955, 54.71, 252, 68.48, 4, 8811
20024, 10956, 54.71, 252, 68.48, 4, 8811
20025, 10957, 54.72, 252, 68.48, 4, 8811
20026, 10957, 54.71, 252, 68.48, 4, 8812
20027, 10958, 54.72, 252, 68.48, 4, 8812
20028, 10958, 54.71, 252, 68.48, 4, 8813
20029, 10958, 54.71, 252, 68.48, 4, 8814
20030, 10959, 54.71, 252, 68.48, 4, 8814
20031, 10959, 54.71, 252, 68.48, 4, 8815
20032, 10959, 54.71, 252, 68.48, 4, 8816
20033, 10959, 54.70, 252, 68.48, 4, 8817
20034, 10959, 54.70, 252, 68.48, 4, 8818
20035, 10960, 54.70, 252, 68.48, 4, 8818
20036, 10961, 54.71, 252, 68.48, 4, 8818
20037, 10961, 54.70, 252, 68.48, 4, 8819
20038, 10961, 54.70, 252, 68.48, 4, 8820
20039, 10962, 54.70, 252, 68.48, 4, 8820
20040, 10962, 54.70, 252, 68.48, 4, 8821
20041, 10962, 54.70, 252, 68.48, 4, 8822
20042, 10963, 54.70, 252, 68.48, 4, 8822
20043, 10963, 54.70, 252, 68.48, 4, 8823
20044, 10964, 54.70, 252, 68.48, 4, 8823
20045, 10964, 54.70, 252, 68.48, 4, 8824
20046, 10965, 54.70, 252, 68.48, 4, 8824
20047, 10965, 54.70, 252, 68.48, 4, 8825
20048, 10965, 54.69, 252, 68.48, 4, 8826
20049, 10965, 54.69, 252, 68.48, 4, 8827
20050, 10965, 54.69, 252, 68.48, 4, 8828
20051, 10966, 54.69, 252, 68.48, 4, 8828
20052, 10966, 54.69, 252, 68.48, 4, 8829
20053, 10966, 54.69, 252, 68.48, 4, 8830
20054, 10966, 54.68, 252, 68.48, 4, 8831
20055, 10967, 54.68, 252, 68.48, 4, 8831
20056, 10967, 54.68, 252, 68.48, 4, 8832
20057, 10968, 54.68, 252, 68.48, 4, 8832
20058, 10969, 54.69, 252, 68.48, 4, 8832
20059, 10970, 54.69, 252, 68.48, 4, 8832
20060, 10971, 54.69, 252, 68.48, 4, 8832
20061, 10971, 54.69, 252, 68.48, 4, 8833
20062, 10971, 54.69, 252, 68.48, 4, 8834
20063, 10971, 54.68, 252, 68.48, 4, 8835
20064, 10972, 54.69, 252, 68.48, 4, 8835
20065, 10973, 54.69, 252, 68.48, 4, 8835
20066, 10973, 54.68, 252, 68.48, 4, 8836
20067, 10974, 54.69, 252, 68.48, 4, 8836
20068, 10974, 54.68, 252, 68.48, 4, 8837
20069, 10974, 54.68, 252, 68.48, 4, 8838
20070, 10975, 54.68, 252, 68.48, 4, 8838
20071, 10976, 54.69, 252, 68.48, 4, 8838
20072, 10977, 54.69, 252, 68.48, 4, 8838
20073, 10978, 54.69, 252, 68.48, 4, 8838
20074, 10979, 54.69, 252, 68.48, 4, 8838
20075, 10980, 54.69, 252, 68.48, 4, 8838
20076, 10980, 54.69, 252, 68.48, 4, 8839
20077, 10981, 54.69, 252, 68.48, 4, 8839
20078, 10981, 54.69, 252, 68.48, 4, 8840
20079, 10982, 54.69, 252, 68.48, 4, 8840
20080, 10982, 54.69, 252, 68.48, 4, 8841
20081, 10983, 54.69, 252, 68.48, 4, 8841
20082, 10983, 54.69, 252, 68.48, 4, 8842
20083, 10983, 54.69, 252, 68.48, 4, 8843
20084, 10984, 54.69, 252, 68.48, 4, 8843
20085, 10985, 54.69, 252, 68.48, 4, 8843
20086, 10985, 54.69, 252, 68.48, 4, 8844
20087, 10985, 54.69, 252, 68.48, 4, 8845
20088, 10985, 54.68, 252, 68.48, 4, 8846
20089, 10986, 54.69, 252, 68.48, 4, 8846
20090, 10986, 54.68, 252, 68.48, 4, 8847
20091, 10987, 54.69, 252, 68.48, 4, 8847
20092, 10987, 54.68, 252, 68.48, 4, 8848
20093, 10988, 54.69, 252, 68.48, 4, 8848
20094, 10988, 54.68, 252, 68.48, 4, 8848
20095, 10989, 54.69, 252, 68.48, 4, 8848
20096, 10989, 54.68, 252, 68.48, 4, 8848
20097, 10989, 54.68, 252, 68.48, 4, 8849
20098, 10990, 54.68, 252, 68.48, 4, 8849
20099, 10991, 54.68, 252, 68.48, 4, 8849
20100, 10992, 54.69, 252, 68.48, 4, 8849
20101, 10992, 54.68, 252, 68.48, 4, 8850
20102, 10992, 54.68, 252, 68.48, 4, 8851
20103, 10992, 54.68, 252, 68.48, 4, 8852
20104, 10993, 54.68, 252, 68.48, 4, 8852
20105, 10993, 54.68, 252, 68.48, 4, 8853
20106, 10993, 54.68, 252, 68.48, 4, 8854
20107, 10994, 54.68, 252, 68.48, 4, 8854
20108, 10995, 54.68, 252, 68.48, 4, 8854
20109, 10995, 54.68, 252, 68.48, 4, 8855
20110, 10996, 54.68, 252, 68.48, 4, 8855
20111, 10997, 54.68, 252, 68.48, 4, 8855
20112, 10998, 54.68, 252, 68.48, 4, 8855
20113, 10998, 54.68, 252, 68.48, 4, 8856
20114, 10998, 54.68, 252, 68.48, 4, 8857
20115, 10999, 54.68, 252, 68.48, 4, 8857
20116, 11000, 54.68, 252, 68.48, 4, 8857
20117, 11000, 54.68, 252, 68.48, 4, 8858
20118, 11001, 54.68, 252, 68.48, 4, 8858
20119, 11001, 54.68, 252, 68.48, 4, 8859
20120, 11002, 54.68, 252, 68.48, 4, 8859
20121, 11003, 54.68, 252, 68.48, 4, 8859
20122, 11004, 54.69, 252, 68.48, 4, 8859
20123, 11005, 54.69, 252, 68.48, 4, 8859
20124, 11005, 54.69, 252, 68.48, 4, 8859
20125, 11006, 54.69, 252, 68.48, 4, 8859
20126, 11006, 54.69, 252, 68.48, 4, 8860
20127, 11006, 54.68, 252, 68.48, 4, 8861
20128, 11006, 54.68, 252, 68.48, 4, 8862
20129, 11006, 54.68, 252, 68.48, 4, 8863
20130, 11007, 54.68, 252, 68.48, 4, 8863
20131, 11008, 54.68, 252, 68.48, 4, 8863
20132, 11009, 54.68, 252, 68.48, 4, 8863
20133, 11010, 54.69, 252, 68.48, 4, 8863
20134, 11011, 54.69, 252, 68.48, 4, 8863
20135, 11011, 54.69, 252, 68.48, 4, 8864
20136, 11012, 54.69, 252, 68.48, 4, 8864
20137, 11013, 54.69, 252, 68.48, 4, 8864
20138, 11013, 54.69, 252, 68.48, 4, 8865
20139, 11014, 54.69, 252, 68.48, 4, 8865
20140, 11015, 54.69, 252, 68.48, 4, 8865
20141, 11016, 54.69, 252, 68.48, 4, 8865
20142, 11016, 54.69, 252, 68.48, 4, 8866
20143, 11016, 54.69, 252, 68.48, 4, 8867
20144, 11016, 54.69, 252, 68.48, 4, 8868
20145, 11017, 54.69, 252, 68.48, 4, 8868
20146, 11018, 54.69, 252, 68.48, 4, 8868
20147, 11019, 54.69, 252, 68.48, 4, 8868
20148, 11020, 54.70, 252, 68.48, 4, 8868
20149, 11020, 54.69, 252, 68.48, 4, 8869
20150, 11020, 54.69, 252, 68.48, 4, 8870
20151, 11020, 54.69, 252, 68.48, 4, 8871
20152, 11020, 54.68, 252, 68.48, 4, 8872
20153, 11021, 54.69, 252, 68.48, 4, 8872
20154, 11021, 54.68, 252, 68.48, 4, 8873
20155, 11022, 54.69, 252, 68.48, 4, 8873
20156, 11022, 54.68, 252, 68.48, 4, 8874
20157, 11023, 54.69, 252, 68.48, 4, 8874
20158, 11023, 54.68, 252, 68.48, 4, 8875
20159, 11023, 54.68, 252, 68.48, 4, 8876
20160, 11023, 54.68, 252, 68.48, 4, 8877
20161, 11024, 54.68, 252, 68.48, 4, 8877
20162, 11024, 54.68, 252, 68.48, 4, 8878
20163, 11024, 54.67, 252, 68.48, 4, 8879
20164, 11024, 54.67, 252, 68.48, 4, 8880
20165, 11024, 54.67, 252, 68.48, 4, 8881
20166, 11024, 54.67, 252, 68.48, 4, 8882
20167, 11025, 54.67, 252, 68.48, 4, 8882
20168, 11025, 54.67, 252, 68.48, 4, 8883
20169, 11025, 54.66, 252, 68.48, 4, 8884
20170, 11026, 54.67, 252, 68.48, 4, 8884
20171, 11027, 54.67, 252, 68.48, 4, 8884
20172, 11027, 54.66, 252, 68.48, 4, 8885
20173, 11028, 54.67, 252, 68.48, 4, 8885
20174, 11028, 54.66, 252, 68.48, 4, 8886
20175, 11028, 54.66, 252, 68.48, 4, 8887
20176, 11029, 54.66, 252, 68.48, 4, 8887
20177, 11029, 54.66, 252, 68.48, 4, 8888
20178, 11029, 54.66, 252, 68.48, 4, 8889
20179, 11030, 54.66, 252, 68.48, 4, 8889
20180, 11031, 54.66, 252, 68.48, 4, 8889
20181, 11031, 54.66, 252, 68.48, 4, 8890
20182, 11032, 54.66, 252, 68.48, 4, 8890
20183, 11033, 54.66, 252, 68.48, 4, 8890
20184, 11033, 54.66, 252, 68.48, 4, 8891
20185, 11033, 54.66, 252, 68.48, 4, 8892
20186, 11033, 54.66, 252, 68.48, 4, 8893
20187, 11034, 54.66, 252, 68.48, 4, 8893
20188, 11035, 54.66, 252, 68.48, 4, 8893
20189, 11036, 54.66, 252, 68.48, 4, 8893
20190, 11037, 54.67, 252, 68.48, 4, 8893
20191, 11037, 54.66, 252, 68.48, 4, 8894
20192, 11037, 54.66, 252, 68.48, 4, 8895
20193, 11038, 54.66, 252, 68.48, 4, 8895
20194, 11039, 54.66, 252, 68.48, 4, 8895
20195, 11040, 54.67, 252, 68.48, 4, 8895
20196, 11040, 54.66, 252, 68.48, 4, 8896
20197, 11040, 54.66, 252, 68.48, 4, 8897
20198, 11041, 54.66, 252, 68.48, 4, 8897
20199, 11042, 54.67, 252, 68.48, 4, 8897
20200, 11043, 54.67, 252, 68.48, 4, 8897
20201, 11043, 54.67, 252, 68.48, 4, 8898
20202, 11043, 54.66, 252, 68.48, 4, 8899
20203, 11044, 54.67, 252, 68.48, 4, 8899
20204, 11045, 54.67, 252, 68.48, 4, 8899
20205, 11045, 54.66, 252, 68.48, 4, 8900
20206, 11045, 54.66, 252, 68.48, 4, 8901
20207, 11045, 54.66, 252, 68.48, 4, 8902
20208, 11045, 54.66, 252, 68.48, 4, 8903
20209, 11046, 54.66, 252, 68.48, 4, 8903
20210, 11047, 54.66, 252, 68.48, 4, 8903
20211, 11047, 54.66, 252, 68.48, 4, 8904
20212, 11047, 54.66, 252, 68.48, 4, 8905
20213, 11048, 54.66, 252, 68.48, 4, 8905
20214, 11048, 54.66, 252, 68.48, 4, 8906
20215, 11049, 54.66, 252, 68.48, 4, 8906
20216, 11050, 54.66, 252, 68.48, 4, 8906
20217, 11050, 54.66, 252, 68.48, 4, 8907
20218, 11051, 54.66, 252, 68.48, 4, 8907
20219, 11051, 54.66, 252, 68.48, 4, 8908
20220, 11051, 54.65, 252, 68.48, 4, 8909
20221, 11052, 54.66, 252, 68.48, 4, 8909
20222, 11052, 54.65, 252, 68.48, 4, 8910
20223, 11053, 54.66, 252, 68.48, 4, 8910
20224, 11054, 54.66, 252, 68.48, 4, 8910
20225, 11054, 54.66, 252, 68.48, 4, 8911
20226, 11055, 54.66, 252, 68.48, 4, 8911
20227, 11056, 54.66, 252, 68.48, 4, 8911
20228, 11057, 54.66, 252, 68.48, 4, 8911
20229, 11058, 54.66, 252, 68.48, 4, 8911
20230, 11059, 54.67, 252, 68.48, 4, 8911
20231, 11060, 54.67, 252, 68.48, 4, 8911
20232, 11060, 54.67, 252, 68.48, 4, 8912
20233, 11061, 54.67, 252, 68.48, 4, 8912
20234, 11061, 54.67, 252, 68.48, 4, 8913
20235, 11061, 54.66, 252, 68.48, 4, 8914
20236, 11062, 54.66, 252, 68.48, 4, 8914
20237, 11063, 54.67, 252, 68.48, 4, 8914
20238, 11064, 54.67, 252, 68.48, 4, 8914
20239, 11065, 54.67, 252, 68.48, 4, 8914
20240, 11065, 54.67, 252, 68.48, 4, 8915
20241, 11066, 54.67, 252, 68.48, 4, 8915
20242, 11066, 54.67, 252, 68.48, 4, 8916
20243, 11067, 54.67, 252, 68.48, 4, 8916
20244, 11068, 54.67, 252, 68.48, 4, 8916
20245, 11069, 54.68, 252, 68.48, 4, 8916
20246, 11069, 54.67, 252, 68.48, 4, 8917
20247, 11069, 54.67, 252, 68.48, 4, 8918
20248, 11069, 54.67, 252, 68.48, 4, 8919
20249, 11069, 54.66, 252, 68.48, 4, 8920
20250, 11070, 54.67, 252, 68.48, 4, 8920
20251, 11070, 54.66, 252, 68.48, 4, 8921
20252, 11071, 54.67, 252, 68.48, 4, 8921
20253, 11071, 54.66, 252, 68.48, 4, 8922
20254, 11072, 54.67, 252, 68.48, 4, 8922
20255, 11072, 54.66, 252, 68.48, 4, 8922
20256, 11073, 54.67, 252, 68.48, 4, 8922
20257, 11074, 54.67, 252, 68.48, 4, 8922
20258, 11075, 54.67, 252, 68.48, 4, 8922
20259, 11075, 54.67, 252, 68.48, 4, 8923
20260, 11075, 54.66, 252, 68.48, 4, 8924
20261, 11075, 54.66, 252, 68.48, 4, 8925
20262, 11075, 54.66, 252, 68.48, 4, 8926
20263, 11075, 54.66, 252, 68.48, 4, 8927
20264, 11075, 54.65, 252, 68.48, 4, 8928
20265, 11076, 54.66, 252, 68.48, 4, 8928
20266, 11077, 54.66, 252, 68.48, 4, 8928
20267, 11078, 54.66, 252, 68.48, 4, 8928
20268, 11079, 54.66, 252, 68.48, 4, 8928
20269, 11079, 54.66, 252, 68.48, 4, 8929
20270, 11079, 54.66, 252, 68.48, 4, 8930
20271, 11079, 54.65, 252, 68.48, 4, 8931
20272, 11079, 54.65, 252, 68.48, 4, 8932
20273, 11080, 54.65, 252, 68.48, 4, 8932
20274, 11080, 54.65, 252, 68.48, 4, 8933
20275, 11080, 54.65, 252, 68.48, 4, 8934
20276, 11080, 54.65, 252, 68.48, 4, 8935
20277, 11080, 54.64, 252, 68.48, 4, 8936
20278, 11081, 54.65, 252, 68.48, 4, 8936
20279, 11082, 54.65, 252, 68.48, 4, 8936
20280, 11083, 54.65, 252, 68.48, 4, 8936
20281, 11083, 54.65, 252, 68.48, 4, 8937
20282, 11084, 54.65, 252, 68.48, 4, 8937
20283, 11084, 54.65, 252, 68.48, 4, 8938
20284, 11085, 54.65, 252, 68.48, 4, 8938
20285, 11086, 54.65, 252, 68.48, 4, 8938
20286, 11086, 54.65, 252, 68.48, 4, 8939
20287, 11087, 54.65, 252, 68.48, 4, 8939
20288, 11088, 54.65, 252, 68.48, 4, 8939
20289, 11088, 54.65, 252, 68.48, 4, 8940
20290, 11089, 54.65, 252, 68.48, 4, 8940
20291, 11090, 54.65, 252, 68.48, 4, 8940
20292, 11091, 54.66, 252, 68.48, 4, 8940
20293, 11091, 54.65, 252, 68.48, 4, 8941
20294, 11092, 54.66, 252, 68.48, 4, 8941
20295, 11093, 54.66, 252, 68.48, 4, 8941
20296, 11093, 54.66, 252, 68.48, 4, 8942
20297, 11094, 54.66, 252, 68.48, 4, 8942
20298, 11095, 54.66, 252, 68.48, 4, 8942
20299, 11095, 54.66, 252, 68.48, 4, 8943
20300, 11095, 54.66, 252, 68.48, 4, 8944
20301, 11096, 54.66, 252, 68.48, 4, 8944
20302, 11096, 54.65, 252, 68.48, 4, 8945
20303, 11097, 54.66, 252, 68.48, 4, 8945
20304, 11097, 54.65, 252, 68.48, 4, 8946
20305, 11098, 54.66, 252, 68.48, 4, 8946
20306, 11098, 54.65, 252, 68.48, 4, 8947
20307, 11099, 54.66, 252, 68.48, 4, 8947
20308, 11100, 54.66, 252, 68.48, 4, 8947
20309, 11101, 54.66, 252, 68.48, 4, 8947
20310, 11102, 54.66, 252, 68.48, 4, 8947
20311, 11103, 54.66, 252, 68.48, 4, 8947
20312, 11103, 54.66, 252, 68.48, 4, 8948
20313, 11103, 54.66, 252, 68.48, 4, 8949
20314, 11103, 54.66, 252, 68.48, 4, 8950
20315, 11103, 54.65, 252, 68.48, 4, 8951
20316, 11104, 54.66, 252, 68.48, 4, 8951
20317, 11105, 54.66, 252, 68.48, 4, 8951
20318, 11105, 54.66, 252, 68.48, 4, 8952
20319, 11105, 54.65, 252, 68.48, 4, 8953
20320, 11105, 54.65, 252, 68.48, 4, 8954
20321, 11105, 54.65, 252, 68.48, 4, 8955
20322, 11105, 54.65, 252, 68.48, 4, 8956
20323, 11105, 54.64, 252, 68.48, 4, 8957
20324, 11105, 54.64, 252, 68.48, 4, 8958
20325, 11105, 54.64, 252, 68.48, 4, 8959
20326, 11105, 54.63, 252, 68.48, 4, 8960
20327, 11106, 54.64, 252, 68.48, 4, 8960
20328, 11107, 54.64, 252, 68.48, 4, 8960
20329, 11107, 54.64, 252, 68.48, 4, 8961
20330, 11107, 54.63, 252, 68.48, 4, 8962
20331, 11108, 54.64, 252, 68.48, 4, 8962
20332, 11108, 54.63, 252, 68.48, 4, 8963
20333, 11109, 54.64, 252, 68.48, 4, 8963
20334, 11110, 54.64, 252, 68.48, 4, 8963
20335, 11110, 54.63, 252, 68.48, 4, 8964
20336, 11110, 54.63, 252, 68.48, 4, 8965
20337, 11110, 54.63, 252, 68.48, 4, 8966
20338, 11110, 54.63, 252, 68.48, 4, 8967
20339, 11110, 54.62, 252, 68.48, 4, 8968
20340, 11111, 54.63, 252, 68.48, 4, 8968
20341, 11112, 54.63, 252, 68.48, 4, 8968
20342, 11112, 54.63, 252, 68.48, 4, 8969
20343, 11112, 54.62, 252, 68.48, 4, 8970
20344, 11113, 54.63, 252, 68.48, 4, 8970
20345, 11114, 54.63, 252, 68.48, 4, 8970
20346, 11115, 54.63, 252, 68.48, 4, 8970
20347, 11115, 54.63, 252, 68.48, 4, 8971
20348, 11116, 54.63, 252, 68.48, 4, 8971
20349, 11117, 54.63, 252, 68.48, 4, 8971
20350, 11118, 54.63, 252, 68.48, 4, 8971
20351, 11119, 54.64, 252, 68.48, 4, 8971
20352, 11120, 54.64, 252, 68.48, 4, 8971
20353, 11120, 54.64, 252, 68.48, 4, 8972
20354, 11120, 54.63, 252, 68.48, 4, 8973
20355, 11120, 54.63, 252, 68.48, 4, 8974
20356, 11121, 54.63, 252, 68.48, 4, 8974
20357, 11121, 54.63, 252, 68.48, 4, 8975
20358, 11122, 54.63, 252, 68.48, 4, 8975
20359, 11123, 54.63, 252, 68.48, 4, 8975
20360, 11123, 54.63, 252, 68.48, 4, 8976
20361, 11123, 54.63, 252, 68.48, 4, 8977
20362, 11124, 54.63, 252, 68.48, 4, 8977
20363, 11124, 54.63, 252, 68.48, 4, 8978
20364, 11125, 54.63, 252, 68.48, 4, 8978
20365, 11126, 54.63, 252, 68.48, 4, 8978
20366, 11127, 54.64, 252, 68.48, 4, 8978
20367, 11128, 54.64, 252, 68.48, 4, 8978
20368, 11129, 54.64, 252, 68.48, 4, 8978
20369, 11130, 54.64, 252, 68.48, 4, 8978
20370, 11130, 54.64, 252, 68.48, 4, 8978
20371, 11130, 54.64, 252, 68.48, 4, 8978
20372, 11131, 54.64, 252, 68.48, 4, 8978
20373, 11131, 54.64, 252, 68.48, 4, 8979
20374, 11131, 54.63, 252, 68.48, 4, 8980
20375, 11132, 54.64, 252, 68.48, 4, 8980
20376, 11133, 54.64, 252, 68.48, 4, 8980
20377, 11133, 54.64, 252, 68.48, 4, 8981
20378, 11133, 54.63, 252, 68.48, 4, 8982
20379, 11133, 54.63, 252, 68.48, 4, 8983
20380, 11133, 54.63, 252, 68.48, 4, 8984
20381, 11134, 54.63, 252, 68.48, 4, 8984
20382, 11135, 54.63, 252, 68.48, 4, 8984
20383, 11136, 54.63, 252, 68.48, 4, 8984
20384, 11137, 54.64, 252, 68.48, 4, 8984
20385, 11138, 54.64, 252, 68.48, 4, 8984
20386, 11138, 54.64, 252, 68.48, 4, 8985
20387, 11139, 54.64, 252, 68.48, 4, 8985
20388, 11139, 54.64, 252, 68.48, 4, 8986
20389, 11139, 54.63, 252, 68.48, 4, 8987
20390, 11140, 54.63, 252, 68.48, 4, 8987
20391, 11141, 54.64, 252, 68.48, 4, 8987
20392, 11142, 54.64, 252, 68.48, 4, 8987
20393, 11142, 54.64, 252, 68.48, 4, 8988
20394, 11143, 54.64, 252, 68.48, 4, 8988
20395, 11143, 54.64, 252, 68.48, 4, 8989
20396, 11143, 54.63, 252, 68.48, 4, 8990
20397, 11143, 54.63, 252, 68.48, 4, 8991
20398, 11144, 54.63, 252, 68.48, 4, 8991
20399, 11145, 54.64, 252, 68.48, 4, 8991
20400, 11145, 54.63, 252, 68.48, 4, 8992
20401, 11146, 54.63, 252, 68.48, 4, 8992
20402, 11147, 54.64, 252, 68.48, 4, 8992
20403, 11148, 54.64, 252, 68.48, 4, 8992
20404, 11149, 54.64, 252, 68.48, 4, 8992
20405, 11150, 54.64, 252, 68.48, 4, 8992
20406, 11151, 54.65, 252, 68.48, 4, 8992
20407, 11152, 54.65, 252, 68.48, 4, 8992
20408, 11152, 54.65, 252, 68.48, 4, 8993
20409, 11153, 54.65, 252, 68.48, 4, 8993
20410, 11153, 54.64, 252, 68.48, 4, 8994
20411, 11153, 54.64, 252, 68.48, 4, 8995
20412, 11154, 54.64, 252, 68.48, 4, 8995
20413, 11155, 54.65, 252, 68.48, 4, 8995
20414, 11156, 54.65, 252, 68.48, 4, 8995
20415, 11156, 54.65, 252, 68.48, 4, 8996
20416, 11157, 54.65, 252, 68.48, 4, 8996
20417, 11157, 54.65, 252, 68.48, 4, 8997
20418, 11157, 54.64, 252, 68.48, 4, 8998
20419, 11157, 54.64, 252, 68.48, 4, 8999
20420, 11157, 54.64, 252, 68.48, 4, 9000
20421, 11158, 54.64, 252, 68.48, 4, 9000
20422, 11159, 54.64, 252, 68.48, 4, 9000
20423, 11160, 54.64, 252, 68.48, 4, 9000
20424, 11160, 54.64, 252, 68.48, 4, 9001
20425, 11161, 54.64, 252, 68.48, 4, 9001
20426, 11162, 54.65, 252, 68.48, 4, 9001
20427, 11162, 54.64, 252, 68.48, 4, 9002
20428, 11162, 54.64, 252, 68.48, 4, 9003
20429, 11162, 54.64, 252, 68.48, 4, 9004
20430, 11163, 54.64, 252, 68.48, 4, 9004
20431, 11163, 54.64, 252, 68.48, 4, 9005
20432, 11163, 54.63, 252, 68.48, 4, 9006
20433, 11164, 54.64, 252, 68.48, 4, 9006
20434, 11164, 54.63, 252, 68.48, 4, 9007
20435, 11164, 54.63, 252, 68.48, 4, 9008
20436, 11164, 54.63, 252, 68.48, 4, 9009
20437, 11164, 54.63, 252, 68.48, 4, 9010
20438, 11165, 54.63, 252, 68.48, 4, 9010
20439, 11165, 54.63, 252, 68.48, 4, 9011
20440, 11166, 54.63, 252, 68.48, 4, 9011
20441, 11167, 54.63, 252, 68.48, 4, 9011
20442, 11167, 54.63, 252, 68.48, 4, 9012
20443, 11167, 54.63, 252, 68.48, 4, 9013
20444, 11168, 54.63, 252, 68.48, 4, 9013
20445, 11168, 54.62, 252, 68.48, 4, 9014
20446, 11168, 54.62, 252, 68.48, 4, 9015
20447, 11168, 54.62, 252, 68.48, 4, 9016
20448, 11168, 54.62, 252, 68.48, 4, 9016
20449, 11169, 54.62, 252, 68.48, 4, 9016
20450, 11169, 54.62, 252, 68.48, 4, 9017
20451, 11170, 54.62, 252, 68.48, 4, 9017
20452, 11170, 54.62, 252, 68.48, 4, 9018
20453, 11171, 54.62, 252, 68.48, 4, 9018
20454, 11172, 54.62, 252, 68.48, 4, 9018
20455, 11173, 54.62, 252, 68.48, 4, 9018
20456, 11173, 54.62, 252, 68.48, 4, 9019
20457, 11174, 54.62, 252, 68.48, 4, 9019
20458, 11175, 54.62, 252, 68.48, 4, 9019
20459, 11175, 54.62, 252, 68.48, 4, 9020
20460, 11175, 54.62, 252, 68.48, 4, 9021
20461, 11175, 54.62, 252, 68.48, 4, 9022
20462, 11176, 54.62, 252, 68.48, 4, 9022
20463, 11177, 54.62, 252, 68.48, 4, 9022
20464, 11178, 54.62, 252, 68.48, 4, 9022
20465, 11178, 54.62, 252, 68.48, 4, 9023
20466, 11178, 54.62, 252, 68.48, 4, 9024
20467, 11179, 54.62, 252, 68.48, 4, 9024
20468, 11179, 54.62, 252, 68.48, 4, 9024
20469, 11179, 54.61, 252, 68.48, 4, 9025
20470, 11180, 54.62, 252, 68.48, 4, 9025
20471, 11180, 54.61, 252, 68.48, 4, 9026
20472, 11181, 54.62, 252, 68.48, 4, 9026
20473, 11182, 54.62, 252, 68.48, 4, 9026
20474, 11183, 54.62, 252, 68.48, 4, 9026
20475, 11183, 54.62, 252, 68.48, 4, 9027
20476, 11183, 54.62, 252, 68.48, 4, 9028
20477, 11184, 54.62, 252, 68.48, 4, 9028
20478, 11184, 54.61, 252, 68.48, 4, 9029
20479, 11185, 54.62, 252, 68.48, 4, 9029
20480, 11185, 54.61, 252, 68.48, 4, 9030
20481, 11186, 54.62, 252, 68.48, 4, 9030
20482, 11187, 54.62, 252, 68.48, 4, 9030
20483, 11187, 54.62, 252, 68.48, 4, 9031
20484, 11188, 54.62, 252, 68.48, 4, 9031
20485, 11189, 54.62, 252, 68.48, 4, 9031
20486, 11190, 54.62, 252, 68.48, 4, 9031
20487, 11190, 54.62, 252, 68.48, 4, 9032
20488, 11191, 54.62, 252, 68.48, 4, 9032
20489, 11192, 54.62, 252, 68.48, 4, 9032
20490, 11192, 54.62, 252, 68.48, 4, 9033
20491, 11192, 54.62, 252, 68.48, 4, 9034
20492, 11192, 54.62, 252, 68.48, 4, 9035
20493, 11193, 54.62, 252, 68.48, 4, 9035
20494, 11193, 54.62, 252, 68.48, 4, 9036
20495, 11193, 54.61, 252, 68.48, 4, 9037
20496, 11194, 54.62, 252, 68.48, 4, 9037
20497, 11195, 54.62, 252, 68.48, 4, 9037
20498, 11195, 54.62, 252, 68.48, 4, 9038
20499, 11196, 54.62, 252, 68.48, 4, 9038
20500, 11197, 54.62, 252, 68.48, 4, 9038
20501, 11197, 54.62, 252, 68.48, 4, 9039
20502, 11198, 54.62, 252, 68.48, 4, 9039
20503, 11199, 54.62, 252, 68.48, 4, 9039
20504, 11200, 54.62, 252, 68.48, 4, 9039
20505, 11200, 54.62, 252, 68.48, 4, 9040
20506, 11200, 54.62, 252, 68.48, 4, 9041
20507, 11201, 54.62, 252, 68.48, 4, 9041
20508, 11201, 54.62, 252, 68.48, 4, 9042
20509, 11201, 54.62, 252, 68.48, 4, 9043
20510, 11202, 54.62, 252, 68.48, 4, 9043
20511, 11202, 54.61, 252, 68.48, 4, 9044
20512, 11203, 54.62, 252, 68.48, 4, 9044
20513, 11203, 54.61, 252, 68.48, 4, 9045
20514, 11204, 54.62, 252, 68.48, 4, 9045
20515, 11205, 54.62, 252, 68.48, 4, 9045
20516, 11206, 54.62, 252, 68.48, 4, 9045
20517, 11206, 54.62, 252, 68.48, 4, 9046
20518, 11207, 54.62, 252, 68.48, 4, 9046
20519, 11207, 54.62, 252, 68.48, 4, 9047
20520, 11208, 54.62, 252, 68.48, 4, 9047
20521, 11208, 54.62, 252, 68.48, 4, 9048
20522, 11209, 54.62, 252, 68.48, 4, 9048
20523, 11210, 54.62, 252, 68.48, 4, 9048
20524, 11210, 54.62, 252, 68.48, 4, 9049
20525, 11210, 54.62, 252, 68.48, 4, 9050
20526, 11211, 54.62, 252, 68.48, 4, 9050
20527, 11211, 54.62, 252, 68.48, 4, 9051
20528, 11211, 54.61, 252, 68.48, 4, 9052
20529, 11211, 54.61, 252, 68.48, 4, 9053
20530, 11212, 54.61, 252, 68.48, 4, 9053
20531, 11213, 54.61, 252, 68.48, 4, 9053
20532, 11214, 54.62, 252, 68.48, 4, 9053
20533, 11215, 54.62, 252, 68.48, 4, 9053
20534, 11216, 54.62, 252, 68.48, 4, 9053
20535, 11217, 54.62, 252, 68.48, 4, 9053
20536, 11217, 54.62, 252, 68.48, 4, 9054
20537, 11218, 54.62, 252, 68.48, 4, 9054
20538, 11219, 54.63, 252, 68.48, 4, 9054
20539, 11220, 54.63, 252, 68.48, 4, 9054
20540, 11221, 54.63, 252, 68.48, 4, 9054
20541, 11221, 54.63, 252, 68.48, 4, 9055
20542, 11222, 54.63, 252, 68.48, 4, 9055
20543, 11223, 54.63, 252, 68.48, 4, 9055
20544, 11223, 54.63, 252, 68.48, 4, 9056
20545, 11224, 54.63, 252, 68.48, 4, 9056
20546, 11225, 54.63, 252, 68.48, 4, 9056
20547, 11225, 54.63, 252, 68.48, 4, 9057
20548, 11225, 54.63, 252, 68.48, 4, 9058
20549, 11226, 54.63, 252, 68.48, 4, 9058
20550, 11226, 54.63, 252, 68.48, 4, 9059
20551, 11226, 54.63, 252, 68.48, 4, 9060
20552, 11227, 54.63, 252, 68.48, 4, 9060
20553, 11228, 54.63, 252, 68.48, 4, 9060
20554, 11229, 54.63, 252, 68.48, 4, 9060
20555, 11230, 54.63, 252, 68.48, 4, 9060
20556, 11230, 54.63, 252, 68.48, 4, 9061
20557, 11230, 54.63, 252, 68.48, 4, 9062
20558, 11231, 54.63, 252, 68.48, 4, 9062
20559, 11231, 54.63, 252, 68.48, 4, 9063
20560, 11231, 54.63, 252, 68.48, 4, 9064
20561, 11232, 54.63, 252, 68.48, 4, 9064
20562, 11232, 54.63, 252, 68.48, 4, 9065
20563, 11232, 54.62, 252, 68.48, 4, 9066
20564, 11233, 54.62, 252, 68.48, 4, 9066
20565, 11233, 54.62, 252, 68.48, 4, 9066
20566, 11233, 54.62, 252, 68.48, 4, 9067
20567, 11233, 54.62, 252, 68.48, 4, 9068
20568, 11233, 54.61, 252, 68.48, 4, 9069
20569, 11234, 54.62, 252, 68.48, 4, 9069
20570, 11234, 54.61, 252, 68.48, 4, 9070
20571, 11235, 54.62, 252, 68.48, 4, 9070
20572, 11236, 54.62, 252, 68.48, 4, 9070
20573, 11237, 54.62, 252, 68.48, 4, 9070
20574, 11237, 54.62, 252, 68.48, 4, 9071
20575, 11237, 54.61, 252, 68.48, 4, 9072
20576, 11238, 54.62, 252, 68.48, 4, 9072
20577, 11238, 54.61, 252, 68.48, 4, 9073
20578, 11239, 54.62, 252, 68.48, 4, 9073
20579, 11240, 54.62, 252, 68.48, 4, 9073
20580, 11241, 54.62, 252, 68.48, 4, 9073
20581, 11242, 54.62, 252, 68.48, 4, 9073
20582, 11243, 54.63, 252, 68.48, 4, 9073
20583, 11244, 54.63, 252, 68.48, 4, 9073
20584, 11245, 54.63, 252, 68.48, 4, 9073
20585, 11246, 54.63, 252, 68.48, 4, 9073
20586, 11247, 54.63, 252, 68.48, 4, 9073
20587, 11247, 54.63, 252, 68.48, 4, 9074
20588, 11247, 54.63, 252, 68.48, 4, 9075
20589, 11248, 54.63, 252, 68.48, 4, 9075
20590, 11249, 54.63, 252, 68.48, 4, 9075
20591, 11250, 54.64, 252, 68.48, 4, 9075
20592, 11251, 54.64, 252, 68.48, 4, 9075
20593, 11252, 54.64, 252, 68.48, 4, 9075
20594, 11252, 54.64, 252, 68.48, 4, 9076
20595, 11253, 54.64, 252, 68.48, 4, 9076
20596, 11254, 54.64, 252, 68.48, 4, 9076
20597, 11254, 54.64, 252, 68.48, 4, 9077
20598, 11255, 54.64, 252, 68.48, 4, 9077
20599, 11256, 54.64, 252, 68.48, 4, 9077
20600, 11256, 54.64, 252, 68.48, 4, 9078
20601, 11257, 54.64, 252, 68.48, 4, 9078
20602, 11258, 54.65, 252, 68.48, 4, 9078
20603, 11259, 54.65, 252, 68.48, 4, 9078
20604, 11260, 54.65, 252, 68.48, 4, 9078
20605, 11261, 54.65, 252, 68.48, 4, 9078
20606, 11261, 54.65, 252, 68.48, 4, 9079
20607, 11261, 54.65, 252, 68.48, 4, 9080
20608, 11262, 54.65, 252, 68.48, 4, 9080
20609, 11263, 54.65, 252, 68.48, 4, 9080
20610, 11264, 54.65, 252, 68.48, 4, 9080
20611, 11265, 54.66, 252, 68.48, 4, 9080
20612, 11266, 54.66, 252, 68.48, 4, 9080
20613, 11267, 54.66, 252, 68.48, 4, 9080
20614, 11267, 54.66, 252, 68.48, 4, 9081
20615, 11268, 54.66, 252, 68.48, 4, 9081
20616, 11268, 54.66, 252, 68.48, 4, 9082
20617, 11268, 54.65, 252, 68.48, 4, 9083
20618, 11268, 54.65, 252, 68.48, 4, 9084
20619, 11269, 54.65, 252, 68.48, 4, 9084
20620, 11269, 54.65, 252, 68.48, 4, 9085
20621, 11270, 54.65, 252, 68.48, 4, 9085
20622, 11270, 54.65, 252, 68.48, 4, 9086
20623, 11271, 54.65, 252, 68.48, 4, 9086
20624, 11271, 54.65, 252, 68.48, 4, 9087
20625, 11272, 54.65, 252, 68.48, 4, 9087
20626, 11273, 54.65, 252, 68.48, 4, 9087
20627, 11274, 54.66, 252, 68.48, 4, 9087
20628, 11274, 54.65, 252, 68.48, 4, 9088
20629, 11275, 54.66, 252, 68.48, 4, 9088
20630, 11276, 54.66, 252, 68.48, 4, 9088
20631, 11276, 54.66, 252, 68.48, 4, 9089
20632, 11277, 54.66, 252, 68.48, 4, 9089
20633, 11278, 54.66, 252, 68.48, 4, 9089
20634, 11279, 54.66, 252, 68.48, 4, 9089
20635, 11279, 54.66, 252, 68.48, 4, 9090
20636, 11280, 54.66, 252, 68.48, 4, 9090
20637, 11280, 54.66, 252, 68.48, 4, 9091
20638, 11281, 54.66, 252, 68.48, 4, 9091
20639, 11281, 54.66, 252, 68.48, 4, 9092
20640, 11282, 54.66, 252, 68.48, 4, 9092
20641, 11283, 54.66, 252, 68.48, 4, 9092
20642, 11283, 54.66, 252, 68.48, 4, 9093
20643, 11283, 54.66, 252, 68.48, 4, 9094
20644, 11283, 54.66, 252, 68.48, 4, 9095
20645, 11284, 54.66, 252, 68.48, 4, 9095
20646, 11284, 54.65, 252, 68.48, 4, 9096
20647, 11284, 54.65, 252, 68.48, 4, 9097
20648, 11284, 54.65, 252, 68.48, 4, 9098
20649, 11284, 54.65, 252, 68.48, 4, 9099
20650, 11284, 54.64, 252, 68.48, 4, 9100
20651, 11285, 54.65, 252, 68.48, 4, 9100
20652, 11285, 54.64, 252, 68.48, 4, 9101
20653, 11285, 54.64, 252, 68.48, 4, 9102
20654, 11286, 54.64, 252, 68.48, 4, 9102
20655, 11286, 54.64, 252, 68.48, 4, 9103
20656, 11286, 54.64, 252, 68.48, 4, 9104
20657, 11287, 54.64, 252, 68.48, 4, 9104
20658, 11288, 54.64, 252, 68.48, 4, 9104
20659, 11289, 54.64, 252, 68.48, 4, 9104
20660, 11289, 54.64, 252, 68.48, 4, 9105
20661, 11289, 54.64, 252, 68.48, 4, 9106
20662, 11290, 54.64, 252, 68.48, 4, 9106
20663, 11290, 54.64, 252, 68.48, 4, 9107
20664, 11290, 54.64, 252, 68.48, 4, 9108
20665, 11291, 54.64, 252, 68.48, 4, 9108
20666, 11291, 54.64, 252, 68.48, 4, 9109
20667, 11291, 54.63, 252, 68.48, 4, 9110
20668, 11292, 54.64, 252, 68.48, 4, 9110
20669, 11293, 54.64, 252, 68.48, 4, 9110
20670, 11293, 54.63, 252, 68.48, 4, 9111
20671, 11293, 54.63, 252, 68.48, 4, 9112
20672, 11293, 54.63, 252, 68.48, 4, 9113
20673, 11294, 54.63, 252, 68.48, 4, 9113
20674, 11294, 54.63, 252, 68.48, 4, 9114
20675, 11295, 54.63, 252, 68.48, 4, 9114
20676, 11295, 54.63, 252, 68.48, 4, 9115
20677, 11295, 54.63, 252, 68.48, 4, 9116
20678, 11296, 54.63, 252, 68.48, 4, 9116
20679, 11297, 54.63, 252, 68.48, 4, 9116
20680, 11298, 54.63, 252, 68.48, 4, 9116
20681, 11298, 54.63, 252, 68.48, 4, 9117
20682, 11298, 54.63, 252, 68.48, 4, 9118
20683, 11298, 54.62, 252, 68.48, 4, 9119
20684, 11299, 54.63, 252, 68.48, 4, 9119
20685, 11300, 54.63, 252, 68.48, 4, 9119
20686, 11300, 54.63, 252, 68.48, 4, 9120
20687, 11300, 54.62, 252, 68.48, 4, 9121
20688, 11301, 54.63, 252, 68.48, 4, 9121
20689, 11301, 54.62, 252, 68.48, 4, 9122
20690, 11302, 54.63, 252, 68.48, 4, 9122
20691, 11302, 54.62, 252, 68.48, 4, 9123
20692, 11303, 54.62, 252, 68.48, 4, 9123
20693, 11304, 54.63, 252, 68.48, 4, 9123
20694, 11305, 54.63, 252, 68.48, 4, 9123
20695, 11306, 54.63, 252, 68.48, 4, 9123
20696, 11307, 54.63, 252, 68.48, 4, 9123
20697, 11308, 54.64, 252, 68.48, 4, 9123
20698, 11309, 54.64, 252, 68.48, 4, 9123
20699, 11310, 54.64, 252, 68.48, 4, 9123
20700, 11310, 54.64, 252, 68.48, 4, 9124
20701, 11311, 54.64, 252, 68.48, 4, 9124
20702, 11312, 54.64, 252, 68.48, 4, 9124
20703, 11312, 54.64, 252, 68.48, 4, 9125
20704, 11313, 54.64, 252, 68.48, 4, 9125
20705, 11314, 54.64, 252, 68.48, 4, 9125
20706, 11315, 54.65, 252, 68.48, 4, 9125
20707, 11315, 54.64, 252, 68.48, 4, 9126
20708, 11316, 54.65, 252, 68.48, 4, 9126
20709, 11317, 54.65, 252, 68.48, 4, 9126
20710, 11318, 54.65, 252, 68.48, 4, 9126
20711, 11319, 54.65, 252, 68.48, 4, 9126
20712, 11320, 54.65, 252, 68.48, 4, 9126
20713, 11321, 54.66, 252, 68.48, 4, 9126
20714, 11321, 54.65, 252, 68.48, 4, 9127
20715, 11322, 54.66, 252, 68.48, 4, 9127
20716, 11323, 54.66, 252, 68.48, 4, 9127
20717, 11324, 54.66, 252, 68.48, 4, 9127
20718, 11324, 54.66, 252, 68.48, 4, 9128
20719, 11325, 54.66, 252, 68.48, 4, 9128
20720, 11326, 54.66, 252, 68.48, 4, 9128
20721, 11327, 54.66, 252, 68.48, 4, 9128
20722, 11328, 54.67, 252, 68.48, 4, 9128
20723, 11328, 54.66, 252, 68.48, 4, 9129
20724, 11328, 54.66, 252, 68.48, 4, 9130
20725, 11329, 54.66, 252, 68.48, 4, 9130
20726, 11329, 54.66, 252, 68.48, 4, 9131
20727, 11330, 54.66, 252, 68.48, 4, 9131
20728, 11331, 54.67, 252, 68.48, 4, 9131
20729, 11331, 54.66, 252, 68.48, 4, 9132
20730, 11332, 54.66, 252, 68.48, 4, 9132
20731, 11333, 54.67, 252, 68.48, 4, 9132
20732, 11333, 54.66, 252, 68.48, 4, 9133
20733, 11334, 54.67, 252, 68.48, 4, 9133
20734, 11335, 54.67, 252, 68.48, 4, 9133
20735, 11336, 54.67, 252, 68.48, 4, 9133
20736, 11337, 54.67, 252, 68.48, 4, 9133
20737, 11338, 54.68, 252, 68.48, 4, 9133
20738, 11338, 54.67, 252, 68.48, 4, 9134
20739, 11338, 54.67, 252, 68.48, 4, 9135
20740, 11339, 54.67, 252, 68.48, 4, 9135
20741, 11340, 54.67, 252, 68.48, 4, 9135
20742, 11340, 54.67, 252, 68.48, 4, 9136
20743, 11340, 54.67, 252, 68.48, 4, 9137
20744, 11340, 54.67, 252, 68.48, 4, 9138
20745, 11340, 54.66, 252, 68.48, 4, 9139
20746, 11340, 54.66, 252, 68.48, 4, 9139
20747, 11340, 54.66, 252, 68.48, 4, 9140
20748, 11340, 54.66, 252, 68.48, 4, 9141
20749, 11341, 54.66, 252, 68.48, 4, 9141
20750, 11342, 54.66, 252, 68.48, 4, 9141
20751, 11342, 54.66, 252, 68.48, 4, 9142
20752, 11342, 54.65, 252, 68.48, 4, 9143
20753, 11342, 54.65, 252, 68.48, 4, 9144
20754, 11343, 54.65, 252, 68.48, 4, 9144
20755, 11344, 54.66, 252, 68.48, 4, 9144
20756, 11345, 54.66, 252, 68.48, 4, 9144
20757, 11346, 54.66, 252, 68.48, 4, 9144
20758, 11346, 54.66, 252, 68.48, 4, 9145
20759, 11346, 54.66, 252, 68.48, 4, 9146
20760, 11347, 54.66, 252, 68.48, 4, 9146
20761, 11348, 54.66, 252, 68.48, 4, 9146
20762, 11349, 54.66, 252, 68.48, 4, 9146
20763, 11349, 54.66, 252, 68.48, 4, 9147
20764, 11350, 54.66, 252, 68.48, 4, 9147
20765, 11351, 54.66, 252, 68.48, 4, 9147
20766, 11351, 54.66, 252, 68.48, 4, 9148
20767, 11351, 54.66, 252, 68.48, 4, 9149
20768, 11352, 54.66, 252, 68.48, 4, 9149
20769, 11353, 54.66, 252, 68.48, 4, 9149
20770, 11353, 54.66, 252, 68.48, 4, 9150
20771, 11354, 54.66, 252, 68.48, 4, 9150
20772, 11354, 54.66, 252, 68.48, 4, 9151
20773, 11355, 54.66, 252, 68.48, 4, 9151
20774, 11355, 54.66, 252, 68.48, 4, 9152
20775, 11356, 54.66, 252, 68.48, 4, 9152
20776, 11356, 54.66, 252, 68.48, 4, 9153
20777, 11357, 54.66, 252, 68.48, 4, 9153
20778, 11358, 54.66, 252, 68.48, 4, 9153
20779, 11359, 54.67, 252, 68.48, 4, 9153
20780, 11359, 54.66, 252, 68.48, 4, 9154
20781, 11360, 54.67, 252, 68.48, 4, 9154
20782, 11361, 54.67, 252, 68.48, 4, 9154
20783, 11362, 54.67, 252, 68.48, 4, 9154
20784, 11363, 54.67, 252, 68.48, 4, 9154
20785, 11364, 54.67, 252, 68.48, 4, 9154
20786, 11364, 54.67, 252, 68.48, 4, 9155
20787, 11365, 54.67, 252, 68.48, 4, 9155
20788, 11365, 54.67, 252, 68.48, 4, 9156
20789, 11365, 54.67, 252, 68.48, 4, 9157
20790, 11365, 54.67, 252, 68.48, 4, 9158
20791, 11366, 54.67, 252, 68.48, 4, 9158
20792, 11366, 54.67, 252, 68.48, 4, 9159
20793, 11367, 54.67, 252, 68.48, 4, 9159
20794, 11368, 54.67, 252, 68.48, 4, 9159
20795, 11369, 54.67, 252, 68.48, 4, 9159
20796, 11370, 54.67, 252, 68.48, 4, 9159
20797, 11371, 54.68, 252, 68.48, 4, 9159
20798, 11372, 54.68, 252, 68.48, 4, 9159
20799, 11372, 54.68, 252, 68.48, 4, 9160
20800, 11373, 54.68, 252, 68.48, 4, 9160
20801, 11374, 54.68, 252, 68.48, 4, 9160
20802, 11374, 54.68, 252, 68.48, 4, 9161
20803, 11375, 54.68, 252, 68.48, 4, 9161
20804, 11376, 54.68, 252, 68.48, 4, 9161
20805, 11377, 54.68, 252, 68.48, 4, 9161
20806, 11378, 54.69, 252, 68.48, 4, 9161
20807, 11379, 54.69, 252, 68.48, 4, 9161
20808, 11379, 54.69, 252, 68.48, 4, 9162
20809, 11379, 54.68, 252, 68.48, 4, 9163
20810, 11380, 54.69, 252, 68.48, 4, 9163
20811, 11380, 54.68, 252, 68.48, 4, 9164
20812, 11380, 54.68, 252, 68.48, 4, 9165
20813, 11381, 54.68, 252, 68.48, 4, 9165
20814, 11381, 54.68, 252, 68.48, 4, 9166
20815, 11381, 54.68, 252, 68.48, 4, 9167
20816, 11381, 54.67, 252, 68.48, 4, 9168
20817, 11381, 54.67, 252, 68.48, 4, 9169
20818, 11382, 54.67, 252, 68.48, 4, 9169
20819, 11383, 54.68, 252, 68.48, 4, 9169
20820, 11383, 54.67, 252, 68.48, 4, 9170
20821, 11384, 54.68, 252, 68.48, 4, 9170
20822, 11385, 54.68, 252, 68.48, 4, 9170
20823, 11386, 54.68, 252, 68.48, 4, 9170
20824, 11386, 54.68, 252, 68.48, 4, 9171
20825, 11387, 54.68, 252, 68.48, 4, 9171
20826, 11388, 54.68, 252, 68.48, 4, 9171
20827, 11389, 54.68, 252, 68.48, 4, 9171
20828, 11389, 54.68, 252, 68.48, 4, 9172
20829, 11390, 54.68, 252, 68.48, 4, 9172
20830, 11390, 54.68, 252, 68.48, 4, 9173
20831, 11390, 54.68, 252, 68.48, 4, 9174
20832, 11390, 54.68, 252, 68.48, 4, 9175
20833, 11391, 54.68, 252, 68.48, 4, 9175
20834, 11392, 54.68, 252, 68.48, 4, 9175
20835, 11392, 54.68, 252, 68.48, 4, 9176
20836, 11392, 54.67, 252, 68.48, 4, 9177
20837, 11393, 54.68, 252, 68.48, 4, 9177
20838, 11394, 54.68, 252, 68.48, 4, 9177
20839, 11394, 54.68, 252, 68.48, 4, 9178
20840, 11394, 54.67, 252, 68.48, 4, 9179
20841, 11394, 54.67, 252, 68.48, 4, 9180
20842, 11394, 54.67, 252, 68.48, 4, 9181
20843, 11394, 54.67, 252, 68.48, 4, 9182
20844, 11395, 54.67, 252, 68.48, 4, 9182
20845, 11395, 54.67, 252, 68.48, 4, 9183
20846, 11395, 54.66, 252, 68.48, 4, 9184
20847, 11396, 54.66, 252, 68.48, 4, 9184
20848, 11396, 54.66, 252, 68.48, 4, 9185
20849, 11397, 54.66, 252, 68.48, 4, 9185
20850, 11397, 54.66, 252, 68.48, 4, 9186
20851, 11398, 54.66, 252, 68.48, 4, 9186
20852, 11398, 54.66, 252, 68.48, 4, 9187
20853, 11398, 54.66, 252, 68.48, 4, 9188
20854, 11399, 54.66, 252, 68.48, 4, 9188
20855, 11400, 54.66, 252, 68.48, 4, 9188
20856, 11401, 54.67, 252, 68.48, 4, 9188
20857, 11401, 54.66, 252, 68.48, 4, 9189
20858, 11402, 54.66, 252, 68.48, 4, 9189
20859, 11403, 54.67, 252, 68.48, 4, 9189
20860, 11404, 54.67, 252, 68.48, 4, 9189
20861, 11404, 54.67, 252, 68.48, 4, 9190
20862, 11404, 54.66, 252, 68.48, 4, 9191
20863, 11404, 54.66, 252, 68.48, 4, 9192
20864, 11404, 54.66, 252, 68.48, 4, 9193
20865, 11405, 54.66, 252, 68.48, 4, 9193
20866, 11406, 54.66, 252, 68.48, 4, 9193
20867, 11406, 54.66, 252, 68.48, 4, 9194
20868, 11406, 54.66, 252, 68.48, 4, 9195
20869, 11406, 54.66, 252, 68.48, 4, 9196
20870, 11407, 54.66, 252, 68.48, 4, 9196
20871, 11408, 54.66, 252, 68.48, 4, 9196
20872, 11409, 54.66, 252, 68.48, 4, 9196
20873, 11409, 54.66, 252, 68.48, 4, 9197
20874, 11410, 54.66, 252, 68.48, 4, 9197
20875, 11411, 54.66, 252, 68.48, 4, 9197
20876, 11411, 54.66, 252, 68.48, 4, 9198
20877, 11412, 54.66, 252, 68.48, 4, 9198
20878, 11412, 54.66, 252, 68.48, 4, 9199
20879, 11413, 54.66, 252, 68.48, 4, 9199
20880, 11413, 54.66, 252, 68.48, 4, 9200
20881, 11413, 54.66, 252, 68.48, 4, 9200
20882, 11414, 54.66, 252, 68.48, 4, 9200
20883, 11415, 54.66, 252, 68.48, 4, 9200
20884, 11416, 54.66, 252, 68.48, 4, 9200
20885, 11417, 54.67, 252, 68.48, 4, 9200
20886, 11417, 54.66, 252, 68.48, 4, 9201
20887, 11417, 54.66, 252, 68.48, 4, 9202
20888, 11418, 54.66, 252, 68.48, 4, 9202
20889, 11419, 54.67, 252, 68.48, 4, 9202
20890, 11419, 54.66, 252, 68.48, 4, 9203
20891, 11419, 54.66, 252, 68.48, 4, 9204
20892, 11420, 54.66, 252, 68.48, 4, 9204
20893, 11420, 54.66, 252, 68.48, 4, 9205
20894, 11420, 54.66, 252, 68.48, 4, 9206
20895, 11421, 54.66, 252, 68.48, 4, 9206
20896, 11422, 54.66, 252, 68.48, 4, 9206
20897, 11423, 54.66, 252, 68.48, 4, 9206
20898, 11424, 54.67, 252, 68.48, 4, 9206
20899, 11424, 54.66, 252, 68.48, 4, 9207
20900, 11425, 54.67, 252, 68.48, 4, 9207
20901, 11425, 54.66, 252, 68.48, 4, 9208
20902, 11426, 54.66, 252, 68.48, 4, 9208
20903, 11427, 54.67, 252, 68.48, 4, 9208
20904, 11427, 54.66, 252, 68.48, 4, 9209
20905, 11427, 54.66, 252, 68.48, 4, 9210
20906, 11428, 54.66, 252, 68.48, 4, 9210
20907, 11428, 54.66, 252, 68.48, 4, 9211
20908, 11429, 54.66, 252, 68.48, 4, 9211
20909, 11430, 54.67, 252, 68.48, 4, 9211
20910, 11430, 54.66, 252, 68.48, 4, 9212
20911, 11430, 54.66, 252, 68.48, 4, 9213
20912, 11430, 54.66, 252, 68.48, 4, 9214
20913, 11431, 54.66, 252, 68.48, 4, 9214
20914, 11432, 54.66, 252, 68.48, 4, 9214
20915, 11432, 54.66, 252, 68.48, 4, 9215
20916, 11433, 54.66, 252, 68.48, 4, 9215
20917, 11434, 54.66, 252, 68.48, 4, 9215
20918, 11435, 54.67, 252, 68.48, 4, 9215
20919, 11436, 54.67, 252, 68.48, 4, 9215
20920, 11437, 54.67, 252, 68.48, 4, 9215
20921, 11437, 54.67, 252, 68.48, 4, 9216
20922, 11438, 54.67, 252, 68.48, 4, 9216
20923, 11439, 54.67, 252, 68.48, 4, 9216
20924, 11440, 54.67, 252, 68.48, 4, 9216
20925, 11441, 54.68, 252, 68.48, 4, 9216
20926, 11441, 54.67, 252, 68.48, 4, 9217
20927, 11441, 54.67, 252, 68.48, 4, 9218
20928, 11442, 54.67, 252, 68.48, 4, 9218
20929, 11443, 54.68, 252, 68.48, 4, 9218
20930, 11444, 54.68, 252, 68.48, 4, 9218
20931, 11445, 54.68, 252, 68.48, 4, 9218
20932, 11445, 54.68, 252, 68.48, 4, 9219
20933, 11446, 54.68, 252, 68.48, 4, 9219
20934, 11446, 54.68, 252, 68.48, 4, 9220
20935, 11447, 54.68, 252, 68.48, 4, 9220
20936, 11448, 54.68, 252, 68.48, 4, 9220
20937, 11449, 54.68, 252, 68.48, 4, 9220
20938, 11450, 54.69, 252, 68.48, 4, 9220
20939, 11451, 54.69, 252, 68.48, 4, 9220
20940, 11451, 54.68, 252, 68.48, 4, 9221
20941, 11451, 54.68, 252, 68.48, 4, 9222
20942, 11452, 54.68, 252, 68.48, 4, 9222
20943, 11453, 54.69, 252, 68.48, 4, 9222
20944, 11453, 54.68, 252, 68.48, 4, 9223
20945, 11454, 54.69, 252, 68.48, 4, 9223
20946, 11455, 54.69, 252, 68.48, 4, 9223
20947, 11456, 54.69, 252, 68.48, 4, 9223
20948, 11456, 54.69, 252, 68.48, 4, 9224
20949, 11457, 54.69, 252, 68.48, 4, 9224
20950, 11457, 54.69, 252, 68.48, 4, 9225
20951, 11457, 54.68, 252, 68.48, 4, 9226
20952, 11457, 54.68, 252, 68.48, 4, 9227
20953, 11458, 54.68, 252, 68.48, 4, 9227
20954, 11458, 54.68, 252, 68.48, 4, 9228
20955, 11458, 54.68, 252, 68.48, 4, 9229
20956, 11458, 54.68, 252, 68.48, 4, 9230
20957, 11459, 54.68, 252, 68.48, 4, 9230
20958, 11459, 54.68, 252, 68.48, 4, 9231
20959, 11460, 54.68, 252, 68.48, 4, 9231
20960, 11460, 54.68, 252, 68.48, 4, 9232
20961, 11461, 54.68, 252, 68.48, 4, 9232
20962, 11461, 54.68, 252, 68.48, 4, 9233
20963, 11462, 54.68, 252, 68.48, 4, 9233
20964, 11463, 54.68, 252, 68.48, 4, 9233
20965, 11464, 54.68, 252, 68.48, 4, 9233
20966, 11465, 54.68, 252, 68.48, 4, 9233
20967, 11465, 54.68, 252, 68.48, 4, 9234
20968, 11465, 54.68, 252, 68.48, 4, 9235
20969, 11466, 54.68, 252, 68.48, 4, 9235
20970, 11466, 54.68, 252, 68.48, 4, 9236
20971, 11467, 54.68, 252, 68.48, 4, 9236
20972, 11468, 54.68, 252, 68.48, 4, 9236
20973, 11469, 54.68, 252, 68.48, 4, 9236
20974, 11470, 54.69, 252, 68.48, 4, 9236
20975, 11471, 54.69, 252, 68.48, 4, 9236
20976, 11472, 54.69, 252, 68.48, 4, 9236
20977, 11472, 54.69, 252, 68.48, 4, 9237
20978, 11472, 54.69, 252, 68.48, 4, 9238
20979, 11473, 54.69, 252, 68.48, 4, 9238
20980, 11474, 54.69, 252, 68.48, 4, 9238
20981, 11475, 54.69, 252, 68.48, 4, 9238
20982, 11475, 54.69, 252, 68.48, 4, 9239
20983, 11476, 54.69, 252, 68.48, 4, 9239
20984, 11476, 54.69, 252, 68.48, 4, 9240
20985, 11476, 54.69, 252, 68.48, 4, 9241
20986, 11476, 54.68, 252, 68.48, 4, 9242
20987, 11477, 54.69, 252, 68.48, 4, 9242
20988, 11478, 54.69, 252, 68.48, 4, 9242
20989, 11479, 54.69, 252, 68.48, 4, 9242
20990, 11479, 54.69, 252, 68.48, 4, 9243
20991, 11479, 54.69, 252, 68.48, 4, 9244
20992, 11479, 54.68, 252, 68.48, 4, 9245
20993, 11480, 54.68, 252, 68.48, 4, 9245
20994, 11481, 54.69, 252, 68.48, 4, 9245
20995, 11481, 54.68, 252, 68.48, 4, 9246
20996, 11482, 54.69, 252, 68.48, 4, 9246
20997, 11483, 54.69, 252, 68.48, 4, 9246
20998, 11484, 54.69, 252, 68.48, 4, 9246
20999, 11485, 54.69, 252, 68.48, 4, 9246
21000, 11486, 54.70, 252, 68.48, 4, 9246
21001, 11487, 54.70, 252, 68.48, 4, 9246
21002, 11488, 54.70, 252, 68.48, 4, 9246
21003, 11489, 54.70, 252, 68.48, 4, 9246
21004, 11490, 54.70, 252, 68.48, 4, 9246
21005, 11490, 54.70, 252, 68.48, 4, 9247
21006, 11490, 54.70, 252, 68.48, 4, 9248
21007, 11490, 54.70, 252, 68.48, 4, 9249
21008, 11490, 54.69, 252, 68.48, 4, 9250
21009, 11491, 54.70, 252, 68.48, 4, 9250
21010, 11491, 54.69, 252, 68.48, 4, 9251
21011, 11492, 54.70, 252, 68.48, 4, 9251
21012, 11493, 54.70, 252, 68.48, 4, 9251
21013, 11494, 54.70, 252, 68.48, 4, 9251
21014, 11495, 54.70, 252, 68.48, 4, 9251
21015, 11495, 54.70, 252, 68.48, 4, 9252
21016, 11496, 54.70, 252, 68.48, 4, 9252
21017, 11497, 54.70, 252, 68.48, 4, 9252
21018, 11498, 54.71, 252, 68.48, 4, 9252
21019, 11499, 54.71, 252, 68.48, 4, 9252
21020, 11500, 54.71, 252, 68.48, 4, 9252
21021, 11500, 54.71, 252, 68.48, 4, 9253
21022, 11501, 54.71, 252, 68.48, 4, 9253
21023, 11502, 54.71, 252, 68.48, 4, 9253
21024, 11503, 54.71, 252, 68.48, 4, 9253
21025, 11503, 54.71, 252, 68.48, 4, 9254
21026, 11503, 54.71, 252, 68.48, 4, 9255
21027, 11503, 54.71, 252, 68.48, 4, 9256
21028, 11503, 54.70, 252, 68.48, 4, 9257
21029, 11503, 54.70, 252, 68.48, 4, 9258
21030, 11503, 54.70, 252, 68.48, 4, 9259
21031, 11503, 54.70, 252, 68.48, 4, 9260
21032, 11504, 54.70, 252, 68.48, 4, 9260
21033, 11505, 54.70, 252, 68.48, 4, 9260
21034, 11505, 54.70, 252, 68.48, 4, 9261
21035, 11506, 54.70, 252, 68.48, 4, 9261
21036, 11507, 54.70, 252, 68.48, 4, 9261
21037, 11507, 54.70, 252, 68.48, 4, 9262
21038, 11507, 54.70, 252, 68.48, 4, 9263
21039, 11507, 54.69, 252, 68.48, 4, 9264
21040, 11508, 54.70, 252, 68.48, 4, 9264
21041, 11509, 54.70, 252, 68.48, 4, 9264
21042, 11509, 54.70, 252, 68.48, 4, 9265
21043, 11509, 54.69, 252, 68.48, 4, 9266
21044, 11509, 54.69, 252, 68.48, 4, 9267
21045, 11510, 54.69, 252, 68.48, 4, 9267
21046, 11510, 54.69, 252, 68.48, 4, 9268
21047, 11510, 54.69, 252, 68.48, 4, 9269
21048, 11510, 54.68, 252, 68.48, 4, 9270
21049, 11510, 54.68, 252, 68.48, 4, 9271
21050, 11510, 54.68, 252, 68.48, 4, 9272
21051, 11511, 54.68, 252, 68.48, 4, 9272
21052, 11511, 54.68, 252, 68.48, 4, 9273
21053, 11512, 54.68, 252, 68.48, 4, 9273
21054, 11513, 54.68, 252, 68.48, 4, 9273
21055, 11514, 54.69, 252, 68.48, 4, 9273
21056, 11514, 54.68, 252, 68.48, 4, 9274
21057, 11515, 54.68, 252, 68.48, 4, 9274
21058, 11515, 54.68, 252, 68.48, 4, 9275
21059, 11515, 54.68, 252, 68.48, 4, 9276
21060, 11516, 54.68, 252, 68.48, 4, 9276
21061, 11517, 54.68, 252, 68.48, 4, 9276
21062, 11517, 54.68, 252, 68.48, 4, 9277
21063, 11517, 54.68, 252, 68.48, 4, 9278
21064, 11517, 54.68, 252, 68.48, 4, 9279
21065, 11518, 54.68, 252, 68.48, 4, 9279
21066, 11518, 54.68, 252, 68.48, 4, 9280
21067, 11518, 54.67, 252, 68.48, 4, 9281
21068, 11519, 54.68, 252, 68.48, 4, 9281
21069, 11519, 54.67, 252, 68.48, 4, 9282
21070, 11519, 54.67, 252, 68.48, 4, 9283
21071, 11519, 54.67, 252, 68.48, 4, 9284
21072, 11519, 54.66, 252, 68.48, 4, 9285
21073, 11520, 54.67, 252, 68.48, 4, 9285
21074, 11520, 54.66, 252, 68.48, 4, 9286
21075, 11521, 54.67, 252, 68.48, 4, 9286
21076, 11521, 54.66, 252, 68.48, 4, 9287
21077, 11522, 54.67, 252, 68.48, 4, 9287
21078, 11522, 54.66, 252, 68.48, 4, 9288
21079, 11522, 54.66, 252, 68.48, 4, 9289
21080, 11522, 54.66, 252, 68.48, 4, 9290
21081, 11523, 54.66, 252, 68.48, 4, 9290
21082, 11523, 54.66, 252, 68.48, 4, 9291
21083, 11524, 54.66, 252, 68.48, 4, 9291
21084, 11525, 54.66, 252, 68.48, 4, 9291
21085, 11525, 54.66, 252, 68.48, 4, 9292
21086, 11525, 54.66, 252, 68.48, 4, 9293
21087, 11526, 54.66, 252, 68.48, 4, 9293
21088, 11526, 54.66, 252, 68.48, 4, 9294
21089, 11526, 54.65, 252, 68.48, 4, 9295
21090, 11526, 54.65, 252, 68.48, 4, 9296
21091, 11526, 54.65, 252, 68.48, 4, 9297
21092, 11526, 54.65, 252, 68.48, 4, 9298
21093, 11527, 54.65, 252, 68.48, 4, 9298
21094, 11527, 54.65, 252, 68.48, 4, 9299
21095, 11528, 54.65, 252, 68.48, 4, 9299
21096, 11528, 54.65, 252, 68.48, 4, 9300
21097, 11529, 54.65, 252, 68.48, 4, 9300
21098, 11529, 54.64, 252, 68.48, 4, 9301
21099, 11530, 54.65, 252, 68.48, 4, 9301
21100, 11531, 54.65, 252, 68.48, 4, 9301
21101, 11531, 54.65, 252, 68.48, 4, 9302
21102, 11531, 54.64, 252, 68.48, 4, 9303
21103, 11531, 54.64, 252, 68.48, 4, 9304
21104, 11531, 54.64, 252, 68.48, 4, 9305
21105, 11531, 54.64, 252, 68.48, 4, 9306
21106, 11532, 54.64, 252, 68.48, 4, 9306
21107, 11533, 54.64, 252, 68.48, 4, 9306
21108, 11534, 54.64, 252, 68.48, 4, 9306
21109, 11534, 54.64, 252, 68.48, 4, 9307
21110, 11535, 54.64, 252, 68.48, 4, 9307
21111, 11536, 54.64, 252, 68.48, 4, 9307
21112, 11537, 54.65, 252, 68.48, 4, 9307
21113, 11538, 54.65, 252, 68.48, 4, 9307
21114, 11538, 54.65, 252, 68.48, 4, 9308
21115, 11538, 54.64, 252, 68.48, 4, 9309
21116, 11538, 54.64, 252, 68.48, 4, 9310
21117, 11538, 54.64, 252, 68.48, 4, 9311
21118, 11539, 54.64, 252, 68.48, 4, 9311
21119, 11540, 54.64, 252, 68.48, 4, 9311
21120, 11541, 54.64, 252, 68.48, 4, 9311
21121, 11542, 54.65, 252, 68.48, 4, 9311
21122, 11542, 54.64, 252, 68.48, 4, 9312
21123, 11542, 54.64, 252, 68.48, 4, 9313
21124, 11543, 54.64, 252, 68.48, 4, 9313
21125, 11544, 54.65, 252, 68.48, 4, 9313
21126, 11545, 54.65, 252, 68.48, 4, 9313
21127, 11546, 54.65, 252, 68.48, 4, 9313
21128, 11546, 54.65, 252, 68.48, 4, 9314
21129, 11547, 54.65, 252, 68.48, 4, 9314
21130, 11547, 54.65, 252, 68.48, 4, 9315
21131, 11547, 54.64, 252, 68.48, 4, 9316
21132, 11547, 54.64, 252, 68.48, 4, 9317
21133, 11548, 54.64, 252, 68.48, 4, 9317
21134, 11549, 54.65, 252, 68.48, 4, 9317
21135, 11549, 54.64, 252, 68.48, 4, 9318
21136, 11549, 54.64, 252, 68.48, 4, 9319
21137, 11549, 54.64, 252, 68.48, 4, 9320
21138, 11549, 54.64, 252, 68.48, 4, 9321
21139, 11549, 54.63, 252, 68.48, 4, 9322
21140, 11550, 54.64, 252, 68.48, 4, 9322
21141, 11551, 54.64, 252, 68.48, 4, 9322
21142, 11552, 54.64, 252, 68.48, 4, 9322
21143, 11552, 54.64, 252, 68.48, 4, 9323
21144, 11552, 54.63, 252, 68.48, 4, 9324
21145, 11553, 54.64, 252, 68.48, 4, 9324
21146, 11553, 54.63, 252, 68.48, 4, 9324
21147, 11554, 54.64, 252, 68.48, 4, 9324
21148, 11555, 54.64, 252, 68.48, 4, 9324
21149, 11555, 54.64, 252, 68.48, 4, 9325
21150, 11556, 54.64, 252, 68.48, 4, 9325
21151, 11556, 54.64, 252, 68.48, 4, 9326
21152, 11556, 54.63, 252, 68.48, 4, 9327
21153, 11557, 54.64, 252, 68.48, 4, 9327
21154, 11558, 54.64, 252, 68.48, 4, 9327
21155, 11559, 54.64, 252, 68.48, 4, 9327
21156, 11560, 54.64, 252, 68.48, 4, 9327
21157, 11560, 54.64, 252, 68.48, 4, 9328
21158, 11560, 54.64, 252, 68.48, 4, 9329
21159, 11561, 54.64, 252, 68.48, 4, 9329
21160, 11561, 54.64, 252, 68.48, 4, 9330
21161, 11562, 54.64, 252, 68.48, 4, 9330
21162, 11563, 54.64, 252, 68.48, 4, 9330
21163, 11564, 54.64, 252, 68.48, 4, 9330
21164, 11565, 54.64, 252, 68.48, 4, 9330
21165, 11565, 54.64, 252, 68.48, 4, 9331
21166, 11566, 54.64, 252, 68.48, 4, 9331
21167, 11567, 54.65, 252, 68.48, 4, 9331
21168, 11568, 54.65, 252, 68.48, 4, 9331
21169, 11568, 54.65, 252, 68.48, 4, 9332
21170, 11568, 54.64, 252, 68.48, 4, 9333
21171, 11568, 54.64, 252, 68.48, 4, 9334
21172, 11569, 54.64, 252, 68.48, 4, 9334
21173, 11570, 54.65, 252, 68.48, 4, 9334
21174, 11570, 54.64, 252, 68.48, 4, 9335
21175, 11571, 54.64, 252, 68.48, 4, 9335
21176, 11572, 54.65, 252, 68.48, 4, 9335
21177, 11573, 54.65, 252, 68.48, 4, 9335
21178, 11574, 54.65, 252, 68.48, 4, 9335
21179, 11575, 54.65, 252, 68.48, 4, 9335
21180, 11575, 54.65, 252, 68.48, 4, 9336
21181, 11576, 54.65, 252, 68.48, 4, 9336
21182, 11576, 54.65, 252, 68.48, 4, 9337
21183, 11576, 54.65, 252, 68.48, 4, 9338
21184, 11576, 54.65, 252, 68.48, 4, 9339
21185, 11576, 54.64, 252, 68.48, 4, 9340
21186, 11577, 54.64, 252, 68.48, 4, 9340
21187, 11577, 54.64, 252, 68.48, 4, 9341
21188, 11578, 54.64, 252, 68.48, 4, 9341
21189, 11579, 54.65, 252, 68.48, 4, 9341
21190, 11579, 54.64, 252, 68.48, 4, 9342
21191, 11580, 54.65, 252, 68.48, 4, 9342
21192, 11580, 54.64, 252, 68.48, 4, 9343
21193, 11580, 54.64, 252, 68.48, 4, 9344
21194, 11581, 54.64, 252, 68.48, 4, 9344
21195, 11581, 54.64, 252, 68.48, 4, 9345
21196, 11582, 54.64, 252, 68.48, 4, 9345
21197, 11583, 54.64, 252, 68.48, 4, 9345
21198, 11584, 54.65, 252, 68.48, 4, 9345
21199, 11585, 54.65, 252, 68.48, 4, 9345
21200, 11586, 54.65, 252, 68.48, 4, 9345
21201, 11587, 54.65, 252, 68.48, 4, 9345
21202, 11587, 54.65, 252, 68.48, 4, 9346
21203, 11588, 54.65, 252, 68.48, 4, 9346
21204, 11588, 54.65, 252, 68.48, 4, 9347
21205, 11589, 54.65, 252, 68.48, 4, 9347
21206, 11589, 54.65, 252, 68.48, 4, 9348
21207, 11589, 54.65, 252, 68.48, 4, 9349
21208, 11589, 54.64, 252, 68.48, 4, 9349
21209, 11590, 54.65, 252, 68.48, 4, 9349
21210, 11591, 54.65, 252, 68.48, 4, 9349
21211, 11591, 54.65, 252, 68.48, 4, 9350
21212, 11592, 54.65, 252, 68.48, 4, 9350
21213, 11592, 54.65, 252, 68.48, 4, 9351
21214, 11592, 54.64, 252, 68.48, 4, 9352
21215, 11593, 54.65, 252, 68.48, 4, 9352
21216, 11594, 54.65, 252, 68.48, 4, 9352
21217, 11595, 54.65, 252, 68.48, 4, 9352
21218, 11595, 54.65, 252, 68.48, 4, 9353
21219, 11596, 54.65, 252, 68.48, 4, 9353
21220, 11597, 54.65, 252, 68.48, 4, 9353
21221, 11597, 54.65, 252, 68.48, 4, 9354
21222, 11597, 54.65, 252, 68.48, 4, 9355
21223, 11597, 54.64, 252, 68.48, 4, 9356
21224, 11598, 54.65, 252, 68.48, 4, 9356
21225, 11598, 54.64, 252, 68.48, 4, 9357
21226, 11599, 54.65, 252, 68.48, 4, 9357
21227, 11599, 54.64, 252, 68.48, 4, 9358
21228, 11599, 54.64, 252, 68.48, 4, 9359
21229, 11600, 54.64, 252, 68.48, 4, 9359
21230, 11601, 54.64, 252, 68.48, 4, 9359
21231, 11601, 54.64, 252, 68.48, 4, 9360
21232, 11602, 54.64, 252, 68.48, 4, 9360
21233, 11602, 54.64, 252, 68.48, 4, 9361
21234, 11603, 54.64, 252, 68.48, 4, 9361
21235, 11603, 54.64, 252, 68.48, 4, 9362
21236, 11604, 54.64, 252, 68.48, 4, 9362
21237, 11604, 54.64, 252, 68.48, 4, 9363
21238, 11605, 54.64, 252, 68.48, 4, 9363
21239, 11606, 54.64, 252, 68.48, 4, 9363
21240, 11606, 54.64, 252, 68.48, 4, 9364
21241, 11607, 54.64, 252, 68.48, 4, 9364
21242, 11608, 54.65, 252, 68.48, 4, 9364
21243, 11608, 54.64, 252, 68.48, 4, 9365
21244, 11609, 54.65, 252, 68.48, 4, 9365
21245, 11610, 54.65, 252, 68.48, 4, 9365
21246, 11611, 54.65, 252, 68.48, 4, 9365
21247, 11611, 54.65, 252, 68.48, 4, 9366
21248, 11612, 54.65, 252, 68.48, 4, 9366
21249, 11612, 54.65, 252, 68.48, 4, 9367
21250, 11612, 54.64, 252, 68.48, 4, 9368
21251, 11613, 54.65, 252, 68.48, 4, 9368
21252, 11614, 54.65, 252, 68.48, 4, 9368
21253, 11614, 54.65, 252, 68.48, 4, 9369
21254, 11615, 54.65, 252, 68.48, 4, 9369
21255, 11616, 54.65, 252, 68.48, 4, 9369
21256, 11617, 54.65, 252, 68.48, 4, 9369
21257, 11617, 54.65, 252, 68.48, 4, 9370
21258, 11618, 54.65, 252, 68.48, 4, 9370
21259, 11618, 54.65, 252, 68.48, 4, 9371
21260, 11618, 54.65, 252, 68.48, 4, 9372
21261, 11618, 54.64, 252, 68.48, 4, 9373
21262, 11619, 54.65, 252, 68.48, 4, 9373
21263, 11619, 54.64, 252, 68.48, 4, 9374
21264, 11620, 54.65, 252, 68.48, 4, 9374
21265, 11620, 54.64, 252, 68.48, 4, 9375
21266, 11620, 54.64, 252, 68.48, 4, 9376
21267, 11620, 54.64, 252, 68.48, 4, 9377
21268, 11621, 54.64, 252, 68.48, 4, 9377
21269, 11622, 54.64, 252, 68.48, 4, 9377
21270, 11623, 54.65, 252, 68.48, 4, 9377
21271, 11624, 54.65, 252, 68.48, 4, 9377
21272, 11624, 54.64, 252, 68.48, 4, 9378
21273, 11624, 54.64, 252, 68.48, 4, 9379
21274, 11625, 54.64, 252, 68.48, 4, 9379
21275, 11625, 54.64, 252, 68.48, 4, 9380
21276, 11626, 54.64, 252, 68.48, 4, 9380
21277, 11627, 54.65, 252, 68.48, 4, 9380
21278, 11628, 54.65, 252, 68.48, 4, 9380
21279, 11628, 54.65, 252, 68.48, 4, 9381
21280, 11628, 54.64, 252, 68.48, 4, 9382
21281, 11629, 54.64, 252, 68.48, 4, 9382
21282, 11629, 54.64, 252, 68.48, 4, 9383
21283, 11629, 54.64, 252, 68.48, 4, 9384
21284, 11630, 54.64, 252, 68.48, 4, 9384
21285, 11630, 54.64, 252, 68.48, 4, 9385
21286, 11630, 54.64, 252, 68.48, 4, 9386
21287, 11630, 54.63, 252, 68.48, 4, 9387
21288, 11630, 54.63, 252, 68.48, 4, 9388
21289, 11630, 54.63, 252, 68.48, 4, 9389
21290, 11631, 54.63, 252, 68.48, 4, 9389
21291, 11631, 54.63, 252, 68.48, 4, 9390
21292, 11632, 54.63, 252, 68.48, 4, 9390
21293, 11632, 54.63, 252, 68.48, 4, 9391
21294, 11633, 54.63, 252, 68.48, 4, 9391
21295, 11634, 54.63, 252, 68.48, 4, 9391
21296, 11635, 54.63, 252, 68.48, 4, 9391
21297, 11636, 54.64, 252, 68.48, 4, 9391
21298, 11636, 54.63, 252, 68.48, 4, 9392
21299, 11637, 54.64, 252, 68.48, 4, 9392
21300, 11638, 54.64, 252, 68.48, 4, 9392
21301, 11638, 54.64, 252, 68.48, 4, 9393
21302, 11639, 54.64, 252, 68.48, 4, 9393
21303, 11640, 54.64, 252, 68.48, 4, 9393
21304, 11641, 54.64, 252, 68.48, 4, 9393
21305, 11641, 54.64, 252, 68.48, 4, 9394
21306, 11642, 54.64, 252, 68.48, 4, 9394
21307, 11642, 54.64, 252, 68.48, 4, 9395
21308, 11642, 54.64, 252, 68.48, 4, 9396
21309, 11642, 54.63, 252, 68.48, 4, 9397
21310, 11643, 54.64, 252, 68.48, 4, 9397
21311, 11643, 54.63, 252, 68.48, 4, 9398
21312, 11643, 54.63, 252, 68.48, 4, 9399
21313, 11643, 54.63, 252, 68.48, 4, 9400
21314, 11643, 54.63, 252, 68.48, 4, 9401
21315, 11643, 54.62, 252, 68.48, 4, 9402
21316, 11643, 54.62, 252, 68.48, 4, 9403
21317, 11644, 54.62, 252, 68.48, 4, 9403
21318, 11644, 54.62, 252, 68.48, 4, 9404
21319, 11645, 54.62, 252, 68.48, 4, 9404
21320, 11645, 54.62, 252, 68.48, 4, 9405
21321, 11646, 54.62, 252, 68.48, 4, 9405
21322, 11646, 54.62, 252, 68.48, 4, 9406
21323, 11646, 54.62, 252, 68.48, 4, 9407
21324, 11647, 54.62, 252, 68.48, 4, 9407
21325, 11648, 54.62, 252, 68.48, 4, 9407
21326, 11649, 54.62, 252, 68.48, 4, 9407
21327, 11650, 54.63, 252, 68.48, 4, 9407
21328, 11651, 54.63, 252, 68.48, 4, 9407
21329, 11652, 54.63, 252, 68.48, 4, 9407
21330, 11652, 54.63, 252, 68.48, 4, 9408
21331, 11653, 54.63, 252, 68.48, 4, 9408
21332, 11653, 54.63, 252, 68.48, 4, 9409
21333, 11654, 54.63, 252, 68.48, 4, 9409
21334, 11655, 54.63, 252, 68.48, 4, 9409
21335, 11655, 54.63, 252, 68.48, 4, 9410
21336, 11656, 54.63, 252, 68.48, 4, 9410
21337, 11657, 54.63, 252, 68.48, 4, 9410
21338, 11658, 54.63, 252, 68.48, 4, 9410
21339, 11658, 54.63, 252, 68.48, 4, 9411
21340, 11659, 54.63, 252, 68.48, 4, 9411
21341, 11660, 54.64, 252, 68.48, 4, 9411
21342, 11660, 54.63, 252, 68.48, 4, 9412
21343, 11660, 54.63, 252, 68.48, 4, 9413
21344, 11661, 54.63, 252, 68.48, 4, 9413
21345, 11662, 54.64, 252, 68.48, 4, 9413
21346, 11662, 54.63, 252, 68.48, 4, 9414
21347, 11663, 54.64, 252, 68.48, 4, 9414
21348, 11663, 54.63, 252, 68.48, 4, 9415
21349, 11663, 54.63, 252, 68.48, 4, 9416
21350, 11664, 54.63, 252, 68.48, 4, 9416
21351, 11665, 54.63, 252, 68.48, 4, 9416
21352, 11665, 54.63, 252, 68.48, 4, 9417
21353, 11666, 54.63, 252, 68.48, 4, 9417
21354, 11667, 54.64, 252, 68.48, 4, 9417
21355, 11667, 54.63, 252, 68.48, 4, 9418
21356, 11668, 54.64, 252, 68.48, 4, 9418
21357, 11669, 54.64, 252, 68.48, 4, 9418
21358, 11669, 54.64, 252, 68.48, 4, 9419
21359, 11670, 54.64, 252, 68.48, 4, 9419
21360, 11670, 54.63, 252, 68.48, 4, 9420
21361, 11670, 54.63, 252, 68.48, 4, 9421
21362, 11670, 54.63, 252, 68.48, 4, 9422
21363, 11670, 54.63, 252, 68.48, 4, 9423
21364, 11671, 54.63, 252, 68.48, 4, 9423
21365, 11672, 54.63, 252, 68.48, 4, 9423
21366, 11672, 54.63, 252, 68.48, 4, 9424
21367, 11672, 54.63, 252, 68.48, 4, 9425
21368, 11673, 54.63, 252, 68.48, 4, 9425
21369, 11673, 54.63, 252, 68.48, 4, 9426
21370, 11673, 54.62, 252, 68.48, 4, 9427
21371, 11673, 54.62, 252, 68.48, 4, 9428
21372, 11674, 54.62, 252, 68.48, 4, 9428
21373, 11675, 54.62, 252, 68.48, 4, 9428
21374, 11675, 54.62, 252, 68.48, 4, 9429
21375, 11675, 54.62, 252, 68.48, 4, 9430
21376, 11675, 54.62, 252, 68.48, 4, 9431
21377, 11675, 54.61, 252, 68.48, 4, 9432
21378, 11675, 54.61, 252, 68.48, 4, 9433
21379, 11676, 54.61, 252, 68.48, 4, 9433
21380, 11677, 54.62, 252, 68.48, 4, 9433
21381, 11677, 54.61, 252, 68.48, 4, 9434
21382, 11678, 54.62, 252, 68.48, 4, 9434
21383, 11678, 54.61, 252, 68.48, 4, 9435
21384, 11678, 54.61, 252, 68.48, 4, 9436
21385, 11679, 54.61, 252, 68.48, 4, 9436
21386, 11680, 54.62, 252, 68.48, 4, 9436
21387, 11681, 54.62, 252, 68.48, 4, 9436
21388, 11682, 54.62, 252, 68.48, 4, 9436
21389, 11683, 54.62, 252, 68.48, 4, 9436
21390, 11684, 54.62, 252, 68.48, 4, 9436
21391, 11685, 54.63, 252, 68.48, 4, 9436
21392, 11685, 54.62, 252, 68.48, 4, 9437
21393, 11686, 54.63, 252, 68.48, 4, 9437
21394, 11687, 54.63, 252, 68.48, 4, 9437
21395, 11688, 54.63, 252, 68.48, 4, 9437
21396, 11688, 54.63, 252, 68.48, 4, 9438
21397, 11689, 54.63, 252, 68.48, 4, 9438
21398, 11690, 54.63, 252, 68.48, 4, 9438
21399, 11690, 54.63, 252, 68.48, 4, 9439
21400, 11691, 54.63, 252, 68.48, 4, 9439
21401, 11691, 54.63, 252, 68.48, 4, 9440
21402, 11692, 54.63, 252, 68.48, 4, 9440
21403, 11692, 54.63, 252, 68.48, 4, 9441
21404, 11693, 54.63, 252, 68.48, 4, 9441
21405, 11693, 54.63, 252, 68.48, 4, 9442
21406, 11694, 54.63, 252, 68.48, 4, 9442
21407, 11695, 54.63, 252, 68.48, 4, 9442
21408, 11696, 54.63, 252, 68.48, 4, 9442
21409, 11697, 54.64, 252, 68.48, 4, 9442
21410, 11697, 54.63, 252, 68.48, 4, 9443
21411, 11698, 54.64, 252, 68.48, 4, 9443
21412, 11698, 54.63, 252, 68.48, 4, 9444
21413, 11699, 54.64, 252, 68.48, 4, 9444
21414, 11700, 54.64, 252, 68.48, 4, 9444
21415, 11701, 54.64, 252, 68.48, 4, 9444
21416, 11702, 54.64, 252, 68.48, 4, 9444
21417, 11703, 54.64, 252, 68.48, 4, 9444
21418, 11704, 54.65, 252, 68.48, 4, 9444
21419, 11704, 54.64, 252, 68.48, 4, 9445
21420, 11705, 54.65, 252, 68.48, 4, 9445
21421, 11705, 54.64, 252, 68.48, 4, 9446
21422, 11705, 54.64, 252, 68.48, 4, 9447
21423, 11706, 54.64, 252, 68.48, 4, 9447
21424, 11707, 54.64, 252, 68.48, 4, 9447
21425, 11707, 54.64, 252, 68.48, 4, 9448
21426, 11707, 54.64, 252, 68.48, 4, 9449
21427, 11707, 54.64, 252, 68.48, 4, 9450
21428, 11708, 54.64, 252, 68.48, 4, 9450
21429, 11709, 54.64, 252, 68.48, 4, 9450
21430, 11710, 54.64, 252, 68.48, 4, 9450
21431, 11711, 54.65, 252, 68.48, 4, 9450
21432, 11712, 54.65, 252, 68.48, 4, 9450
21433, 11713, 54.65, 252, 68.48, 4, 9450
21434, 11714, 54.65, 252, 68.48, 4, 9450
21435, 11714, 54.65, 252, 68.48, 4, 9451
21436, 11714, 54.65, 252, 68.48, 4, 9452
21437, 11715, 54.65, 252, 68.48, 4, 9452
21438, 11716, 54.65, 252, 68.48, 4, 9452
21439, 11717, 54.65, 252, 68.48, 4, 9452
21440, 11718, 54.65, 252, 68.48, 4, 9452
21441, 11719, 54.66, 252, 68.48, 4, 9452
21442, 11719, 54.65, 252, 68.48, 4, 9453
21443, 11719, 54.65, 252, 68.48, 4, 9454
21444, 11720, 54.65, 252, 68.48, 4, 9454
21445, 11721, 54.66, 252, 68.48, 4, 9454
21446, 11721, 54.65, 252, 68.48, 4, 9455
21447, 11722, 54.66, 252, 68.48, 4, 9455
21448, 11723, 54.66, 252, 68.48, 4, 9455
21449, 11724, 54.66, 252, 68.48, 4, 9455
21450, 11725, 54.66, 252, 68.48, 4, 9455
21451, 11726, 54.66, 252, 68.48, 4, 9455
21452, 11727, 54.67, 252, 68.48, 4, 9455
21453, 11728, 54.67, 252, 68.48, 4, 9455
21454, 11729, 54.67, 252, 68.48, 4, 9455
21455, 11730, 54.67, 252, 68.48, 4, 9455
21456, 11730, 54.67, 252, 68.48, 4, 9456
21457, 11731, 54.67, 252, 68.48, 4, 9456
21458, 11731, 54.67, 252, 68.48, 4, 9457
21459, 11732, 54.67, 252, 68.48, 4, 9457
21460, 11733, 54.67, 252, 68.48, 4, 9457
21461, 11733, 54.67, 252, 68.48, 4, 9458
21462, 11734, 54.67, 252, 68.48, 4, 9458
21463, 11735, 54.68, 252, 68.48, 4, 9458
21464, 11736, 54.68, 252, 68.48, 4, 9458
21465, 11736, 54.68, 252, 68.48, 4, 9459
21466, 11736, 54.67, 252, 68.48, 4, 9460
21467, 11737, 54.67, 252, 68.48, 4, 9460
21468, 11738, 54.68, 252, 68.48, 4, 9460
21469, 11738, 54.67, 252, 68.48, 4, 9461
21470, 11739, 54.68, 252, 68.48, 4, 9461
21471, 11739, 54.67, 252, 68.48, 4, 9462
21472, 11739, 54.67, 252, 68.48, 4, 9463
21473, 11739, 54.67, 252, 68.48, 4, 9464
21474, 11739, 54.67, 252, 68.48, 4, 9465
21475, 11740, 54.67, 252, 68.48, 4, 9465
21476, 11741, 54.67, 252, 68.48, 4, 9465
21477, 11742, 54.67, 252, 68.48, 4, 9465
21478, 11742, 54.67, 252, 68.48, 4, 9466
21479, 11743, 54.67, 252, 68.48, 4, 9466
21480, 11744, 54.67, 252, 68.48, 4, 9466
21481, 11745, 54.68, 252, 68.48, 4, 9466
21482, 11745, 54.67, 252, 68.48, 4, 9467
21483, 11746, 54.68, 252, 68.48, 4, 9467
21484, 11747, 54.68, 252, 68.48, 4, 9467
21485, 11747, 54.68, 252, 68.48, 4, 9468
21486, 11747, 54.67, 252, 68.48, 4, 9469
21487, 11748, 54.67, 252, 68.48, 4, 9469
21488, 11749, 54.68, 252, 68.48, 4, 9469
21489, 11750, 54.68, 252, 68.48, 4, 9469
21490, 11751, 54.68, 252, 68.48, 4, 9469
21491, 11752, 54.68, 252, 68.48, 4, 9469
21492, 11752, 54.68, 252, 68.48, 4, 9470
21493, 11753, 54.68, 252, 68.48, 4, 9470
21494, 11754, 54.69, 252, 68.48, 4, 9470
21495, 11754, 54.68, 252, 68.48, 4, 9471
21496, 11755, 54.68, 252, 68.48, 4, 9471
21497, 11755, 54.68, 252, 68.48, 4, 9472
21498, 11756, 54.68, 252, 68.48, 4, 9472
21499, 11757, 54.69, 252, 68.48, 4, 9472
21500, 11758, 54.69, 252, 68.48, 4, 9472
21501, 11759, 54.69, 252, 68.48, 4, 9472
21502, 11759, 54.69, 252, 68.48, 4, 9473
21503, 11760, 54.69, 252, 68.48, 4, 9473
21504, 11760, 54.69, 252, 68.48, 4, 9474
21505, 11760, 54.68, 252, 68.48, 4, 9475
21506, 11761, 54.69, 252, 68.48, 4, 9475
21507, 11761, 54.68, 252, 68.48, 4, 9476
21508, 11762, 54.69, 252, 68.48, 4, 9476
21509, 11763, 54.69, 252, 68.48, 4, 9476
21510, 11764, 54.69, 252, 68.48, 4, 9476
21511, 11765, 54.69, 252, 68.48, 4, 9476
21512, 11765, 54.69, 252, 68.48, 4, 9477
21513, 11766, 54.69, 252, 68.48, 4, 9477
21514, 11767, 54.69, 252, 68.48, 4, 9477
21515, 11768, 54.70, 252, 68.48, 4, 9477
21516, 11769, 54.70, 252, 68.48, 4, 9477
21517, 11770, 54.70, 252, 68.48, 4, 9477
21518, 11771, 54.70, 252, 68.48, 4, 9477
21519, 11771, 54.70, 252, 68.48, 4, 9478
21520, 11772, 54.70, 252, 68.48, 4, 9478
21521, 11772, 54.70, 252, 68.48, 4, 9479
21522, 11772, 54.70, 252, 68.48, 4, 9480
21523, 11773, 54.70, 252, 68.48, 4, 9480
21524, 11774, 54.70, 252, 68.48, 4, 9480
21525, 11775, 54.70, 252, 68.48, 4, 9480
21526, 11775, 54.70, 252, 68.48, 4, 9481
21527, 11775, 54.70, 252, 68.48, 4, 9482
21528, 11776, 54.70, 252, 68.48, 4, 9482
21529, 11776, 54.70, 252, 68.48, 4, 9483
21530, 11777, 54.70, 252, 68.48, 4, 9483
21531, 11778, 54.70, 252, 68.48, 4, 9483
21532, 11778, 54.70, 252, 68.48, 4, 9484
21533, 11779, 54.70, 252, 68.48, 4, 9484
21534, 11779, 54.70, 252, 68.48, 4, 9485
21535, 11780, 54.70, 252, 68.48, 4, 9485
21536, 11781, 54.70, 252, 68.48, 4, 9485
21537, 11781, 54.70, 252, 68.48, 4, 9486
21538, 11782, 54.70, 252, 68.48, 4, 9486
21539, 11783, 54.71, 252, 68.48, 4, 9486
21540, 11783, 54.70, 252, 68.48, 4, 9487
21541, 11784, 54.70, 252, 68.48, 4, 9487
21542, 11784, 54.70, 252, 68.48, 4, 9488
21543, 11785, 54.70, 252, 68.48, 4, 9488
21544, 11786, 54.71, 252, 68.48, 4, 9488
21545, 11786, 54.70, 252, 68.48, 4, 9489
21546, 11786, 54.70, 252, 68.48, 4, 9490
21547, 11787, 54.70, 252, 68.48, 4, 9490
21548, 11788, 54.71, 252, 68.48, 4, 9490
21549, 11788, 54.70, 252, 68.48, 4, 9491
21550, 11789, 54.71, 252, 68.48, 4, 9491
21551, 11789, 54.70, 252, 68.48, 4, 9492
21552, 11789, 54.70, 252, 68.48, 4, 9493
21553, 11790, 54.70, 252, 68.48, 4, 9493
21554, 11791, 54.70, 252, 68.48, 4, 9493
21555, 11791, 54.70, 252, 68.48, 4, 9494
21556, 11792, 54.70, 252, 68.48, 4, 9494
21557, 11793, 54.71, 252, 68.48, 4, 9494
21558, 11793, 54.70, 252, 68.48, 4, 9495
21559, 11794, 54.71, 252, 68.48, 4, 9495
21560, 11794, 54.70, 252, 68.48, 4, 9496
21561, 11794, 54.70, 252, 68.48, 4, 9497
21562, 11795, 54.70, 252, 68.48, 4, 9497
21563, 11796, 54.70, 252, 68.48, 4, 9497
21564, 11797, 54.71, 252, 68.48, 4, 9497
21565, 11797, 54.70, 252, 68.48, 4, 9498
21566, 11798, 54.71, 252, 68.48, 4, 9498
21567, 11798, 54.70, 252, 68.48, 4, 9499
21568, 11798, 54.70, 252, 68.48, 4, 9500
21569, 11799, 54.70, 252, 68.48, 4, 9500
21570, 11800, 54.71, 252, 68.48, 4, 9500
21571, 11800, 54.70, 252, 68.48, 4, 9501
21572, 11801, 54.71, 252, 68.48, 4, 9501
21573, 11802, 54.71, 252, 68.48, 4, 9501
21574, 11802, 54.70, 252, 68.48, 4, 9502
21575, 11803, 54.71, 252, 68.48, 4, 9502
21576, 11803, 54.70, 252, 68.48, 4, 9503
21577, 11804, 54.71, 252, 68.48, 4, 9503
21578, 11804, 54.70, 252, 68.48, 4, 9504
21579, 11805, 54.71, 252, 68.48, 4, 9504
21580, 11806, 54.71, 252, 68.48, 4, 9504
21581, 11807, 54.71, 252, 68.48, 4, 9504
21582, 11807, 54.71, 252, 68.48, 4, 9504
21583, 11808, 54.71, 252, 68.48, 4, 9504
21584, 11808, 54.71, 252, 68.48, 4, 9504
21585, 11808, 54.70, 252, 68.48, 4, 9505
21586, 11809, 54.71, 252, 68.48, 4, 9505
21587, 11810, 54.71, 252, 68.48, 4, 9505
21588, 11810, 54.71, 252, 68.48, 4, 9506
21589, 11810, 54.70, 252, 68.48, 4, 9507
21590, 11810, 54.70, 252, 68.48, 4, 9508
21591, 11810, 54.70, 252, 68.48, 4, 9509
21592, 11810, 54.70, 252, 68.48, 4, 9510
21593, 11810, 54.69, 252, 68.48, 4, 9511
21594, 11811, 54.70, 252, 68.48, 4, 9511
21595, 11812, 54.70, 252, 68.48, 4, 9511
21596, 11812, 54.70, 252, 68.48, 4, 9512
21597, 11812, 54.69, 252, 68.48, 4, 9513
21598, 11813, 54.69, 252, 68.48, 4, 9513
21599, 11814, 54.70, 252, 68.48, 4, 9513
21600, 11814, 54.69, 252, 68.48, 4, 9514
21601, 11815, 54.70, 252, 68.48, 4, 9514
21602, 11815, 54.69, 252, 68.48, 4, 9515
21603, 11815, 54.69, 252, 68.48, 4, 9516
21604, 11816, 54.69, 252, 68.48, 4, 9516
21605, 11816, 54.69, 252, 68.48, 4, 9517
21606, 11817, 54.69, 252, 68.48, 4, 9517
21607, 11817, 54.69, 252, 68.48, 4, 9518
21608, 11817, 54.69, 252, 68.48, 4, 9519
21609, 11818, 54.69, 252, 68.48, 4, 9519
21610, 11819, 54.69, 252, 68.48, 4, 9519
21611, 11820, 54.69, 252, 68.48, 4, 9519
21612, 11821, 54.70, 252, 68.48, 4, 9519
21613, 11821, 54.69, 252, 68.48, 4, 9520
21614, 11822, 54.70, 252, 68.48, 4, 9520
21615, 11823, 54.70, 252, 68.48, 4, 9520
21616, 11824, 54.70, 252, 68.48, 4, 9520
21617, 11824, 54.70, 252, 68.48, 4, 9521
21618, 11825, 54.70, 252, 68.48, 4, 9521
21619, 11826, 54.70, 252, 68.48, 4, 9521
21620, 11827, 54.70, 252, 68.48, 4, 9521
21621, 11828, 54.71, 252, 68.48, 4, 9521
21622, 11829, 54.71, 252, 68.48, 4, 9521
21623, 11829, 54.71, 252, 68.48, 4, 9522
21624, 11829, 54.70, 252, 68.48, 4, 9523
21625, 11830, 54.71, 252, 68.48, 4, 9523
21626, 11831, 54.71, 252, 68.48, 4, 9523
21627, 11831, 54.70, 252, 68.48, 4, 9524
21628, 11831, 54.70, 252, 68.48, 4, 9525
21629, 11831, 54.70, 252, 68.48, 4, 9526
21630, 11831, 54.70, 252, 68.48, 4, 9527
21631, 11832, 54.70, 252, 68.48, 4, 9527
21632, 11832, 54.70, 252, 68.48, 4, 9528
21633, 11832, 54.69, 252, 68.48, 4, 9529
21634, 11833, 54.70, 252, 68.48, 4, 9529
21635, 11833, 54.69, 252, 68.48, 4, 9530
21636, 11833, 54.69, 252, 68.48, 4, 9531
21637, 11834, 54.69, 252, 68.48, 4, 9531
21638, 11834, 54.69, 252, 68.48, 4, 9532
21639, 11834, 54.69, 252, 68.48, 4, 9533
21640, 11835, 54.69, 252, 68.48, 4, 9533
21641, 11836, 54.69, 252, 68.48, 4, 9533
21642, 11836, 54.69, 252, 68.48, 4, 9534
21643, 11837, 54.69, 252, 68.48, 4, 9534
21644, 11838, 54.69, 252, 68.48, 4, 9534
21645, 11839, 54.70, 252, 68.48, 4, 9534
21646, 11840, 54.70, 252, 68.48, 4, 9534
21647, 11840, 54.70, 252, 68.48, 4, 9535
21648, 11841, 54.70, 252, 68.48, 4, 9535
21649, 11842, 54.70, 252, 68.48, 4, 9535
21650, 11843, 54.70, 252, 68.48, 4, 9535
21651, 11844, 54.70, 252, 68.48, 4, 9535
21652, 11844, 54.70, 252, 68.48, 4, 9536
21653, 11845, 54.70, 252, 68.48, 4, 9536
21654, 11846, 54.71, 252, 68.48, 4, 9536
21655, 11847, 54.71, 252, 68.48, 4, 9536
21656, 11847, 54.71, 252, 68.48, 4, 9537
21657, 11848, 54.71, 252, 68.48, 4, 9537
21658, 11848, 54.70, 252, 68.48, 4, 9538
21659, 11849, 54.71, 252, 68.48, 4, 9538
21660, 11849, 54.70, 252, 68.48, 4, 9539
21661, 11849, 54.70, 252, 68.48, 4, 9540
21662, 11850, 54.70, 252, 68.48, 4, 9540
21663, 11851, 54.71, 252, 68.48, 4, 9540
21664, 11851, 54.70, 252, 68.48, 4, 9541
21665, 11852, 54.71, 252, 68.48, 4, 9541
21666, 11852, 54.70, 252, 68.48, 4, 9542
21667, 11852, 54.70, 252, 68.48, 4, 9543
21668, 11852, 54.70, 252, 68.48, 4, 9544
21669, 11852, 54.70, 252, 68.48, 4, 9545
21670, 11853, 54.70, 252, 68.48, 4, 9545
21671, 11853, 54.70, 252, 68.48, 4, 9546
21672, 11853, 54.69, 252, 68.48, 4, 9547
21673, 11853, 54.69, 252, 68.48, 4, 9548
21674, 11854, 54.69, 252, 68.48, 4, 9548
21675, 11854, 54.69, 252, 68.48, 4, 9549
21676, 11854, 54.69, 252, 68.48, 4, 9550
21677, 11855, 54.69, 252, 68.48, 4, 9550
21678, 11855, 54.69, 252, 68.48, 4, 9551
21679, 11856, 54.69, 252, 68.48, 4, 9551
21680, 11857, 54.69, 252, 68.48, 4, 9551
21681, 11858, 54.69, 252, 68.48, 4, 9551
21682, 11859, 54.70, 252, 68.48, 4, 9551
21683, 11860, 54.70, 252, 68.48, 4, 9551
21684, 11861, 54.70, 252, 68.48, 4, 9551
21685, 11862, 54.70, 252, 68.48, 4, 9551
21686, 11863, 54.70, 252, 68.48, 4, 9551
21687, 11864, 54.71, 252, 68.48, 4, 9551
21688, 11865, 54.71, 252, 68.48, 4, 9551
21689, 11866, 54.71, 252, 68.48, 4, 9551
21690, 11867, 54.71, 252, 68.48, 4, 9551
21691, 11868, 54.71, 252, 68.48, 4, 9551
21692, 11869, 54.72, 252, 68.48, 4, 9551
21693, 11869, 54.71, 252, 68.48, 4, 9552
21694, 11870, 54.72, 252, 68.48, 4, 9552
21695, 11871, 54.72, 252, 68.48, 4, 9552
21696, 11872, 54.72, 252, 68.48, 4, 9552
21697, 11873, 54.72, 252, 68.48, 4, 9552
21698, 11874, 54.72, 252, 68.48, 4, 9552
21699, 11875, 54.73, 252, 68.48, 4, 9552
21700, 11875, 54.72, 252, 68.48, 4, 9553
21701, 11876, 54.73, 252, 68.48, 4, 9553
21702, 11877, 54.73, 252, 68.48, 4, 9553
21703, 11878, 54.73, 252, 68.48, 4, 9553
21704, 11878, 54.73, 252, 68.48, 4, 9554
21705, 11879, 54.73, 252, 68.48, 4, 9554
21706, 11879, 54.73, 252, 68.48, 4, 9555
21707, 11880, 54.73, 252, 68.48, 4, 9555
21708, 11880, 54.73, 252, 68.48, 4, 9556
21709, 11881, 54.73, 252, 68.48, 4, 9556
21710, 11882, 54.73, 252, 68.48, 4, 9556
21711, 11883, 54.73, 252, 68.48, 4, 9556
21712, 11883, 54.73, 252, 68.48, 4, 9557
21713, 11883, 54.73, 252, 68.48, 4, 9558
21714, 11884, 54.73, 252, 68.48, 4, 9558
21715, 11885, 54.73, 252, 68.48, 4, 9558
21716, 11885, 54.73, 252, 68.48, 4, 9559
21717, 11886, 54.73, 252, 68.48, 4, 9559
21718, 11887, 54.73, 252, 68.48, 4, 9559
21719, 11887, 54.73, 252, 68.48, 4, 9559
21720, 11888, 54.73, 252, 68.48, 4, 9559
21721, 11888, 54.73, 252, 68.48, 4, 9559
21722, 11888, 54.73, 252, 68.48, 4, 9560
21723, 11889, 54.73, 252, 68.48, 4, 9560
21724, 11890, 54.73, 252, 68.48, 4, 9560
21725, 11890, 54.73, 252, 68.48, 4, 9561
21726, 11890, 54.73, 252, 68.48, 4, 9562
21727, 11891, 54.73, 252, 68.48, 4, 9562
21728, 11891, 54.73, 252, 68.48, 4, 9563
21729, 11891, 54.72, 252, 68.48, 4, 9564
21730, 11891, 54.72, 252, 68.48, 4, 9565
21731, 11892, 54.72, 252, 68.48, 4, 9565
21732, 11893, 54.73, 252, 68.48, 4, 9565
21733, 11893, 54.72, 252, 68.48, 4, 9566
21734, 11894, 54.73, 252, 68.48, 4, 9566
21735, 11895, 54.73, 252, 68.48, 4, 9566
21736, 11895, 54.72, 252, 68.48, 4, 9567
21737, 11895, 54.72, 252, 68.48, 4, 9568
21738, 11895, 54.72, 252, 68.48, 4, 9569
21739, 11896, 54.72, 252, 68.48, 4, 9569
21740, 11897, 54.72, 252, 68.48, 4, 9569
21741, 11897, 54.72, 252, 68.48, 4, 9570
21742, 11898, 54.72, 252, 68.48, 4, 9570
21743, 11898, 54.72, 252, 68.48, 4, 9571
21744, 11899, 54.72, 252, 68.48, 4, 9571
21745, 11900, 54.73, 252, 68.48, 4, 9571
21746, 11901, 54.73, 252, 68.48, 4, 9571
21747, 11902, 54.73, 252, 68.48, 4, 9571
21748, 11902, 54.73, 252, 68.48, 4, 9572
21749, 11902, 54.72, 252, 68.48, 4, 9573
21750, 11902, 54.72, 252, 68.48, 4, 9574
21751, 11903, 54.72, 252, 68.48, 4, 9574
21752, 11904, 54.73, 252, 68.48, 4, 9574
21753, 11904, 54.72, 252, 68.48, 4, 9575
21754, 11905, 54.73, 252, 68.48, 4, 9575
21755, 11906, 54.73, 252, 68.48, 4, 9575
21756, 11906, 54.73, 252, 68.48, 4, 9576
21757, 11907, 54.73, 252, 68.48, 4, 9576
21758, 11907, 54.72, 252, 68.48, 4, 9577
21759, 11908, 54.73, 252, 68.48, 4, 9577
21760, 11909, 54.73, 252, 68.48, 4, 9577
21761, 11909, 54.73, 252, 68.48, 4, 9578
21762, 11910, 54.73, 252, 68.48, 4, 9578
21763, 11911, 54.73, 252, 68.48, 4, 9578
21764, 11911, 54.73, 252, 68.48, 4, 9579
21765, 11912, 54.73, 252, 68.48, 4, 9579
21766, 11912, 54.73, 252, 68.48, 4, 9580
21767, 11912, 54.73, 252, 68.48, 4, 9581
21768, 11913, 54.73, 252, 68.48, 4, 9581
21769, 11913, 54.72, 252, 68.48, 4, 9582
21770, 11914, 54.73, 252, 68.48, 4, 9582
21771, 11914, 54.72, 252, 68.48, 4, 9583
21772, 11914, 54.72, 252, 68.48, 4, 9584
21773, 11915, 54.72, 252, 68.48, 4, 9584
21774, 11915, 54.72, 252, 68.48, 4, 9585
21775, 11916, 54.72, 252, 68.48, 4, 9585
21776, 11916, 54.72, 252, 68.48, 4, 9586
21777, 11916, 54.72, 252, 68.48, 4, 9587
21778, 11916, 54.72, 252, 68.48, 4, 9588
21779, 11916, 54.71, 252, 68.48, 4, 9589
21780, 11917, 54.72, 252, 68.48, 4, 9589
21781, 11918, 54.72, 252, 68.48, 4, 9589
21782, 11919, 54.72, 252, 68.48, 4, 9589
21783, 11920, 54.72, 252, 68.48, 4, 9589
21784, 11921, 54.72, 252, 68.48, 4, 9589
21785, 11922, 54.73, 252, 68.48, 4, 9589
21786, 11922, 54.72, 252, 68.48, 4, 9590
21787, 11923, 54.73, 252, 68.48, 4, 9590
21788, 11923, 54.72, 252, 68.48, 4, 9591
21789, 11923, 54.72, 252, 68.48, 4, 9592
21790, 11924, 54.72, 252, 68.48, 4, 9592
21791, 11925, 54.72, 252, 68.48, 4, 9592
21792, 11926, 54.73, 252, 68.48, 4, 9592
21793, 11926, 54.72, 252, 68.48, 4, 9593
21794, 11927, 54.73, 252, 68.48, 4, 9593
21795, 11928, 54.73, 252, 68.48, 4, 9593
21796, 11928, 54.73, 252, 68.48, 4, 9594
21797, 11929, 54.73, 252, 68.48, 4, 9594
21798, 11930, 54.73, 252, 68.48, 4, 9594
21799, 11931, 54.73, 252, 68.48, 4, 9594
21800, 11931, 54.73, 252, 68.48, 4, 9595
21801, 11932, 54.73, 252, 68.48, 4, 9595
21802, 11932, 54.73, 252, 68.48, 4, 9596
21803, 11932, 54.73, 252, 68.48, 4, 9597
21804, 11932, 54.72, 252, 68.48, 4, 9598
21805, 11933, 54.73, 252, 68.48, 4, 9598
21806, 11933, 54.72, 252, 68.48, 4, 9599
21807, 11934, 54.73, 252, 68.48, 4, 9599
21808, 11934, 54.72, 252, 68.48, 4, 9600
21809, 11934, 54.72, 252, 68.48, 4, 9601
21810, 11935, 54.72, 252, 68.48, 4, 9601
21811, 11935, 54.72, 252, 68.48, 4, 9602
21812, 11935, 54.72, 252, 68.48, 4, 9603
21813, 11935, 54.72, 252, 68.48, 4, 9604
21814, 11936, 54.72, 252, 68.48, 4, 9604
21815, 11937, 54.72, 252, 68.48, 4, 9604
21816, 11937, 54.72, 252, 68.48, 4, 9605
21817, 11938, 54.72, 252, 68.48, 4, 9605
21818, 11938, 54.72, 252, 68.48, 4, 9606
21819, 11939, 54.72, 252, 68.48, 4, 9606
21820, 11940, 54.72, 252, 68.48, 4, 9606
21821, 11941, 54.72, 252, 68.48, 4, 9606
21822, 11941, 54.72, 252, 68.48, 4, 9607
21823, 11941, 54.72, 252, 68.48, 4, 9608
21824, 11942, 54.72, 252, 68.48, 4, 9608
21825, 11943, 54.72, 252, 68.48, 4, 9608
21826, 11943, 54.72, 252, 68.48, 4, 9609
21827, 11944, 54.72, 252, 68.48, 4, 9609
21828, 11945, 54.72, 252, 68.48, 4, 9609
21829, 11946, 54.73, 252, 68.48, 4, 9609
21830, 11946, 54.72, 252, 68.48, 4, 9610
21831, 11947, 54.72, 252, 68.48, 4, 9610
21832, 11948, 54.73, 252, 68.48, 4, 9610
21833, 11949, 54.73, 252, 68.48, 4, 9610
21834, 11950, 54.73, 252, 68.48, 4, 9610
21835, 11950, 54.73, 252, 68.48, 4, 9611
21836, 11950, 54.73, 252, 68.48, 4, 9612
21837, 11950, 54.72, 252, 68.48, 4, 9613
21838, 11951, 54.73, 252, 68.48, 4, 9613
21839, 11952, 54.73, 252, 68.48, 4, 9613
21840, 11953, 54.73, 252, 68.48, 4, 9613
21841, 11954, 54.73, 252, 68.48, 4, 9613
21842, 11955, 54.73, 252, 68.48, 4, 9613
21843, 11955, 54.73, 252, 68.48, 4, 9614
21844, 11956, 54.73, 252, 68.48, 4, 9614
21845, 11956, 54.73, 252, 68.48, 4, 9615
21846, 11956, 54.73, 252, 68.48, 4, 9616
21847, 11957, 54.73, 252, 68.48, 4, 9616
21848, 11958, 54.73, 252, 68.48, 4, 9616
21849, 11958, 54.73, 252, 68.48, 4, 9617
21850, 11959, 54.73, 252, 68.48, 4, 9617
21851, 11960, 54.73, 252, 68.48, 4, 9617
21852, 11961, 54.74, 252, 68.48, 4, 9617
21853, 11962, 54.74, 252, 68.48, 4, 9617
21854, 11963, 54.74, 252, 68.48, 4, 9617
21855, 11963, 54.74, 252, 68.48, 4, 9618
21856, 11964, 54.74, 252, 68.48, 4, 9618
21857, 11965, 54.74, 252, 68.48, 4, 9618
21858, 11965, 54.74, 252, 68.48, 4, 9618
21859, 11966, 54.74, 252, 68.48, 4, 9618
21860, 11967, 54.74, 252, 68.48, 4, 9618
21861, 11967, 54.74, 252, 68.48, 4, 9619
21862, 11967, 54.74, 252, 68.48, 4, 9620
21863, 11968, 54.74, 252, 68.48, 4, 9620
21864, 11969, 54.74, 252, 68.48, 4, 9620
21865, 11970, 54.75, 252, 68.48, 4, 9620
21866, 11970, 54.74, 252, 68.48, 4, 9621
21867, 11970, 54.74, 252, 68.48, 4, 9622
21868, 11971, 54.74, 252, 68.48, 4, 9622
21869, 11972, 54.74, 252, 68.48, 4, 9622
21870, 11972, 54.74, 252, 68.48, 4, 9623
21871, 11972, 54.74, 252, 68.48, 4, 9624
21872, 11973, 54.74, 252, 68.48, 4, 9624
21873, 11973, 54.74, 252, 68.48, 4, 9625
21874, 11973, 54.74, 252, 68.48, 4, 9626
21875, 11974, 54.74, 252, 68.48, 4, 9626
21876, 11974, 54.74, 252, 68.48, 4, 9627
21877, 11975, 54.74, 252, 68.48, 4, 9627
21878, 11976, 54.74, 252, 68.48, 4, 9627
21879, 11977, 54.74, 252, 68.48, 4, 9627
21880, 11977, 54.74, 252, 68.48, 4, 9628
21881, 11978, 54.74, 252, 68.48, 4, 9628
21882, 11979, 54.74, 252, 68.48, 4, 9628
21883, 11979, 54.74, 252, 68.48, 4, 9629
21884, 11979, 54.74, 252, 68.48, 4, 9630
21885, 11979, 54.74, 252, 68.48, 4, 9631
21886, 11979, 54.73, 252, 68.48, 4, 9632
21887, 11979, 54.73, 252, 68.48, 4, 9633
21888, 11980, 54.73, 252, 68.48, 4, 9633
21889, 11981, 54.74, 252, 68.48, 4, 9633
21890, 11981, 54.73, 252, 68.48, 4, 9634
21891, 11981, 54.73, 252, 68.48, 4, 9635
21892, 11982, 54.73, 252, 68.48, 4, 9635
21893, 11982, 54.73, 252, 68.48, 4, 9636
21894, 11982, 54.73, 252, 68.48, 4, 9637
21895, 11982, 54.72, 252, 68.48, 4, 9638
21896, 11982, 54.72, 252, 68.48, 4, 9639
21897, 11983, 54.72, 252, 68.48, 4, 9639
21898, 11984, 54.73, 252, 68.48, 4, 9639
21899, 11984, 54.72, 252, 68.48, 4, 9640
21900, 11985, 54.73, 252, 68.48, 4, 9640
21901, 11985, 54.72, 252, 68.48, 4, 9641
21902, 11986, 54.73, 252, 68.48, 4, 9641
21903, 11986, 54.72, 252, 68.48, 4, 9642
21904, 11987, 54.73, 252, 68.48, 4, 9642
21905, 11987, 54.72, 252, 68.48, 4, 9643
21906, 11987, 54.72, 252, 68.48, 4, 9644
21907, 11988, 54.72, 252, 68.48, 4, 9644
21908, 11989, 54.72, 252, 68.48, 4, 9644
21909, 11990, 54.73, 252, 68.48, 4, 9644
21910, 11990, 54.72, 252, 68.48, 4, 9645
21911, 11990, 54.72, 252, 68.48, 4, 9646
21912, 11991, 54.72, 252, 68.48, 4, 9646
21913, 11992, 54.73, 252, 68.48, 4, 9646
21914, 11993, 54.73, 252, 68.48, 4, 9646
21915, 11994, 54.73, 252, 68.48, 4, 9646
21916, 11994, 54.73, 252, 68.48, 4, 9647
21917, 11994, 54.72, 252, 68.48, 4, 9648
21918, 11995, 54.73, 252, 68.48, 4, 9648
21919, 11996, 54.73, 252, 68.48, 4, 9648
21920, 11996, 54.73, 252, 68.48, 4, 9649
21921, 11996, 54.72, 252, 68.48, 4, 9650
21922, 11996, 54.72, 252, 68.48, 4, 9651
21923, 11996, 54.72, 252, 68.48, 4, 9652
21924, 11997, 54.72, 252, 68.48, 4, 9652
21925, 11998, 54.72, 252, 68.48, 4, 9652
21926, 11998, 54.72, 252, 68.48, 4, 9653
21927, 11998, 54.72, 252, 68.48, 4, 9654
21928, 11999, 54.72, 252, 68.48, 4, 9654
21929, 12000, 54.72, 252, 68.48, 4, 9654
21930, 12001, 54.72, 252, 68.48, 4, 9654
21931, 12002, 54.73, 252, 68.48, 4, 9654
21932, 12003, 54.73, 252, 68.48, 4, 9654
21933, 12003, 54.73, 252, 68.48, 4, 9655
21934, 12003, 54.72, 252, 68.48, 4, 9656
21935, 12003, 54.72, 252, 68.48, 4, 9657
21936, 12004, 54.72, 252, 68.48, 4, 9657
21937, 12004, 54.72, 252, 68.48, 4, 9658
21938, 12005, 54.72, 252, 68.48, 4, 9658
21939, 12006, 54.72, 252, 68.48, 4, 9658
21940, 12007, 54.73, 252, 68.48, 4, 9658
21941, 12008, 54.73, 252, 68.48, 4, 9658
21942, 12008, 54.73, 252, 68.48, 4, 9659
21943, 12009, 54.73, 252, 68.48, 4, 9659
21944, 12010, 54.73, 252, 68.48, 4, 9659
21945, 12011, 54.73, 252, 68.48, 4, 9659
21946, 12012, 54.73, 252, 68.48, 4, 9659
21947, 12012, 54.73, 252, 68.48, 4, 9660
21948, 12013, 54.73, 252, 68.48, 4, 9660
21949, 12013, 54.73, 252, 68.48, 4, 9661
21950, 12014, 54.73, 252, 68.48, 4, 9661
21951, 12014, 54.73, 252, 68.48, 4, 9662
21952, 12015, 54.73, 252, 68.48, 4, 9662
21953, 12016, 54.74, 252, 68.48, 4, 9662
21954, 12016, 54.73, 252, 68.48, 4, 9663
21955, 12016, 54.73, 252, 68.48, 4, 9664
21956, 12017, 54.73, 252, 68.48, 4, 9664
21957, 12018, 54.73, 252, 68.48, 4, 9664
21958, 12019, 54.74, 252, 68.48, 4, 9664
21959, 12019, 54.73, 252, 68.48, 4, 9665
21960, 12020, 54.74, 252, 68.48, 4, 9665
21961, 12020, 54.73, 252, 68.48, 4, 9666
21962, 12021, 54.74, 252, 68.48, 4, 9666
21963, 12022, 54.74, 252, 68.48, 4, 9666
21964, 12022, 54.74, 252, 68.48, 4, 9667
21965, 12023, 54.74, 252, 68.48, 4, 9667
21966, 12024, 54.74, 252, 68.48, 4, 9667
21967, 12025, 54.74, 252, 68.48, 4, 9667
21968, 12025, 54.74, 252, 68.48, 4, 9668
21969, 12026, 54.74, 252, 68.48, 4, 9668
21970, 12026, 54.74, 252, 68.48, 4, 9669
21971, 12026, 54.74, 252, 68.48, 4, 9670
21972, 12027, 54.74, 252, 68.48, 4, 9670
21973, 12027, 54.74, 252, 68.48, 4, 9671
21974, 12027, 54.73, 252, 68.48, 4, 9672
21975, 12027, 54.73, 252, 68.48, 4, 9673
21976, 12028, 54.73, 252, 68.48, 4, 9673
21977, 12029, 54.73, 252, 68.48, 4, 9673
21978, 12029, 54.73, 252, 68.48, 4, 9674
21979, 12029, 54.73, 252, 68.48, 4, 9675
21980, 12030, 54.73, 252, 68.48, 4, 9675
21981, 12030, 54.73, 252, 68.48, 4, 9676
21982, 12030, 54.73, 252, 68.48, 4, 9677
21983, 12031, 54.73, 252, 68.48, 4, 9677
21984, 12032, 54.73, 252, 68.48, 4, 9677
21985, 12033, 54.73, 252, 68.48, 4, 9677
21986, 12034, 54.73, 252, 68.48, 4, 9677
21987, 12035, 54.74, 252, 68.48, 4, 9677
21988, 12036, 54.74, 252, 68.48, 4, 9677
21989, 12036, 54.74, 252, 68.48, 4, 9678
21990, 12036, 54.73, 252, 68.48, 4, 9679
21991, 12037, 54.74, 252, 68.48, 4, 9679
21992, 12038, 54.74, 252, 68.48, 4, 9679
21993, 12039, 54.74, 252, 68.48, 4, 9679
21994, 12039, 54.74, 252, 68.48, 4, 9680
21995, 12039, 54.74, 252, 68.48, 4, 9681
21996, 12039, 54.73, 252, 68.48, 4, 9682
21997, 12040, 54.73, 252, 68.48, 4, 9682
21998, 12041, 54.74, 252, 68.48, 4, 9682
21999, 12042, 54.74, 252, 68.48, 4, 9682
22000, 12042, 54.74, 252, 68.48, 4, 9683
22001, 12042, 54.73, 252, 68.48, 4, 9684
22002, 12043, 54.74, 252, 68.48, 4, 9684
22003, 12043, 54.73, 252, 68.48, 4, 9685
22004, 12043, 54.73, 252, 68.48, 4, 9686
22005, 12044, 54.73, 252, 68.48, 4, 9686
22006, 12044, 54.73, 252, 68.48, 4, 9687
22007, 12044, 54.73, 252, 68.48, 4, 9688
22008, 12044, 54.73, 252, 68.48, 4, 9689
22009, 12045, 54.73, 252, 68.48, 4, 9689
22010, 12046, 54.73, 252, 68.48, 4, 9689
22011, 12046, 54.73, 252, 68.48, 4, 9690
22012, 12046, 54.72, 252, 68.48, 4, 9691
22013, 12047, 54.73, 252, 68.48, 4, 9691
22014, 12047, 54.72, 252, 68.48, 4, 9692
22015, 12048, 54.73, 252, 68.48, 4, 9692
22016, 12048, 54.72, 252, 68.48, 4, 9693
22017, 12049, 54.73, 252, 68.48, 4, 9693
22018, 12049, 54.72, 252, 68.48, 4, 9694
22019, 12049, 54.72, 252, 68.48, 4, 9695
22020, 12049, 54.72, 252, 68.48, 4, 9696
22021, 12049, 54.72, 252, 68.48, 4, 9697
22022, 12050, 54.72, 252, 68.48, 4, 9697
22023, 12050, 54.72, 252, 68.48, 4, 9698
22024, 12051, 54.72, 252, 68.48, 4, 9698
22025, 12052, 54.72, 252, 68.48, 4, 9698
22026, 12052, 54.72, 252, 68.48, 4, 9699
22027, 12053, 54.72, 252, 68.48, 4, 9699
22028, 12054, 54.72, 252, 68.48, 4, 9699
22029, 12055, 54.72, 252, 68.48, 4, 9699
22030, 12055, 54.72, 252, 68.48, 4, 9700
22031, 12055, 54.72, 252, 68.48, 4, 9701
22032, 12055, 54.72, 252, 68.48, 4, 9702
22033, 12056, 54.72, 252, 68.48, 4, 9702
22034, 12057, 54.72, 252, 68.48, 4, 9702
22035, 12058, 54.72, 252, 68.48, 4, 9702
22036, 12059, 54.72, 252, 68.48, 4, 9702
22037, 12059, 54.72, 252, 68.48, 4, 9703
22038, 12060, 54.72, 252, 68.48, 4, 9703
22039, 12061, 54.73, 252, 68.48, 4, 9703
22040, 12062, 54.73, 252, 68.48, 4, 9703
22041, 12062, 54.73, 252, 68.48, 4, 9704
22042, 12062, 54.72, 252, 68.48, 4, 9705
22043, 12063, 54.72, 252, 68.48, 4, 9705
22044, 12064, 54.73, 252, 68.48, 4, 9705
22045, 12065, 54.73, 252, 68.48, 4, 9705
22046, 12065, 54.73, 252, 68.48, 4, 9706
22047, 12066, 54.73, 252, 68.48, 4, 9706
22048, 12066, 54.73, 252, 68.48, 4, 9707
22049, 12067, 54.73, 252, 68.48, 4, 9707
22050, 12067, 54.73, 252, 68.48, 4, 9708
22051, 12068, 54.73, 252, 68.48, 4, 9708
22052, 12068, 54.73, 252, 68.48, 4, 9709
22053, 12068, 54.72, 252, 68.48, 4, 9710
22054, 12069, 54.72, 252, 68.48, 4, 9710
22055, 12070, 54.73, 252, 68.48, 4, 9710
22056, 12071, 54.73, 252, 68.48, 4, 9710
22057, 12072, 54.73, 252, 68.48, 4, 9710
22058, 12073, 54.73, 252, 68.48, 4, 9710
22059, 12074, 54.74, 252, 68.48, 4, 9710
22060, 12075, 54.74, 252, 68.48, 4, 9710
22061, 12076, 54.74, 252, 68.48, 4, 9710
22062, 12076, 54.74, 252, 68.48, 4, 9711
22063, 12077, 54.74, 252, 68.48, 4, 9711
22064, 12077, 54.74, 252, 68.48, 4, 9712
22065, 12077, 54.73, 252, 68.48, 4, 9713
22066, 12077, 54.73, 252, 68.48, 4, 9714
22067, 12077, 54.73, 252, 68.48, 4, 9715
22068, 12077, 54.73, 252, 68.48, 4, 9716
22069, 12078, 54.73, 252, 68.48, 4, 9716
22070, 12079, 54.73, 252, 68.48, 4, 9716
22071, 12079, 54.73, 252, 68.48, 4, 9717
22072, 12079, 54.73, 252, 68.48, 4, 9718
22073, 12080, 54.73, 252, 68.48, 4, 9718
22074, 12080, 54.73, 252, 68.48, 4, 9719
22075, 12080, 54.72, 252, 68.48, 4, 9720
22076, 12081, 54.72, 252, 68.48, 4, 9720
22077, 12082, 54.73, 252, 68.48, 4, 9720
22078, 12083, 54.73, 252, 68.48, 4, 9720
22079, 12083, 54.73, 252, 68.48, 4, 9721
22080, 12083, 54.72, 252, 68.48, 4, 9722
22081, 12083, 54.72, 252, 68.48, 4, 9723
22082, 12083, 54.72, 252, 68.48, 4, 9724
22083, 12084, 54.72, 252, 68.48, 4, 9724
22084, 12084, 54.72, 252, 68.48, 4, 9725
22085, 12085, 54.72, 252, 68.48, 4, 9725
22086, 12086, 54.72, 252, 68.48, 4, 9725
22087, 12087, 54.72, 252, 68.48, 4, 9725
22088, 12088, 54.73, 252, 68.48, 4, 9725
22089, 12089, 54.73, 252, 68.48, 4, 9725
22090, 12089, 54.73, 252, 68.48, 4, 9726
22091, 12090, 54.73, 252, 68.48, 4, 9726
22092, 12090, 54.73, 252, 68.48, 4, 9727
22093, 12091, 54.73, 252, 68.48, 4, 9727
22094, 12092, 54.73, 252, 68.48, 4, 9727
22095, 12092, 54.73, 252, 68.48, 4, 9728
22096, 12093, 54.73, 252, 68.48, 4, 9728
22097, 12094, 54.73, 252, 68.48, 4, 9728
22098, 12095, 54.73, 252, 68.48, 4, 9728
22099, 12096, 54.74, 252, 68.48, 4, 9728
22100, 12097, 54.74, 252, 68.48, 4, 9728
22101, 12097, 54.74, 252, 68.48, 4, 9729
22102, 12097, 54.73, 252, 68.48, 4, 9730
22103, 12097, 54.73, 252, 68.48, 4, 9731
22104, 12097, 54.73, 252, 68.48, 4, 9732
22105, 12097, 54.73, 252, 68.48, 4, 9733
22106, 12097, 54.72, 252, 68.48, 4, 9734
22107, 12097, 54.72, 252, 68.48, 4, 9735
22108, 12097, 54.72, 252, 68.48, 4, 9736
22109, 12098, 54.72, 252, 68.48, 4, 9736
22110, 12099, 54.72, 252, 68.48, 4, 9736
22111, 12100, 54.72, 252, 68.48, 4, 9736
22112, 12101, 54.73, 252, 68.48, 4, 9736
22113, 12102, 54.73, 252, 68.48, 4, 9736
22114, 12102, 54.73, 252, 68.48, 4, 9737
22115, 12103, 54.73, 252, 68.48, 4, 9737
22116, 12104, 54.73, 252, 68.48, 4, 9737
22117, 12104, 54.73, 252, 68.48, 4, 9738
22118, 12104, 54.72, 252, 68.48, 4, 9739
22119, 12104, 54.72, 252, 68.48, 4, 9740
22120, 12105, 54.72, 252, 68.48, 4, 9740
22121, 12105, 54.72, 252, 68.48, 4, 9741
22122, 12106, 54.72, 252, 68.48, 4, 9741
22123, 12106, 54.72, 252, 68.48, 4, 9742
22124, 12107, 54.72, 252, 68.48, 4, 9742
22125, 12107, 54.72, 252, 68.48, 4, 9743
22126, 12108, 54.72, 252, 68.48, 4, 9743
22127, 12109, 54.72, 252, 68.48, 4, 9743
22128, 12110, 54.73, 252, 68.48, 4, 9743
22129, 12111, 54.73, 252, 68.48, 4, 9743
22130, 12111, 54.73, 252, 68.48, 4, 9744
22131, 12111, 54.72, 252, 68.48, 4, 9745
22132, 12112, 54.73, 252, 68.48, 4, 9745
22133, 12113, 54.73, 252, 68.48, 4, 9745
22134, 12114, 54.73, 252, 68.48, 4, 9745
22135, 12115, 54.73, 252, 68.48, 4, 9745
22136, 12116, 54.73, 252, 68.48, 4, 9745
22137, 12116, 54.73, 252, 68.48, 4, 9746
22138, 12117, 54.73, 252, 68.48, 4, 9746
22139, 12117, 54.73, 252, 68.48, 4, 9747
22140, 12118, 54.73, 252, 68.48, 4, 9747
22141, 12119, 54.74, 252, 68.48, 4, 9747
22142, 12119, 54.73, 252, 68.48, 4, 9748
22143, 12120, 54.74, 252, 68.48, 4, 9748
22144, 12121, 54.74, 252, 68.48, 4, 9748
22145, 12122, 54.74, 252, 68.48, 4, 9748
22146, 12122, 54.74, 252, 68.48, 4, 9749
22147, 12122, 54.73, 252, 68.48, 4, 9750
22148, 12122, 54.73, 252, 68.48, 4, 9751
22149, 12123, 54.73, 252, 68.48, 4, 9751
22150, 12123, 54.73, 252, 68.48, 4, 9752
22151, 12124, 54.73, 252, 68.48, 4, 9752
22152, 12124, 54.73, 252, 68.48, 4, 9753
22153, 12125, 54.73, 252, 68.48, 4, 9753
22154, 12126, 54.74, 252, 68.48, 4, 9753
22155, 12127, 54.74, 252, 68.48, 4, 9753
22156, 12128, 54.74, 252, 68.48, 4, 9753
22157, 12129, 54.74, 252, 68.48, 4, 9753
22158, 12130, 54.74, 252, 68.48, 4, 9753
22159, 12131, 54.75, 252, 68.48, 4, 9753
22160, 12132, 54.75, 252, 68.48, 4, 9753
22161, 12133, 54.75, 252, 68.48, 4, 9753
22162, 12134, 54.75, 252, 68.48, 4, 9753
22163, 12134, 54.75, 252, 68.48, 4, 9754
22164, 12134, 54.75, 252, 68.48, 4, 9755
22165, 12134, 54.74, 252, 68.48, 4, 9756
22166, 12134, 54.74, 252, 68.48, 4, 9757
22167, 12134, 54.74, 252, 68.48, 4, 9758
22168, 12134, 54.74, 252, 68.48, 4, 9759
22169, 12134, 54.73, 252, 68.48, 4, 9760
22170, 12134, 54.73, 252, 68.48, 4, 9761
22171, 12135, 54.73, 252, 68.48, 4, 9761
22172, 12135, 54.73, 252, 68.48, 4, 9762
22173, 12135, 54.73, 252, 68.48, 4, 9763
22174, 12135, 54.73, 252, 68.48, 4, 9764
22175, 12136, 54.73, 252, 68.48, 4, 9764
22176, 12136, 54.73, 252, 68.48, 4, 9765
22177, 12137, 54.73, 252, 68.48, 4, 9765
22178, 12137, 54.73, 252, 68.48, 4, 9766
22179, 12138, 54.73, 252, 68.48, 4, 9766
22180, 12139, 54.73, 252, 68.48, 4, 9766
22181, 12140, 54.73, 252, 68.48, 4, 9766
22182, 12140, 54.73, 252, 68.48, 4, 9767
22183, 12140, 54.73, 252, 68.48, 4, 9768
22184, 12140, 54.72, 252, 68.48, 4, 9769
22185, 12141, 54.73, 252, 68.48, 4, 9769
22186, 12141, 54.72, 252, 68.48, 4, 9770
22187, 12141, 54.72, 252, 68.48, 4, 9771
22188, 12141, 54.72, 252, 68.48, 4, 9772
22189, 12141, 54.72, 252, 68.48, 4, 9773
22190, 12142, 54.72, 252, 68.48, 4, 9773
22191, 12142, 54.72, 252, 68.48, 4, 9774
22192, 12143, 54.72, 252, 68.48, 4, 9774
22193, 12144, 54.72, 252, 68.48, 4, 9774
22194, 12145, 54.72, 252, 68.48, 4, 9774
22195, 12146, 54.72, 252, 68.48, 4, 9774
22196, 12146, 54.72, 252, 68.48, 4, 9775
22197, 12146, 54.72, 252, 68.48, 4, 9776
22198, 12147, 54.72, 252, 68.48, 4, 9776
22199, 12148, 54.72, 252, 68.48, 4, 9776
22200, 12148, 54.72, 252, 68.48, 4, 9777
22201, 12149, 54.72, 252, 68.48, 4, 9777
22202, 12150, 54.72, 252, 68.48, 4, 9777
22203, 12150, 54.72, 252, 68.48, 4, 9778
22204, 12151, 54.72, 252, 68.48, 4, 9778
22205, 12152, 54.73, 252, 68.48, 4, 9778
22206, 12153, 54.73, 252, 68.48, 4, 9778
22207, 12153, 54.73, 252, 68.48, 4, 9779
22208, 12153, 54.72, 252, 68.48, 4, 9780
22209, 12153, 54.72, 252, 68.48, 4, 9781
22210, 12154, 54.72, 252, 68.48, 4, 9781
22211, 12154, 54.72, 252, 68.48, 4, 9782
22212, 12154, 54.72, 252, 68.48, 4, 9783
22213, 12154, 54.72, 252, 68.48, 4, 9784
22214, 12155, 54.72, 252, 68.48, 4, 9784
22215, 12156, 54.72, 252, 68.48, 4, 9784
22216, 12157, 54.72, 252, 68.48, 4, 9784
22217, 12158, 54.72, 252, 68.48, 4, 9784
22218, 12158, 54.72, 252, 68.48, 4, 9785
22219, 12158, 54.72, 252, 68.48, 4, 9786
22220, 12159, 54.72, 252, 68.48, 4, 9786
22221, 12160, 54.72, 252, 68.48, 4, 9786
22222, 12161, 54.73, 252, 68.48, 4, 9786
22223, 12161, 54.72, 252, 68.48, 4, 9786
22224, 12161, 54.72, 252, 68.48, 4, 9787
22225, 12162, 54.72, 252, 68.48, 4, 9787
22226, 12162, 54.72, 252, 68.48, 4, 9788
22227, 12163, 54.72, 252, 68.48, 4, 9788
22228, 12164, 54.72, 252, 68.48, 4, 9788
22229, 12164, 54.72, 252, 68.48, 4, 9789
22230, 12165, 54.72, 252, 68.48, 4, 9789
22231, 12166, 54.73, 252, 68.48, 4, 9789
22232, 12167, 54.73, 252, 68.48, 4, 9789
22233, 12168, 54.73, 252, 68.48, 4, 9789
22234, 12168, 54.73, 252, 68.48, 4, 9790
22235, 12169, 54.73, 252, 68.48, 4, 9790
22236, 12169, 54.73, 252, 68.48, 4, 9791
22237, 12169, 54.72, 252, 68.48, 4, 9792
22238, 12169, 54.72, 252, 68.48, 4, 9793
22239, 12169, 54.72, 252, 68.48, 4, 9794
22240, 12170, 54.72, 252, 68.48, 4, 9794
22241, 12171, 54.72, 252, 68.48, 4, 9794
22242, 12171, 54.72, 252, 68.48, 4, 9795
22243, 12171, 54.72, 252, 68.48, 4, 9796
22244, 12171, 54.72, 252, 68.48, 4, 9797
22245, 12172, 54.72, 252, 68.48, 4, 9797
22246, 12173, 54.72, 252, 68.48, 4, 9797
22247, 12174, 54.72, 252, 68.48, 4, 9797
22248, 12174, 54.72, 252, 68.48, 4, 9798
22249, 12175, 54.72, 252, 68.48, 4, 9798
22250, 12175, 54.72, 252, 68.48, 4, 9799
22251, 12176, 54.72, 252, 68.48, 4, 9799
22252, 12176, 54.72, 252, 68.48, 4, 9800
22253, 12177, 54.72, 252, 68.48, 4, 9800
22254, 12177, 54.72, 252, 68.48, 4, 9801
22255, 12177, 54.72, 252, 68.48, 4, 9802
22256, 12178, 54.72, 252, 68.48, 4, 9802
22257, 12179, 54.72, 252, 68.48, 4, 9802
22258, 12179, 54.72, 252, 68.48, 4, 9803
22259, 12179, 54.71, 252, 68.48, 4, 9804
22260, 12180, 54.72, 252, 68.48, 4, 9804
22261, 12181, 54.72, 252, 68.48, 4, 9804
22262, 12182, 54.72, 252, 68.48, 4, 9804
22263, 12183, 54.72, 252, 68.48, 4, 9804
22264, 12184, 54.73, 252, 68.48, 4, 9804
22265, 12184, 54.72, 252, 68.48, 4, 9805
22266, 12184, 54.72, 252, 68.48, 4, 9806
22267, 12184, 54.72, 252, 68.48, 4, 9807
22268, 12185, 54.72, 252, 68.48, 4, 9807
22269, 12185, 54.72, 252, 68.48, 4, 9808
22270, 12185, 54.71, 252, 68.48, 4, 9809
22271, 12185, 54.71, 252, 68.48, 4, 9810
22272, 12185, 54.71, 252, 68.48, 4, 9811
22273, 12185, 54.71, 252, 68.48, 4, 9812
22274, 12186, 54.71, 252, 68.48, 4, 9812
22275, 12186, 54.71, 252, 68.48, 4, 9813
22276, 12186, 54.70, 252, 68.48, 4, 9814
22277, 12186, 54.70, 252, 68.48, 4, 9815
22278, 12186, 54.70, 252, 68.48, 4, 9816
22279, 12187, 54.70, 252, 68.48, 4, 9816
22280, 12188, 54.70, 252, 68.48, 4, 9816
22281, 12188, 54.70, 252, 68.48, 4, 9817
22282, 12189, 54.70, 252, 68.48, 4, 9817
22283, 12189, 54.70, 252, 68.48, 4, 9818
22284, 12189, 54.70, 252, 68.48, 4, 9819
22285, 12190, 54.70, 252, 68.48, 4, 9819
22286, 12191, 54.70, 252, 68.48, 4, 9819
22287, 12191, 54.70, 252, 68.48, 4, 9820
22288, 12191, 54.70, 252, 68.48, 4, 9821
22289, 12191, 54.70, 252, 68.48, 4, 9822
22290, 12192, 54.70, 252, 68.48, 4, 9822
22291, 12193, 54.70, 252, 68.48, 4, 9822
22292, 12194, 54.70, 252, 68.48, 4, 9822
22293, 12194, 54.70, 252, 68.48, 4, 9823
22294, 12195, 54.70, 252, 68.48, 4, 9823
22295, 12196, 54.70, 252, 68.48, 4, 9823
22296, 12196, 54.70, 252, 68.48, 4, 9824
22297, 12197, 54.70, 252, 68.48, 4, 9824
22298, 12197, 54.70, 252, 68.48, 4, 9825
22299, 12197, 54.70, 252, 68.48, 4, 9826
22300, 12198, 54.70, 252, 68.48, 4, 9826
22301, 12199, 54.70, 252, 68.48, 4, 9826
22302, 12199, 54.70, 252, 68.48, 4, 9827
22303, 12200, 54.70, 252, 68.48, 4, 9827
22304, 12200, 54.70, 252, 68.48, 4, 9828
22305, 12201, 54.70, 252, 68.48, 4, 9828
22306, 12202, 54.70, 252, 68.48, 4, 9828
22307, 12202, 54.70, 252, 68.48, 4, 9829
22308, 12202, 54.70, 252, 68.48, 4, 9830
22309, 12203, 54.70, 252, 68.48, 4, 9830
22310, 12203, 54.70, 252, 68.48, 4, 9831
22311, 12204, 54.70, 252, 68.48, 4, 9831
22312, 12205, 54.70, 252, 68.48, 4, 9831
22313, 12205, 54.70, 252, 68.48, 4, 9832
22314, 12206, 54.70, 252, 68.48, 4, 9832
22315, 12207, 54.70, 252, 68.48, 4, 9832
22316, 12208, 54.71, 252, 68.48, 4, 9832
22317, 12208, 54.70, 252, 68.48, 4, 9833
22318, 12208, 54.70, 252, 68.48, 4, 9834
22319, 12209, 54.70, 252, 68.48, 4, 9834
22320, 12209, 54.70, 252, 68.48, 4, 9835
22321, 12210, 54.70, 252, 68.48, 4, 9835
22322, 12210, 54.70, 252, 68.48, 4, 9836
22323, 12211, 54.70, 252, 68.48, 4, 9836
22324, 12212, 54.70, 252, 68.48, 4, 9836
22325, 12213, 54.71, 252, 68.48, 4, 9836
22326, 12213, 54.70, 252, 68.48, 4, 9837
22327, 12213, 54.70, 252, 68.48, 4, 9838
22328, 12214, 54.70, 252, 68.48, 4, 9838
22329, 12214, 54.70, 252, 68.48, 4, 9839
22330, 12215, 54.70, 252, 68.48, 4, 9839
22331, 12216, 54.70, 252, 68.48, 4, 9839
22332, 12216, 54.70, 252, 68.48, 4, 9840
22333, 12217, 54.70, 252, 68.48, 4, 9840
22334, 12217, 54.70, 252, 68.48, 4, 9841
22335, 12218, 54.70, 252, 68.48, 4, 9841
22336, 12219, 54.71, 252, 68.48, 4, 9841
22337, 12219, 54.70, 252, 68.48, 4, 9842
22338, 12220, 54.70, 252, 68.48, 4, 9842
22339, 12221, 54.71, 252, 68.48, 4, 9842
22340, 12222, 54.71, 252, 68.48, 4, 9842
22341, 12222, 54.71, 252, 68.48, 4, 9843
22342, 12222, 54.70, 252, 68.48, 4, 9844
22343, 12223, 54.71, 252, 68.48, 4, 9844
22344, 12223, 54.70, 252, 68.48, 4, 9845
22345, 12224, 54.71, 252, 68.48, 4, 9845
22346, 12224, 54.70, 252, 68.48, 4, 9846
22347, 12225, 54.71, 252, 68.48, 4, 9846
22348, 12225, 54.70, 252, 68.48, 4, 9847
22349, 12225, 54.70, 252, 68.48, 4, 9848
22350, 12226, 54.70, 252, 68.48, 4, 9848
22351, 12226, 54.70, 252, 68.48, 4, 9849
22352, 12227, 54.70, 252, 68.48, 4, 9849
22353, 12227, 54.70, 252, 68.48, 4, 9850
22354, 12227, 54.70, 252, 68.48, 4, 9851
22355, 12227, 54.69, 252, 68.48, 4, 9852
22356, 12228, 54.70, 252, 68.48, 4, 9852
22357, 12229, 54.70, 252, 68.48, 4, 9852
22358, 12229, 54.70, 252, 68.48, 4, 9853
22359, 12230, 54.70, 252, 68.48, 4, 9853
22360, 12230, 54.70, 252, 68.48, 4, 9854
22361, 12231, 54.70, 252, 68.48, 4, 9854
22362, 12232, 54.70, 252, 68.48, 4, 9854
22363, 12233, 54.70, 252, 68.48, 4, 9854
22364, 12233, 54.70, 252, 68.48, 4, 9855
22365, 12234, 54.70, 252, 68.48, 4, 9855
22366, 12234, 54.70, 252, 68.48, 4, 9856
22367, 12235, 54.70, 252, 68.48, 4, 9856
22368, 12236, 54.70, 252, 68.48, 4, 9856
22369, 12237, 54.71, 252, 68.48, 4, 9856
22370, 12237, 54.70, 252, 68.48, 4, 9857
22371, 12238, 54.70, 252, 68.48, 4, 9857
22372, 12239, 54.71, 252, 68.48, 4, 9857
22373, 12239, 54.70, 252, 68.48, 4, 9858
22374, 12240, 54.71, 252, 68.48, 4, 9858
22375, 12241, 54.71, 252, 68.48, 4, 9858
22376, 12241, 54.71, 252, 68.48, 4, 9859
22377, 12242, 54.71, 252, 68.48, 4, 9859
22378, 12243, 54.71, 252, 68.48, 4, 9859
22379, 12243, 54.71, 252, 68.48, 4, 9860
22380, 12243, 54.71, 252, 68.48, 4, 9861
22381, 12244, 54.71, 252, 68.48, 4, 9861
22382, 12245, 54.71, 252, 68.48, 4, 9861
22383, 12246, 54.71, 252, 68.48, 4, 9861
22384, 12247, 54.71, 252, 68.48, 4, 9861
22385, 12247, 54.71, 252, 68.48, 4, 9862
22386, 12248, 54.71, 252, 68.48, 4, 9862
22387, 12249, 54.71, 252, 68.48, 4, 9862
22388, 12250, 54.72, 252, 68.48, 4, 9862
22389, 12251, 54.72, 252, 68.48, 4, 9862
22390, 12252, 54.72, 252, 68.48, 4, 9862
22391, 12252, 54.72, 252, 68.48, 4, 9863
22392, 12253, 54.72, 252, 68.48, 4, 9863
22393, 12253, 54.72, 252, 68.48, 4, 9864
22394, 12253, 54.72, 252, 68.48, 4, 9865
22395, 12254, 54.72, 252, 68.48, 4, 9865
22396, 12254, 54.72, 252, 68.48, 4, 9866
22397, 12254, 54.71, 252, 68.48, 4, 9867
22398, 12255, 54.71, 252, 68.48, 4, 9867
22399, 12256, 54.72, 252, 68.48, 4, 9867
22400, 12256, 54.71, 252, 68.48, 4, 9868
22401, 12256, 54.71, 252, 68.48, 4, 9869
22402, 12256, 54.71, 252, 68.48, 4, 9870
22403, 12257, 54.71, 252, 68.48, 4, 9870
22404, 12258, 54.71, 252, 68.48, 4, 9870
22405, 12259, 54.72, 252, 68.48, 4, 9870
22406, 12259, 54.71, 252, 68.48, 4, 9871
22407, 12260, 54.72, 252, 68.48, 4, 9871
22408, 12261, 54.72, 252, 68.48, 4, 9871
22409, 12261, 54.71, 252, 68.48, 4, 9872
22410, 12261, 54.71, 252, 68.48, 4, 9873
22411, 12262, 54.71, 252, 68.48, 4, 9873
22412, 12263, 54.72, 252, 68.48, 4, 9873
22413, 12264, 54.72, 252, 68.48, 4, 9873
22414, 12265, 54.72, 252, 68.48, 4, 9873
22415, 12265, 54.72, 252, 68.48, 4, 9874
22416, 12266, 54.72, 252, 68.48, 4, 9874
22417, 12267, 54.72, 252, 68.48, 4, 9874
22418, 12267, 54.72, 252, 68.48, 4, 9875
22419, 12268, 54.72, 252, 68.48, 4, 9875
22420, 12269, 54.72, 252, 68.48, 4, 9875
22421, 12270, 54.73, 252, 68.48, 4, 9875
22422, 12271, 54.73, 252, 68.48, 4, 9875
22423, 12272, 54.73, 252, 68.48, 4, 9875
22424, 12272, 54.73, 252, 68.48, 4, 9876
22425, 12272, 54.72, 252, 68.48, 4, 9877
22426, 12272, 54.72, 252, 68.48, 4, 9877
22427, 12273, 54.72, 252, 68.48, 4, 9877
22428, 12274, 54.73, 252, 68.48, 4, 9877
22429, 12274, 54.72, 252, 68.48, 4, 9877
22430, 12274, 54.72, 252, 68.48, 4, 9878
22431, 12275, 54.72, 252, 68.48, 4, 9878
22432, 12275, 54.72, 252, 68.48, 4, 9879
22433, 12276, 54.72, 252, 68.48, 4, 9879
22434, 12277, 54.72, 252, 68.48, 4, 9879
22435, 12277, 54.72, 252, 68.48, 4, 9880
22436, 12277, 54.72, 252, 68.48, 4, 9881
22437, 12277, 54.72, 252, 68.48, 4, 9882
22438, 12278, 54.72, 252, 68.48, 4, 9882
22439, 12278, 54.72, 252, 68.48, 4, 9883
22440, 12279, 54.72, 252, 68.48, 4, 9883
22441, 12280, 54.72, 252, 68.48, 4, 9883
22442, 12281, 54.72, 252, 68.48, 4, 9883
22443, 12282, 54.73, 252, 68.48, 4, 9883
22444, 12282, 54.72, 252, 68.48, 4, 9884
22445, 12283, 54.72, 252, 68.48, 4, 9884
22446, 12284, 54.73, 252, 68.48, 4, 9884
22447, 12284, 54.72, 252, 68.48, 4, 9885
22448, 12285, 54.73, 252, 68.48, 4, 9885
22449, 12285, 54.72, 252, 68.48, 4, 9886
22450, 12285, 54.72, 252, 68.48, 4, 9887
22451, 12285, 54.72, 252, 68.48, 4, 9888
22452, 12286, 54.72, 252, 68.48, 4, 9888
22453, 12287, 54.72, 252, 68.48, 4, 9888
22454, 12287, 54.72, 252, 68.48, 4, 9889
22455, 12288, 54.72, 252, 68.48, 4, 9889
22456, 12288, 54.72, 252, 68.48, 4, 9890
22457, 12288, 54.72, 252, 68.48, 4, 9891
22458, 12289, 54.72, 252, 68.48, 4, 9891
22459, 12290, 54.72, 252, 68.48, 4, 9891
22460, 12290, 54.72, 252, 68.48, 4, 9892
22461, 12290, 54.72, 252, 68.48, 4, 9893
22462, 12291, 54.72, 252, 68.48, 4, 9893
22463, 12291, 54.72, 252, 68.48, 4, 9894
22464, 12292, 54.72, 252, 68.48, 4, 9894
22465, 12293, 54.72, 252, 68.48, 4, 9894
22466, 12294, 54.72, 252, 68.48, 4, 9894
22467, 12294, 54.72, 252, 68.48, 4, 9895
22468, 12295, 54.72, 252, 68.48, 4, 9895
22469, 12295, 54.72, 252, 68.48, 4, 9896
22470, 12295, 54.72, 252, 68.48, 4, 9897
22471, 12295, 54.71, 252, 68.48, 4, 9898
22472, 12295, 54.71, 252, 68.48, 4, 9899
22473, 12296, 54.71, 252, 68.48, 4, 9899
22474, 12297, 54.72, 252, 68.48, 4, 9899
22475, 12297, 54.71, 252, 68.48, 4, 9900
22476, 12298, 54.72, 252, 68.48, 4, 9900
22477, 12299, 54.72, 252, 68.48, 4, 9900
22478, 12299, 54.72, 252, 68.48, 4, 9901
22479, 12299, 54.71, 252, 68.48, 4, 9902
22480, 12299, 54.71, 252, 68.48, 4, 9903
22481, 12300, 54.71, 252, 68.48, 4, 9903
22482, 12301, 54.71, 252, 68.48, 4, 9903
22483, 12302, 54.72, 252, 68.48, 4, 9903
22484, 12302, 54.71, 252, 68.48, 4, 9904
22485, 12303, 54.72, 252, 68.48, 4, 9904
22486, 12303, 54.71, 252, 68.48, 4, 9905
22487, 12303, 54.71, 252, 68.48, 4, 9906
22488, 12304, 54.71, 252, 68.48, 4, 9906
22489, 12305, 54.72, 252, 68.48, 4, 9906
22490, 12305, 54.71, 252, 68.48, 4, 9907
22491, 12305, 54.71, 252, 68.48, 4, 9908
22492, 12306, 54.71, 252, 68.48, 4, 9908
22493, 12307, 54.71, 252, 68.48, 4, 9908
22494, 12308, 54.72, 252, 68.48, 4, 9908
22495, 12308, 54.71, 252, 68.48, 4, 9909
22496, 12308, 54.71, 252, 68.48, 4, 9910
22497, 12308, 54.71, 252, 68.48, 4, 9911
22498, 12308, 54.71, 252, 68.48, 4, 9912
22499, 12309, 54.71, 252, 68.48, 4, 9912
22500, 12309, 54.71, 252, 68.48, 4, 9913
22501, 12309, 54.70, 252, 68.48, 4, 9914
22502, 12310, 54.71, 252, 68.48, 4, 9914
22503, 12310, 54.70, 252, 68.48, 4, 9915
22504, 12310, 54.70, 252, 68.48, 4, 9916
22505, 12311, 54.70, 252, 68.48, 4, 9916
22506, 12312, 54.71, 252, 68.48, 4, 9916
22507, 12313, 54.71, 252, 68.48, 4, 9916
22508, 12314, 54.71, 252, 68.48, 4, 9916
22509, 12314, 54.71, 252, 68.48, 4, 9917
22510, 12315, 54.71, 252, 68.48, 4, 9917
22511, 12316, 54.71, 252, 68.48, 4, 9917
22512, 12317, 54.71, 252, 68.48, 4, 9917
22513, 12317, 54.71, 252, 68.48, 4, 9918
22514, 12317, 54.71, 252, 68.48, 4, 9919
22515, 12318, 54.71, 252, 68.48, 4, 9919
22516, 12318, 54.71, 252, 68.48, 4, 9920
22517, 12318, 54.71, 252, 68.48, 4, 9921
22518, 12318, 54.70, 252, 68.48, 4, 9922
22519, 12318, 54.70, 252, 68.48, 4, 9923
22520, 12318, 54.70, 252, 68.48, 4, 9924
22521, 12319, 54.70, 252, 68.48, 4, 9924
22522, 12320, 54.70, 252, 68.48, 4, 9924
22523, 12320, 54.70, 252, 68.48, 4, 9925
22524, 12321, 54.70, 252, 68.48, 4, 9925
22525, 12322, 54.70, 252, 68.48, 4, 9925
22526, 12322, 54.70, 252, 68.48, 4, 9926
22527, 12322, 54.70, 252, 68.48, 4, 9927
22528, 12322, 54.70, 252, 68.48, 4, 9928
22529, 12322, 54.69, 252, 68.48, 4, 9929
22530, 12323, 54.70, 252, 68.48, 4, 9929
22531, 12323, 54.69, 252, 68.48, 4, 9930
22532, 12324, 54.70, 252, 68.48, 4, 9930
22533, 12325, 54.70, 252, 68.48, 4, 9930
22534, 12326, 54.70, 252, 68.48, 4, 9930
22535, 12327, 54.70, 252, 68.48, 4, 9930
22536, 12327, 54.70, 252, 68.48, 4, 9931
22537, 12327, 54.70, 252, 68.48, 4, 9932
22538, 12328, 54.70, 252, 68.48, 4, 9932
22539, 12328, 54.70, 252, 68.48, 4, 9933
22540, 12328, 54.69, 252, 68.48, 4, 9934
22541, 12328, 54.69, 252, 68.48, 4, 9935
22542, 12329, 54.69, 252, 68.48, 4, 9935
22543, 12330, 54.70, 252, 68.48, 4, 9935
22544, 12330, 54.69, 252, 68.48, 4, 9936
22545, 12331, 54.70, 252, 68.48, 4, 9936
22546, 12332, 54.70, 252, 68.48, 4, 9936
22547, 12333, 54.70, 252, 68.48, 4, 9936
22548, 12333, 54.70, 252, 68.48, 4, 9937
22549, 12333, 54.69, 252, 68.48, 4, 9938
22550, 12334, 54.70, 252, 68.48, 4, 9938
22551, 12334, 54.69, 252, 68.48, 4, 9939
22552, 12334, 54.69, 252, 68.48, 4, 9940
22553, 12334, 54.69, 252, 68.48, 4, 9941
22554, 12335, 54.69, 252, 68.48, 4, 9941
22555, 12336, 54.69, 252, 68.48, 4, 9941
22556, 12337, 54.69, 252, 68.48, 4, 9941
22557, 12338, 54.70, 252, 68.48, 4, 9941
22558, 12339, 54.70, 252, 68.48, 4, 9941
22559, 12339, 54.70, 252, 68.48, 4, 9942
22560, 12340, 54.70, 252, 68.48, 4, 9942
22561, 12340, 54.70, 252, 68.48, 4, 9943
22562, 12341, 54.70, 252, 68.48, 4, 9943
22563, 12342, 54.70, 252, 68.48, 4, 9943
22564, 12342, 54.70, 252, 68.48, 4, 9944
22565, 12342, 54.70, 252, 68.48, 4, 9945
22566, 12342, 54.69, 252, 68.48, 4, 9946
22567, 12342, 54.69, 252, 68.48, 4, 9947
22568, 12342, 54.69, 252, 68.48, 4, 9948
22569, 12342, 54.69, 252, 68.48, 4, 9949
22570, 12342, 54.68, 252, 68.48, 4, 9950
22571, 12343, 54.69, 252, 68.48, 4, 9950
22572, 12343, 54.68, 252, 68.48, 4, 9951
22573, 12344, 54.68, 252, 68.48, 4, 9951
22574, 12345, 54.69, 252, 68.48, 4, 9951
22575, 12345, 54.68, 252, 68.48, 4, 9952
22576, 12346, 54.69, 252, 68.48, 4, 9952
22577, 12347, 54.69, 252, 68.48, 4, 9952
22578, 12347, 54.69, 252, 68.48, 4, 9953
22579, 12348, 54.69, 252, 68.48, 4, 9953
22580, 12349, 54.69, 252, 68.48, 4, 9953
22581, 12350, 54.69, 252, 68.48, 4, 9953
22582, 12351, 54.69, 252, 68.48, 4, 9953
22583, 12352, 54.70, 252, 68.48, 4, 9953
22584, 12353, 54.70, 252, 68.48, 4, 9953
22585, 12353, 54.70, 252, 68.48, 4, 9954
22586, 12354, 54.70, 252, 68.48, 4, 9954
22587, 12354, 54.70, 252, 68.48, 4, 9955
22588, 12354, 54.69, 252, 68.48, 4, 9956
22589, 12354, 54.69, 252, 68.48, 4, 9957
22590, 12355, 54.69, 252, 68.48, 4, 9957
22591, 12356, 54.69, 252, 68.48, 4, 9957
22592, 12357, 54.70, 252, 68.48, 4, 9957
22593, 12358, 54.70, 252, 68.48, 4, 9957
22594, 12358, 54.70, 252, 68.48, 4, 9958
22595, 12358, 54.69, 252, 68.48, 4, 9959
22596, 12359, 54.70, 252, 68.48, 4, 9959
22597, 12360, 54.70, 252, 68.48, 4, 9959
22598, 12361, 54.70, 252, 68.48, 4, 9959
22599, 12362, 54.70, 252, 68.48, 4, 9959
22600, 12362, 54.70, 252, 68.48, 4, 9960
22601, 12362, 54.70, 252, 68.48, 4, 9961
22602, 12362, 54.69, 252, 68.48, 4, 9961
22603, 12363, 54.70, 252, 68.48, 4, 9961
22604, 12364, 54.70, 252, 68.48, 4, 9961
22605, 12365, 54.70, 252, 68.48, 4, 9961
22606, 12365, 54.70, 252, 68.48, 4, 9961
22607, 12366, 54.70, 252, 68.48, 4, 9961
22608, 12366, 54.70, 252, 68.48, 4, 9961
22609, 12367, 54.70, 252, 68.48, 4, 9961
22610, 12367, 54.70, 252, 68.48, 4, 9961
22611, 12367, 54.69, 252, 68.48, 4, 9962
22612, 12367, 54.69, 252, 68.48, 4, 9963
22613, 12368, 54.69, 252, 68.48, 4, 9963
22614, 12368, 54.69, 252, 68.48, 4, 9964
22615, 12368, 54.69, 252, 68.48, 4, 9965
22616, 12369, 54.69, 252, 68.48, 4, 9965
22617, 12370, 54.69, 252, 68.48, 4, 9965
22618, 12371, 54.70, 252, 68.48, 4, 9965
22619, 12371, 54.69, 252, 68.48, 4, 9966
22620, 12372, 54.69, 252, 68.48, 4, 9966
22621, 12373, 54.70, 252, 68.48, 4, 9966
22622, 12374, 54.70, 252, 68.48, 4, 9966
22623, 12375, 54.70, 252, 68.48, 4, 9966
22624, 12376, 54.70, 252, 68.48, 4, 9966
22625, 12376, 54.70, 252, 68.48, 4, 9967
22626, 12377, 54.70, 252, 68.48, 4, 9967
22627, 12377, 54.70, 252, 68.48, 4, 9968
22628, 12378, 54.70, 252, 68.48, 4, 9968
22629, 12379, 54.70, 252, 68.48, 4, 9968
22630, 12380, 54.71, 252, 68.48, 4, 9968
22631, 12380, 54.70, 252, 68.48, 4, 9969
22632, 12381, 54.71, 252, 68.48, 4, 9969
22633, 12381, 54.70, 252, 68.48, 4, 9970
22634, 12382, 54.71, 252, 68.48, 4, 9970
22635, 12382, 54.70, 252, 68.48, 4, 9971
22636, 12383, 54.70, 252, 68.48, 4, 9971
22637, 12384, 54.71, 252, 68.48, 4, 9971
22638, 12385, 54.71, 252, 68.48, 4, 9971
22639, 12385, 54.71, 252, 68.48, 4, 9972
22640, 12385, 54.70, 252, 68.48, 4, 9973
22641, 12385, 54.70, 252, 68.48, 4, 9974
22642, 12385, 54.70, 252, 68.48, 4, 9975
22643, 12386, 54.70, 252, 68.48, 4, 9975
22644, 12387, 54.70, 252, 68.48, 4, 9975
22645, 12388, 54.71, 252, 68.48, 4, 9975
22646, 12389, 54.71, 252, 68.48, 4, 9975
22647, 12389, 54.70, 252, 68.48, 4, 9976
22648, 12390, 54.71, 252, 68.48, 4, 9976
22649, 12391, 54.71, 252, 68.48, 4, 9976
22650, 12392, 54.71, 252, 68.48, 4, 9976
22651, 12393, 54.71, 252, 68.48, 4, 9976
22652, 12394, 54.71, 252, 68.48, 4, 9976
22653, 12394, 54.71, 252, 68.48, 4, 9977
22654, 12394, 54.71, 252, 68.48, 4, 9978
22655, 12395, 54.71, 252, 68.48, 4, 9978
22656, 12395, 54.71, 252, 68.48, 4, 9979
22657, 12396, 54.71, 252, 68.48, 4, 9979
22658, 12397, 54.71, 252, 68.48, 4, 9979
22659, 12398, 54.72, 252, 68.48, 4, 9979
22660, 12399, 54.72, 252, 68.48, 4, 9979
22661, 12400, 54.72, 252, 68.48, 4, 9979
22662, 12400, 54.72, 252, 68.48, 4, 9980
22663, 12401, 54.72, 252, 68.48, 4, 9980
22664, 12402, 54.72, 252, 68.48, 4, 9980
22665, 12402, 54.72, 252, 68.48, 4, 9981
22666, 12403, 54.72, 252, 68.48, 4, 9981
22667, 12403, 54.72, 252, 68.48, 4, 9982
22668, 12403, 54.72, 252, 68.48, 4, 9983
22669, 12404, 54.72, 252, 68.48, 4, 9983
22670, 12404, 54.72, 252, 68.48, 4, 9984
22671, 12405, 54.72, 252, 68.48, 4, 9984
22672, 12406, 54.72, 252, 68.48, 4, 9984
22673, 12406, 54.72, 252, 68.48, 4, 9985
22674, 12406, 54.71, 252, 68.48, 4, 9986
22675, 12406, 54.71, 252, 68.48, 4, 9987
22676, 12406, 54.71, 252, 68.48, 4, 9988
22677, 12407, 54.71, 252, 68.48, 4, 9988
22678, 12407, 54.71, 252, 68.48, 4, 9989
22679, 12408, 54.71, 252, 68.48, 4, 9989
22680, 12409, 54.71, 252, 68.48, 4, 9989
22681, 12409, 54.71, 252, 68.48, 4, 9990
22682, 12409, 54.71, 252, 68.48, 4, 9991
22683, 12410, 54.71, 252, 68.48, 4, 9991
22684, 12410, 54.71, 252, 68.48, 4, 9992
22685, 12410, 54.71, 252, 68.48, 4, 9993
22686, 12411, 54.71, 252, 68.48, 4, 9993
22687, 12412, 54.71, 252, 68.48, 4, 9993
22688, 12412, 54.71, 252, 68.48, 4, 9994
22689, 12413, 54.71, 252, 68.48, 4, 9994
22690, 12414, 54.71, 252, 68.48, 4, 9994
22691, 12415, 54.71, 252, 68.48, 4, 9994
22692, 12415, 54.71, 252, 68.48, 4, 9995
22693, 12416, 54.71, 252, 68.48, 4, 9995
22694, 12417, 54.71, 252, 68.48, 4, 9995
22695, 12418, 54.72, 252, 68.48, 4, 9995
22696, 12419, 54.72, 252, 68.48, 4, 9995
22697, 12419, 54.72, 252, 68.48, 4, 9996
22698, 12419, 54.71, 252, 68.48, 4, 9997
22699, 12420, 54.72, 252, 68.48, 4, 9997
22700, 12421, 54.72, 252, 68.48, 4, 9997
22701, 12421, 54.72, 252, 68.48, 4, 9998
22702, 12421, 54.71, 252, 68.48, 4, 9999
22703, 12421, 54.71, 252, 68.48, 4, 10000
22704, 12422, 54.71, 252, 68.48, 4, 10000
22705, 12423, 54.71, 252, 68.48, 4, 10000
22706, 12423, 54.71, 252, 68.48, 4, 10001
22707, 12423, 54.71, 252, 68.48, 4, 10002
22708, 12424, 54.71, 252, 68.48, 4, 10002
22709, 12424, 54.71, 252, 68.48, 4, 10003
22710, 12425, 54.71, 252, 68.48, 4, 10003
22711, 12425, 54.71, 252, 68.48, 4, 10004
22712, 12425, 54.71, 252, 68.48, 4, 10005
22713, 12426, 54.71, 252, 68.48, 4, 10005
22714, 12426, 54.71, 252, 68.48, 4, 10006
22715, 12427, 54.71, 252, 68.48, 4, 10006
22716, 12427, 54.71, 252, 68.48, 4, 10007
22717, 12428, 54.71, 252, 68.48, 4, 10007
22718, 12429, 54.71, 252, 68.48, 4, 10007
22719, 12429, 54.71, 252, 68.48, 4, 10008
22720, 12430, 54.71, 252, 68.48, 4, 10008
22721, 12431, 54.71, 252, 68.48, 4, 10008
22722, 12431, 54.71, 252, 68.48, 4, 10009
22723, 12431, 54.71, 252, 68.48, 4, 10010
22724, 12432, 54.71, 252, 68.48, 4, 10010
22725, 12432, 54.71, 252, 68.48, 4, 10011
22726, 12433, 54.71, 252, 68.48, 4, 10011
22727, 12433, 54.71, 252, 68.48, 4, 10012
22728, 12434, 54.71, 252, 68.48, 4, 10012
22729, 12434, 54.71, 252, 68.48, 4, 10013
22730, 12434, 54.70, 252, 68.48, 4, 10014
22731, 12435, 54.71, 252, 68.48, 4, 10014
22732, 12436, 54.71, 252, 68.48, 4, 10014
22733, 12436, 54.70, 252, 68.48, 4, 10015
22734, 12436, 54.70, 252, 68.48, 4, 10016
22735, 12436, 54.70, 252, 68.48, 4, 10017
22736, 12437, 54.70, 252, 68.48, 4, 10017
22737, 12437, 54.70, 252, 68.48, 4, 10018
22738, 12438, 54.70, 252, 68.48, 4, 10018
22739, 12438, 54.70, 252, 68.48, 4, 10019
22740, 12438, 54.70, 252, 68.48, 4, 10020
22741, 12439, 54.70, 252, 68.48, 4, 10020
22742, 12439, 54.70, 252, 68.48, 4, 10021
22743, 12439, 54.69, 252, 68.48, 4, 10022
22744, 12439, 54.69, 252, 68.48, 4, 10023
22745, 12440, 54.69, 252, 68.48, 4, 10023
22746, 12441, 54.70, 252, 68.48, 4, 10023
22747, 12441, 54.69, 252, 68.48, 4, 10024
22748, 12441, 54.69, 252, 68.48, 4, 10025
22749, 12441, 54.69, 252, 68.48, 4, 10026
22750, 12442, 54.69, 252, 68.48, 4, 10026
22751, 12442, 54.69, 252, 68.48, 4, 10027
22752, 12442, 54.69, 252, 68.48, 4, 10028
22753, 12443, 54.69, 252, 68.48, 4, 10028
22754, 12444, 54.69, 252, 68.48, 4, 10028
22755, 12445, 54.69, 252, 68.48, 4, 10028
22756, 12445, 54.69, 252, 68.48, 4, 10029
22757, 12445, 54.69, 252, 68.48, 4, 10030
22758, 12446, 54.69, 252, 68.48, 4, 10030
22759, 12447, 54.69, 252, 68.48, 4, 10030
22760, 12448, 54.69, 252, 68.48, 4, 10030
22761, 12449, 54.69, 252, 68.48, 4, 10030
22762, 12449, 54.69, 252, 68.48, 4, 10031
22763, 12449, 54.69, 252, 68.48, 4, 10032
22764, 12450, 54.69, 252, 68.48, 4, 10032
22765, 12450, 54.69, 252, 68.48, 4, 10033
22766, 12450, 54.69, 252, 68.48, 4, 10034
22767, 12450, 54.68, 252, 68.48, 4, 10035
22768, 12451, 54.69, 252, 68.48, 4, 10035
22769, 12452, 54.69, 252, 68.48, 4, 10035
22770, 12453, 54.69, 252, 68.48, 4, 10035
22771, 12453, 54.69, 252, 68.48, 4, 10036
22772, 12453, 54.69, 252, 68.48, 4, 10037
22773, 12453, 54.68, 252, 68.48, 4, 10038
22774, 12454, 54.69, 252, 68.48, 4, 10038
22775, 12454, 54.68, 252, 68.48, 4, 10039
22776, 12455, 54.68, 252, 68.48, 4, 10039
22777, 12455, 54.68, 252, 68.48, 4, 10040
22778, 12456, 54.68, 252, 68.48, 4, 10040
22779, 12457, 54.69, 252, 68.48, 4, 10040
22780, 12457, 54.68, 252, 68.48, 4, 10041
22781, 12458, 54.69, 252, 68.48, 4, 10041
22782, 12459, 54.69, 252, 68.48, 4, 10041
22783, 12460, 54.69, 252, 68.48, 4, 10041
22784, 12461, 54.69, 252, 68.48, 4, 10041
22785, 12461, 54.69, 252, 68.48, 4, 10042
22786, 12461, 54.69, 252, 68.48, 4, 10043
22787, 12461, 54.68, 252, 68.48, 4, 10044
22788, 12461, 54.68, 252, 68.48, 4, 10045
22789, 12462, 54.68, 252, 68.48, 4, 10045
22790, 12462, 54.68, 252, 68.48, 4, 10046
22791, 12463, 54.68, 252, 68.48, 4, 10046
22792, 12463, 54.68, 252, 68.48, 4, 10047
22793, 12464, 54.68, 252, 68.48, 4, 10047
22794, 12465, 54.69, 252, 68.48, 4, 10047
22795, 12466, 54.69, 252, 68.48, 4, 10047
22796, 12467, 54.69, 252, 68.48, 4, 10047
22797, 12467, 54.69, 252, 68.48, 4, 10048
22798, 12467, 54.68, 252, 68.48, 4, 10049
22799, 12468, 54.69, 252, 68.48, 4, 10049
22800, 12469, 54.69, 252, 68.48, 4, 10049
22801, 12469, 54.69, 252, 68.48, 4, 10050
22802, 12470, 54.69, 252, 68.48, 4, 10050
22803, 12471, 54.69, 252, 68.48, 4, 10050
22804, 12471, 54.69, 252, 68.48, 4, 10051
22805, 12471, 54.69, 252, 68.48, 4, 10052
22806, 12471, 54.68, 252, 68.48, 4, 10053
22807, 12472, 54.68, 252, 68.48, 4, 10053
22808, 12473, 54.69, 252, 68.48, 4, 10053
22809, 12474, 54.69, 252, 68.48, 4, 10053
22810, 12474, 54.69, 252, 68.48, 4, 10054
22811, 12474, 54.68, 252, 68.48, 4, 10055
22812, 12474, 54.68, 252, 68.48, 4, 10056
22813, 12475, 54.68, 252, 68.48, 4, 10056
22814, 12476, 54.69, 252, 68.48, 4, 10056
22815, 12477, 54.69, 252, 68.48, 4, 10056
22816, 12477, 54.69, 252, 68.48, 4, 10057
22817, 12478, 54.69, 252, 68.48, 4, 10057
22818, 12479, 54.69, 252, 68.48, 4, 10057
22819, 12480, 54.69, 252, 68.48, 4, 10057
22820, 12480, 54.69, 252, 68.48, 4, 10058
22821, 12481, 54.69, 252, 68.48, 4, 10058
22822, 12482, 54.69, 252, 68.48, 4, 10058
22823, 12483, 54.69, 252, 68.48, 4, 10058
22824, 12484, 54.70, 252, 68.48, 4, 10058
22825, 12484, 54.69, 252, 68.48, 4, 10059
22826, 12485, 54.70, 252, 68.48, 4, 10059
22827, 12486, 54.70, 252, 68.48, 4, 10059
22828, 12487, 54.70, 252, 68.48, 4, 10059
22829, 12487, 54.70, 252, 68.48, 4, 10060
22830, 12487, 54.70, 252, 68.48, 4, 10061
22831, 12487, 54.69, 252, 68.48, 4, 10062
22832, 12488, 54.70, 252, 68.48, 4, 10062
22833, 12489, 54.70, 252, 68.48, 4, 10062
22834, 12489, 54.69, 252, 68.48, 4, 10063
22835, 12490, 54.70, 252, 68.48, 4, 10063
22836, 12491, 54.70, 252, 68.48, 4, 10063
22837, 12492, 54.70, 252, 68.48, 4, 10063
22838, 12493, 54.70, 252, 68.48, 4, 10063
22839, 12494, 54.70, 252, 68.48, 4, 10063
22840, 12494, 54.70, 252, 68.48, 4, 10064
22841, 12495, 54.70, 252, 68.48, 4, 10064
22842, 12496, 54.71, 252, 68.48, 4, 10064
22843, 12497, 54.71, 252, 68.48, 4, 10064
22844, 12497, 54.71, 252, 68.48, 4, 10065
22845, 12498, 54.71, 252, 68.48, 4, 10065
22846, 12498, 54.71, 252, 68.48, 4, 10066
22847, 12498, 54.70, 252, 68.48, 4, 10067
22848, 12499, 54.71, 252, 68.48, 4, 10067
22849, 12500, 54.71, 252, 68.48, 4, 10067
22850, 12501, 54.71, 252, 68.48, 4, 10067
22851, 12502, 54.71, 252, 68.48, 4, 10067
22852, 12503, 54.71, 252, 68.48, 4, 10067
22853, 12503, 54.71, 252, 68.48, 4, 10068
22854, 12504, 54.71, 252, 68.48, 4, 10068
22855, 12505, 54.71, 252, 68.48, 4, 10068
22856, 12506, 54.72, 252, 68.48, 4, 10068
22857, 12506, 54.71, 252, 68.48, 4, 10069
22858, 12507, 54.72, 252, 68.48, 4, 10069
22859, 12508, 54.72, 252, 68.48, 4, 10069
22860, 12509, 54.72, 252, 68.48, 4, 10069
22861, 12510, 54.72, 252, 68.48, 4, 10069
22862, 12510, 54.72, 252, 68.48, 4, 10070
22863, 12511, 54.72, 252, 68.48, 4, 10070
22864, 12511, 54.72, 252, 68.48, 4, 10071
22865, 12512, 54.72, 252, 68.48, 4, 10071
22866, 12512, 54.72, 252, 68.48, 4, 10072
22867, 12513, 54.72, 252, 68.48, 4, 10072
22868, 12513, 54.72, 252, 68.48, 4, 10073
22869, 12514, 54.72, 252, 68.48, 4, 10073
22870, 12514, 54.72, 252, 68.48, 4, 10074
22871, 12515, 54.72, 252, 68.48, 4, 10074
22872, 12515, 54.72, 252, 68.48, 4, 10075
22873, 12516, 54.72, 252, 68.48, 4, 10075
22874, 12516, 54.72, 252, 68.48, 4, 10076
22875, 12516, 54.71, 252, 68.48, 4, 10077
22876, 12517, 54.72, 252, 68.48, 4, 10077
22877, 12518, 54.72, 252, 68.48, 4, 10077
22878, 12519, 54.72, 252, 68.48, 4, 10077
22879, 12519, 54.72, 252, 68.48, 4, 10078
22880, 12519, 54.72, 252, 68.48, 4, 10079
22881, 12520, 54.72, 252, 68.48, 4, 10079
22882, 12521, 54.72, 252, 68.48, 4, 10079
22883, 12521, 54.72, 252, 68.48, 4, 10080
22884, 12521, 54.72, 252, 68.48, 4, 10081
22885, 12522, 54.72, 252, 68.48, 4, 10081
22886, 12522, 54.71, 252, 68.48, 4, 10082
22887, 12522, 54.71, 252, 68.48, 4, 10083
22888, 12523, 54.71, 252, 68.48, 4, 10083
22889, 12523, 54.71, 252, 68.48, 4, 10084
22890, 12524, 54.71, 252, 68.48, 4, 10084
22891, 12524, 54.71, 252, 68.48, 4, 10085
22892, 12525, 54.71, 252, 68.48, 4, 10085
22893, 12525, 54.71, 252, 68.48, 4, 10086
22894, 12526, 54.71, 252, 68.48, 4, 10086
22895, 12527, 54.72, 252, 68.48, 4, 10086
22896, 12527, 54.71, 252, 68.48, 4, 10086
22897, 12528, 54.71, 252, 68.48, 4, 10086
22898, 12528, 54.71, 252, 68.48, 4, 10087
22899, 12528, 54.71, 252, 68.48, 4, 10088
22900, 12528, 54.71, 252, 68.48, 4, 10089
22901, 12529, 54.71, 252, 68.48, 4, 10089
22902, 12530, 54.71, 252, 68.48, 4, 10089
22903, 12530, 54.71, 252, 68.48, 4, 10090
22904, 12530, 54.71, 252, 68.48, 4, 10091
22905, 12530, 54.70, 252, 68.48, 4, 10092
22906, 12530, 54.70, 252, 68.48, 4, 10093
22907, 12531, 54.70, 252, 68.48, 4, 10093
22908, 12532, 54.71, 252, 68.48, 4, 10093
22909, 12532, 54.70, 252, 68.48, 4, 10094
22910, 12533, 54.71, 252, 68.48, 4, 10094
22911, 12533, 54.70, 252, 68.48, 4, 10095
22912, 12533, 54.70, 252, 68.48, 4, 10096
22913, 12534, 54.70, 252, 68.48, 4, 10096
22914, 12534, 54.70, 252, 68.48, 4, 10097
22915, 12534, 54.70, 252, 68.48, 4, 10098
22916, 12535, 54.70, 252, 68.48, 4, 10098
22917, 12535, 54.70, 252, 68.48, 4, 10099
22918, 12535, 54.69, 252, 68.48, 4, 10100
22919, 12536, 54.70, 252, 68.48, 4, 10100
22920, 12537, 54.70, 252, 68.48, 4, 10100
22921, 12537, 54.70, 252, 68.48, 4, 10101
22922, 12538, 54.70, 252, 68.48, 4, 10101
22923, 12539, 54.70, 252, 68.48, 4, 10101
22924, 12539, 54.70, 252, 68.48, 4, 10102
22925, 12540, 54.70, 252, 68.48, 4, 10102
22926, 12541, 54.70, 252, 68.48, 4, 10102
22927, 12542, 54.70, 252, 68.48, 4, 10102
22928, 12543, 54.71, 252, 68.48, 4, 10102
22929, 12543, 54.70, 252, 68.48, 4, 10103
22930, 12543, 54.70, 252, 68.48, 4, 10104
22931, 12544, 54.70, 252, 68.48, 4, 10104
22932, 12545, 54.71, 252, 68.48, 4, 10104
22933, 12546, 54.71, 252, 68.48, 4, 10104
22934, 12546, 54.70, 252, 68.48, 4, 10105
22935, 12546, 54.70, 252, 68.48, 4, 10106
22936, 12547, 54.70, 252, 68.48, 4, 10106
22937, 12548, 54.71, 252, 68.48, 4, 10106
22938, 12549, 54.71, 252, 68.48, 4, 10106
22939, 12549, 54.71, 252, 68.48, 4, 10107
22940, 12549, 54.70, 252, 68.48, 4, 10108
22941, 12549, 54.70, 252, 68.48, 4, 10109
22942, 12550, 54.70, 252, 68.48, 4, 10109
22943, 12551, 54.71, 252, 68.48, 4, 10109
22944, 12551, 54.70, 252, 68.48, 4, 10110
22945, 12552, 54.70, 252, 68.48, 4, 10110
22946, 12553, 54.71, 252, 68.48, 4, 10110
22947, 12553, 54.70, 252, 68.48, 4, 10111
22948, 12553, 54.70, 252, 68.48, 4, 10112
22949, 12554, 54.70, 252, 68.48, 4, 10112
22950, 12555, 54.71, 252, 68.48, 4, 10112
22951, 12555, 54.70, 252, 68.48, 4, 10113
22952, 12555, 54.70, 252, 68.48, 4, 10114
22953, 12556, 54.70, 252, 68.48, 4, 10114
22954, 12556, 54.70, 252, 68.48, 4, 10115
22955, 12557, 54.70, 252, 68.48, 4, 10115
22956, 12558, 54.70, 252, 68.48, 4, 10115
22957, 12559, 54.71, 252, 68.48, 4, 10115
22958, 12559, 54.70, 252, 68.48, 4, 10116
22959, 12560, 54.71, 252, 68.48, 4, 10116
22960, 12560, 54.70, 252, 68.48, 4, 10117
22961, 12561, 54.71, 252, 68.48, 4, 10117
22962, 12562, 54.71, 252, 68.48, 4, 10117
22963, 12563, 54.71, 252, 68.48, 4, 10117
22964, 12564, 54.71, 252, 68.48, 4, 10117
22965, 12564, 54.71, 252, 68.48, 4, 10118
22966, 12564, 54.71, 252, 68.48, 4, 10119
22967, 12565, 54.71, 252, 68.48, 4, 10119
22968, 12566, 54.71, 252, 68.48, 4, 10119
22969, 12566, 54.71, 252, 68.48, 4, 10120
22970, 12567, 54.71, 252, 68.48, 4, 10120
22971, 12567, 54.71, 252, 68.48, 4, 10121
22972, 12568, 54.71, 252, 68.48, 4, 10121
22973, 12569, 54.71, 252, 68.48, 4, 10121
22974, 12569, 54.71, 252, 68.48, 4, 10122
22975, 12569, 54.71, 252, 68.48, 4, 10123
22976, 12569, 54.70, 252, 68.48, 4, 10124
22977, 12570, 54.71, 252, 68.48, 4, 10124
22978, 12570, 54.70, 252, 68.48, 4, 10125
22979, 12571, 54.71, 252, 68.48, 4, 10125
22980, 12571, 54.70, 252, 68.48, 4, 10126
22981, 12571, 54.70, 252, 68.48, 4, 10127
22982, 12572, 54.70, 252, 68.48, 4, 10127
22983, 12572, 54.70, 252, 68.48, 4, 10128
22984, 12573, 54.70, 252, 68.48, 4, 10128
22985, 12574, 54.71, 252, 68.48, 4, 10128
22986, 12575, 54.71, 252, 68.48, 4, 10128
22987, 12576, 54.71, 252, 68.48, 4, 10128
22988, 12576, 54.71, 252, 68.48, 4, 10129
22989, 12576, 54.70, 252, 68.48, 4, 10130
22990, 12577, 54.71, 252, 68.48, 4, 10130
22991, 12577, 54.70, 252, 68.48, 4, 10131
22992, 12578, 54.71, 252, 68.48, 4, 10131
22993, 12578, 54.70, 252, 68.48, 4, 10132
22994, 12579, 54.71, 252, 68.48, 4, 10132
22995, 12580, 54.71, 252, 68.48, 4, 10132
22996, 12581, 54.71, 252, 68.48, 4, 10132
22997, 12582, 54.71, 252, 68.48, 4, 10132
22998, 12582, 54.71, 252, 68.48, 4, 10133
22999, 12583, 54.71, 252, 68.48, 4, 10133
23000, 12583, 54.71, 252, 68.48, 4, 10134
23001, 12583, 54.71, 252, 68.48, 4, 10135
23002, 12584, 54.71, 252, 68.48, 4, 10135
23003, 12584, 54.71, 252, 68.48, 4, 10136
23004, 12585, 54.71, 252, 68.48, 4, 10136
23005, 12586, 54.71, 252, 68.48, 4, 10136
23006, 12586, 54.71, 252, 68.48, 4, 10137
23007, 12587, 54.71, 252, 68.48, 4, 10137
23008, 12587, 54.71, 252, 68.48, 4, 10138
23009, 12587, 54.70, 252, 68.48, 4, 10139
23010, 12588, 54.71, 252, 68.48, 4, 10139
23011, 12589, 54.71, 252, 68.48, 4, 10139
23012, 12590, 54.71, 252, 68.48, 4, 10139
23013, 12591, 54.71, 252, 68.48, 4, 10139
23014, 12592, 54.71, 252, 68.48, 4, 10139
23015, 12592, 54.71, 252, 68.48, 4, 10140
23016, 12593, 54.71, 252, 68.48, 4, 10140
23017, 12593, 54.71, 252, 68.48, 4, 10141
23018, 12594, 54.71, 252, 68.48, 4, 10141
23019, 12595, 54.72, 252, 68.48, 4, 10141
23020, 12595, 54.71, 252, 68.48, 4, 10142
23021, 12595, 54.71, 252, 68.48, 4, 10143
23022, 12595, 54.71, 252, 68.48, 4, 10144
23023, 12596, 54.71, 252, 68.48, 4, 10144
23024, 12596, 54.71, 252, 68.48, 4, 10145
23025, 12596, 54.71, 252, 68.48, 4, 10146
23026, 12597, 54.71, 252, 68.48, 4, 10146
23027, 12598, 54.71, 252, 68.48, 4, 10146
23028, 12599, 54.71, 252, 68.48, 4, 10146
23029, 12599, 54.71, 252, 68.48, 4, 10147
23030, 12600, 54.71, 252, 68.48, 4, 10147
23031, 12601, 54.71, 252, 68.48, 4, 10147
23032, 12601, 54.71, 252, 68.48, 4, 10148
23033, 12602, 54.71, 252, 68.48, 4, 10148
23034, 12602, 54.71, 252, 68.48, 4, 10149
23035, 12603, 54.71, 252, 68.48, 4, 10149
23036, 12603, 54.71, 252, 68.48, 4, 10150
23037, 12603, 54.71, 252, 68.48, 4, 10151
23038, 12604, 54.71, 252, 68.48, 4, 10151
23039, 12605, 54.71, 252, 68.48, 4, 10151
23040, 12606, 54.71, 252, 68.48, 4, 10151
23041, 12606, 54.71, 252, 68.48, 4, 10152
23042, 12607, 54.71, 252, 68.48, 4, 10152
23043, 12607, 54.71, 252, 68.48, 4, 10153
23044, 12608, 54.71, 252, 68.48, 4, 10153
23045, 12609, 54.71, 252, 68.48, 4, 10153
23046, 12609, 54.71, 252, 68.48, 4, 10154
23047, 12610, 54.71, 252, 68.48, 4, 10154
23048, 12610, 54.71, 252, 68.48, 4, 10155
23049, 12611, 54.71, 252, 68.48, 4, 10155
23050, 12611, 54.71, 252, 68.48, 4, 10156
23051, 12611, 54.71, 252, 68.48, 4, 10157
23052, 12611, 54.71, 252, 68.48, 4, 10158
23053, 12611, 54.70, 252, 68.48, 4, 10159
23054, 12611, 54.70, 252, 68.48, 4, 10160
23055, 12612, 54.70, 252, 68.48, 4, 10160
23056, 12613, 54.71, 252, 68.48, 4, 10160
23057, 12613, 54.70, 252, 68.48, 4, 10161
23058, 12613, 54.70, 252, 68.48, 4, 10162
23059, 12614, 54.70, 252, 68.48, 4, 10162
23060, 12614, 54.70, 252, 68.48, 4, 10163
23061, 12615, 54.70, 252, 68.48, 4, 10163
23062, 12615, 54.70, 252, 68.48, 4, 10164
23063, 12616, 54.70, 252, 68.48, 4, 10164
23064, 12616, 54.70, 252, 68.48, 4, 10165
23065, 12616, 54.70, 252, 68.48, 4, 10166
23066, 12617, 54.70, 252, 68.48, 4, 10166
23067, 12618, 54.70, 252, 68.48, 4, 10166
23068, 12619, 54.70, 252, 68.48, 4, 10166
23069, 12619, 54.70, 252, 68.48, 4, 10167
23070, 12619, 54.70, 252, 68.48, 4, 10168
23071, 12619, 54.70, 252, 68.48, 4, 10169
23072, 12619, 54.69, 252, 68.48, 4, 10170
23073, 12620, 54.70, 252, 68.48, 4, 10170
23074, 12620, 54.69, 252, 68.48, 4, 10171
23075, 12620, 54.69, 252, 68.48, 4, 10172
23076, 12621, 54.69, 252, 68.48, 4, 10172
23077, 12621, 54.69, 252, 68.48, 4, 10173
23078, 12621, 54.69, 252, 68.48, 4, 10174
23079, 12622, 54.69, 252, 68.48, 4, 10174
23080, 12623, 54.69, 252, 68.48, 4, 10174
23081, 12623, 54.69, 252, 68.48, 4, 10175
23082, 12624, 54.69, 252, 68.48, 4, 10175
23083, 12625, 54.69, 252, 68.48, 4, 10175
23084, 12626, 54.70, 252, 68.48, 4, 10175
23085, 12626, 54.69, 252, 68.48, 4, 10176
23086, 12626, 54.69, 252, 68.48, 4, 10177
23087, 12626, 54.69, 252, 68.48, 4, 10178
23088, 12627, 54.69, 252, 68.48, 4, 10178
23089, 12628, 54.69, 252, 68.48, 4, 10178
23090, 12629, 54.69, 252, 68.48, 4, 10178
23091, 12630, 54.70, 252, 68.48, 4, 10178
23092, 12631, 54.70, 252, 68.48, 4, 10178
23093, 12632, 54.70, 252, 68.48, 4, 10178
23094, 12632, 54.70, 252, 68.48, 4, 10179
23095, 12633, 54.70, 252, 68.48, 4, 10179
23096, 12633, 54.70, 252, 68.48, 4, 10180
23097, 12633, 54.70, 252, 68.48, 4, 10181
23098, 12634, 54.70, 252, 68.48, 4, 10181
23099, 12635, 54.70, 252, 68.48, 4, 10181
23100, 12636, 54.70, 252, 68.48, 4, 10181
23101, 12636, 54.70, 252, 68.48, 4, 10182
23102, 12636, 54.70, 252, 68.48, 4, 10183
23103, 12636, 54.69, 252, 68.48, 4, 10184
23104, 12637, 54.70, 252, 68.48, 4, 10184
23105, 12638, 54.70, 252, 68.48, 4, 10184
23106, 12639, 54.70, 252, 68.48, 4, 10184
23107, 12640, 54.70, 252, 68.48, 4, 10184
23108, 12641, 54.70, 252, 68.48, 4, 10184
23109, 12641, 54.70, 252, 68.48, 4, 10185
23110, 12642, 54.70, 252, 68.48, 4, 10185
23111, 12643, 54.71, 252, 68.48, 4, 10185
23112, 12644, 54.71, 252, 68.48, 4, 10185
23113, 12645, 54.71, 252, 68.48, 4, 10185
23114, 12645, 54.71, 252, 68.48, 4, 10186
23115, 12646, 54.71, 252, 68.48, 4, 10186
23116, 12646, 54.71, 252, 68.48, 4, 10187
23117, 12647, 54.71, 252, 68.48, 4, 10187
23118, 12647, 54.71, 252, 68.48, 4, 10188
23119, 12647, 54.70, 252, 68.48, 4, 10189
23120, 12647, 54.70, 252, 68.48, 4, 10190
23121, 12647, 54.70, 252, 68.48, 4, 10191
23122, 12647, 54.70, 252, 68.48, 4, 10192
23123, 12648, 54.70, 252, 68.48, 4, 10192
23124, 12649, 54.70, 252, 68.48, 4, 10192
23125, 12650, 54.70, 252, 68.48, 4, 10192
23126, 12650, 54.70, 252, 68.48, 4, 10193
23127, 12650, 54.70, 252, 68.48, 4, 10194
23128, 12651, 54.70, 252, 68.48, 4, 10194
23129, 12652, 54.70, 252, 68.48, 4, 10194
23130, 12653, 54.70, 252, 68.48, 4, 10194
23131, 12654, 54.71, 252, 68.48, 4, 10194
23132, 12654, 54.70, 252, 68.48, 4, 10195
23133, 12655, 54.71, 252, 68.48, 4, 10195
23134, 12656, 54.71, 252, 68.48, 4, 10195
23135, 12656, 54.70, 252, 68.48, 4, 10196
23136, 12657, 54.71, 252, 68.48, 4, 10196
23137, 12658, 54.71, 252, 68.48, 4, 10196
23138, 12659, 54.71, 252, 68.48, 4, 10196
23139, 12659, 54.71, 252, 68.48, 4, 10197
23140, 12660, 54.71, 252, 68.48, 4, 10197
23141, 12661, 54.71, 252, 68.48, 4, 10197
23142, 12661, 54.71, 252, 68.48, 4, 10198
23143, 12662, 54.71, 252, 68.48, 4, 10198
23144, 12663, 54.71, 252, 68.48, 4, 10198
23145, 12664, 54.72, 252, 68.48, 4, 10198
23146, 12665, 54.72, 252, 68.48, 4, 10198
23147, 12666, 54.72, 252, 68.48, 4, 10198
23148, 12666, 54.72, 252, 68.48, 4, 10199
23149, 12666, 54.72, 252, 68.48, 4, 10200
23150, 12666, 54.71, 252, 68.48, 4, 10200
23151, 12667, 54.71, 252, 68.48, 4, 10200
23152, 12668, 54.72, 252, 68.48, 4, 10200
23153, 12668, 54.71, 252, 68.48, 4, 10201
23154, 12669, 54.72, 252, 68.48, 4, 10201
23155, 12670, 54.72, 252, 68.48, 4, 10201
23156, 12671, 54.72, 252, 68.48, 4, 10201
23157, 12672, 54.72, 252, 68.48, 4, 10201
23158, 12673, 54.72, 252, 68.48, 4, 10201
23159, 12674, 54.73, 252, 68.48, 4, 10201
23160, 12674, 54.72, 252, 68.48, 4, 10202
23161, 12674, 54.72, 252, 68.48, 4, 10203
23162, 12675, 54.72, 252, 68.48, 4, 10203
23163, 12675, 54.72, 252, 68.48, 4, 10204
23164, 12676, 54.72, 252, 68.48, 4, 10204
23165, 12676, 54.72, 252, 68.48, 4, 10205
23166, 12677, 54.72, 252, 68.48, 4, 10205
23167, 12677, 54.72, 252, 68.48, 4, 10206
23168, 12677, 54.72, 252, 68.48, 4, 10207
23169, 12678, 54.72, 252, 68.48, 4, 10207
23170, 12679, 54.72, 252, 68.48, 4, 10207
23171, 12680, 54.72, 252, 68.48, 4, 10207
23172, 12681, 54.73, 252, 68.48, 4, 10207
23173, 12682, 54.73, 252, 68.48, 4, 10207
23174, 12683, 54.73, 252, 68.48, 4, 10207
23175, 12683, 54.73, 252, 68.48, 4, 10208
23176, 12683, 54.72, 252, 68.48, 4, 10209
23177, 12684, 54.73, 252, 68.48, 4, 10209
23178, 12685, 54.73, 252, 68.48, 4, 10209
23179, 12686, 54.73, 252, 68.48, 4, 10209
23180, 12686, 54.73, 252, 68.48, 4, 10210
23181, 12686, 54.73, 252, 68.48, 4, 10211
23182, 12687, 54.73, 252, 68.48, 4, 10211
23183, 12687, 54.73, 252, 68.48, 4, 10212
23184, 12688, 54.73, 252, 68.48, 4, 10212
23185, 12688, 54.73, 252, 68.48, 4, 10212
23186, 12688, 54.72, 252, 68.48, 4, 10213
23187, 12688, 54.72, 252, 68.48, 4, 10214
23188, 12688, 54.72, 252, 68.48, 4, 10215
23189, 12688, 54.72, 252, 68.48, 4, 10216
23190, 12689, 54.72, 252, 68.48, 4, 10216
23191, 12689, 54.72, 252, 68.48, 4, 10217
23192, 12689, 54.71, 252, 68.48, 4, 10218
23193, 12689, 54.71, 252, 68.48, 4, 10219
23194, 12689, 54.71, 252, 68.48, 4, 10220
23195, 12690, 54.71, 252, 68.48, 4, 10220
23196, 12691, 54.71, 252, 68.48, 4, 10220
23197, 12691, 54.71, 252, 68.48, 4, 10221
23198, 12691, 54.71, 252, 68.48, 4, 10222
23199, 12692, 54.71, 252, 68.48, 4, 10222
23200, 12692, 54.71, 252, 68.48, 4, 10223
23201, 12692, 54.70, 252, 68.48, 4, 10224
23202, 12693, 54.71, 252, 68.48, 4, 10224
23203, 12694, 54.71, 252, 68.48, 4, 10224
23204, 12695, 54.71, 252, 68.48, 4, 10224
23205, 12696, 54.71, 252, 68.48, 4, 10224
23206, 12696, 54.71, 252, 68.48, 4, 10225
23207, 12697, 54.71, 252, 68.48, 4, 10225
23208, 12697, 54.71, 252, 68.48, 4, 10226
23209, 12698, 54.71, 252, 68.48, 4, 10226
23210, 12698, 54.71, 252, 68.48, 4, 10227
23211, 12699, 54.71, 252, 68.48, 4, 10227
23212, 12699, 54.71, 252, 68.48, 4, 10228
23213, 12699, 54.71, 252, 68.48, 4, 10229
23214, 12700, 54.71, 252, 68.48, 4, 10229
23215, 12701, 54.71, 252, 68.48, 4, 10229
23216, 12701, 54.71, 252, 68.48, 4, 10230
23217, 12701, 54.71, 252, 68.48, 4, 10231
23218, 12702, 54.71, 252, 68.48, 4, 10231
23219, 12702, 54.71, 252, 68.48, 4, 10232
23220, 12703, 54.71, 252, 68.48, 4, 10232
23221, 12704, 54.71, 252, 68.48, 4, 10232
23222, 12704, 54.71, 252, 68.48, 4, 10233
23223, 12705, 54.71, 252, 68.48, 4, 10233
23224, 12706, 54.71, 252, 68.48, 4, 10233
23225, 12707, 54.71, 252, 68.48, 4, 10233
23226, 12708, 54.71, 252, 68.48, 4, 10233
23227, 12709, 54.72, 252, 68.48, 4, 10233
23228, 12710, 54.72, 252, 68.48, 4, 10233
23229, 12710, 54.72, 252, 68.48, 4, 10234
23230, 12711, 54.72, 252, 68.48, 4, 10234
23231, 12711, 54.72, 252, 68.48, 4, 10235
23232, 12712, 54.72, 252, 68.48, 4, 10235
23233, 12712, 54.72, 252, 68.48, 4, 10236
23234, 12712, 54.71, 252, 68.48, 4, 10237
23235, 12713, 54.71, 252, 68.48, 4, 10237
23236, 12714, 54.72, 252, 68.48, 4, 10237
23237, 12715, 54.72, 252, 68.48, 4, 10237
23238, 12716, 54.72, 252, 68.48, 4, 10237
23239, 12716, 54.72, 252, 68.48, 4, 10238
23240, 12716, 54.72, 252, 68.48, 4, 10239
23241, 12717, 54.72, 252, 68.48, 4, 10239
23242, 12718, 54.72, 252, 68.48, 4, 10239
23243, 12719, 54.72, 252, 68.48, 4, 10239
23244, 12719, 54.72, 252, 68.48, 4, 10240
23245, 12720, 54.72, 252, 68.48, 4, 10240
23246, 12721, 54.72, 252, 68.48, 4, 10240
23247, 12722, 54.73, 252, 68.48, 4, 10240
23248, 12722, 54.72, 252, 68.48, 4, 10241
23249, 12723, 54.72, 252, 68.48, 4, 10241
23250, 12723, 54.72, 252, 68.48, 4, 10242
23251, 12723, 54.72, 252, 68.48, 4, 10243
23252, 12723, 54.72, 252, 68.48, 4, 10244
23253, 12723, 54.72, 252, 68.48, 4, 10244
23254, 12724, 54.72, 252, 68.48, 4, 10244
23255, 12725, 54.72, 252, 68.48, 4, 10244
23256, 12725, 54.72, 252, 68.48, 4, 10244
23257, 12726, 54.72, 252, 68.48, 4, 10244
23258, 12727, 54.72, 252, 68.48, 4, 10244
23259, 12728, 54.72, 252, 68.48, 4, 10244
23260, 12728, 54.72, 252, 68.48, 4, 10245
23261, 12729, 54.72, 252, 68.48, 4, 10245
23262, 12729, 54.72, 252, 68.48, 4, 10246
23263, 12729, 54.72, 252, 68.48, 4, 10247
23264, 12729, 54.72, 252, 68.48, 4, 10248
23265, 12729, 54.71, 252, 68.48, 4, 10249
23266, 12729, 54.71, 252, 68.48, 4, 10250
23267, 12730, 54.71, 252, 68.48, 4, 10250
23268, 12731, 54.71, 252, 68.48, 4, 10250
23269, 12732, 54.72, 252, 68.48, 4, 10250
23270, 12733, 54.72, 252, 68.48, 4, 10250
23271, 12734, 54.72, 252, 68.48, 4, 10250
23272, 12735, 54.72, 252, 68.48, 4, 10250
23273, 12736, 54.72, 252, 68.48, 4, 10250
23274, 12737, 54.73, 252, 68.48, 4, 10250
23275, 12738, 54.73, 252, 68.48, 4, 10250
23276, 12738, 54.73, 252, 68.48, 4, 10251
23277, 12739, 54.73, 252, 68.48, 4, 10251
23278, 12740, 54.73, 252, 68.48, 4, 10251
23279, 12740, 54.73, 252, 68.48, 4, 10252
23280, 12740, 54.73, 252, 68.48, 4, 10253
23281, 12741, 54.73, 252, 68.48, 4, 10253
23282, 12742, 54.73, 252, 68.48, 4, 10253
23283, 12742, 54.73, 252, 68.48, 4, 10254
23284, 12743, 54.73, 252, 68.48, 4, 10254
23285, 12744, 54.73, 252, 68.48, 4, 10254
23286, 12745, 54.73, 252, 68.48, 4, 10254
23287, 12746, 54.73, 252, 68.48, 4, 10254
23288, 12746, 54.73, 252, 68.48, 4, 10255
23289, 12747, 54.73, 252, 68.48, 4, 10255
23290, 12747, 54.73, 252, 68.48, 4, 10256
23291, 12748, 54.73, 252, 68.48, 4, 10256
23292, 12749, 54.74, 252, 68.48, 4, 10256
23293, 12749, 54.73, 252, 68.48, 4, 10257
23294, 12749, 54.73, 252, 68.48, 4, 10258
23295, 12750, 54.73, 252, 68.48, 4, 10258
23296, 12751, 54.73, 252, 68.48, 4, 10258
23297, 12751, 54.73, 252, 68.48, 4, 10259
23298, 12752, 54.73, 252, 68.48, 4, 10259
23299, 12752, 54.73, 252, 68.48, 4, 10260
23300, 12753, 54.73, 252, 68.48, 4, 10260
23301, 12754, 54.74, 252, 68.48, 4, 10260
23302, 12754, 54.73, 252, 68.48, 4, 10261
23303, 12755, 54.74, 252, 68.48, 4, 10261
23304, 12755, 54.73, 252, 68.48, 4, 10262
23305, 12755, 54.73, 252, 68.48, 4, 10263
23306, 12755, 54.73, 252, 68.48, 4, 10264
23307, 12756, 54.73, 252, 68.48, 4, 10264
23308, 12757, 54.73, 252, 68.48, 4, 10264
23309, 12757, 54.73, 252, 68.48, 4, 10265
23310, 12758, 54.73, 252, 68.48, 4, 10265
23311, 12758, 54.73, 252, 68.48, 4, 10266
23312, 12758, 54.73, 252, 68.48, 4, 10267
23313, 12758, 54.72, 252, 68.48, 4, 10268
23314, 12759, 54.73, 252, 68.48, 4, 10268
23315, 12760, 54.73, 252, 68.48, 4, 10268
23316, 12761, 54.73, 252, 68.48, 4, 10268
23317, 12762, 54.73, 252, 68.48, 4, 10268
23318, 12762, 54.73, 252, 68.48, 4, 10268
23319, 12763, 54.73, 252, 68.48, 4, 10268
23320, 12763, 54.73, 252, 68.48, 4, 10269
23321, 12764, 54.73, 252, 68.48, 4, 10269
23322, 12764, 54.73, 252, 68.48, 4, 10270
23323, 12765, 54.73, 252, 68.48, 4, 10270
23324, 12765, 54.73, 252, 68.48, 4, 10271
23325, 12766, 54.73, 252, 68.48, 4, 10271
23326, 12767, 54.73, 252, 68.48, 4, 10271
23327, 12767, 54.73, 252, 68.48, 4, 10272
23328, 12767, 54.73, 252, 68.48, 4, 10273
23329, 12768, 54.73, 252, 68.48, 4, 10273
23330, 12769, 54.73, 252, 68.48, 4, 10273
23331, 12769, 54.73, 252, 68.48, 4, 10274
23332, 12769, 54.73, 252, 68.48, 4, 10275
23333, 12770, 54.73, 252, 68.48, 4, 10275
23334, 12771, 54.73, 252, 68.48, 4, 10275
23335, 12772, 54.73, 252, 68.48, 4, 10275
23336, 12772, 54.73, 252, 68.48, 4, 10276
23337, 12772, 54.73, 252, 68.48, 4, 10277
23338, 12773, 54.73, 252, 68.48, 4, 10277
23339, 12773, 54.73, 252, 68.48, 4, 10278
23340, 12774, 54.73, 252, 68.48, 4, 10278
23341, 12775, 54.73, 252, 68.48, 4, 10278
23342, 12776, 54.73, 252, 68.48, 4, 10278
23343, 12777, 54.74, 252, 68.48, 4, 10278
23344, 12778, 54.74, 252, 68.48, 4, 10278
23345, 12778, 54.74, 252, 68.48, 4, 10279
23346, 12778, 54.73, 252, 68.48, 4, 10280
23347, 12778, 54.73, 252, 68.48, 4, 10281
23348, 12778, 54.73, 252, 68.48, 4, 10282
23349, 12778, 54.73, 252, 68.48, 4, 10283
23350, 12778, 54.72, 252, 68.48, 4, 10284
23351, 12779, 54.73, 252, 68.48, 4, 10284
23352, 12780, 54.73, 252, 68.48, 4, 10284
23353, 12780, 54.73, 252, 68.48, 4, 10285
23354, 12781, 54.73, 252, 68.48, 4, 10285
23355, 12781, 54.72, 252, 68.48, 4, 10286
23356, 12782, 54.73, 252, 68.48, 4, 10286
23357, 12783, 54.73, 252, 68.48, 4, 10286
23358, 12784, 54.73, 252, 68.48, 4, 10286
23359, 12785, 54.73, 252, 68.48, 4, 10286
23360, 12786, 54.73, 252, 68.48, 4, 10286
23361, 12786, 54.73, 252, 68.48, 4, 10287
23362, 12786, 54.73, 252, 68.48, 4, 10288
23363, 12787, 54.73, 252, 68.48, 4, 10288
23364, 12787, 54.73, 252, 68.48, 4, 10289
23365, 12787, 54.73, 252, 68.48, 4, 10290
23366, 12788, 54.73, 252, 68.48, 4, 10290
23367, 12788, 54.73, 252, 68.48, 4, 10291
23368, 12788, 54.72, 252, 68.48, 4, 10292
23369, 12788, 54.72, 252, 68.48, 4, 10293
23370, 12789, 54.72, 252, 68.48, 4, 10293
23371, 12790, 54.73, 252, 68.48, 4, 10293
23372, 12791, 54.73, 252, 68.48, 4, 10293
23373, 12792, 54.73, 252, 68.48, 4, 10293
23374, 12793, 54.73, 252, 68.48, 4, 10293
23375, 12794, 54.73, 252, 68.48, 4, 10293
23376, 12795, 54.74, 252, 68.48, 4, 10293
23377, 12795, 54.73, 252, 68.48, 4, 10294
23378, 12796, 54.74, 252, 68.48, 4, 10294
23379, 12796, 54.73, 252, 68.48, 4, 10295
23380, 12797, 54.73, 252, 68.48, 4, 10295
23381, 12797, 54.73, 252, 68.48, 4, 10296
23382, 12798, 54.73, 252, 68.48, 4, 10296
23383, 12799, 54.74, 252, 68.48, 4, 10296
23384, 12799, 54.73, 252, 68.48, 4, 10297
23385, 12799, 54.73, 252, 68.48, 4, 10298
23386, 12800, 54.73, 252, 68.48, 4, 10298
23387, 12800, 54.73, 252, 68.48, 4, 10299
23388, 12800, 54.73, 252, 68.48, 4, 10300
23389, 12800, 54.73, 252, 68.48, 4, 10301
23390, 12801, 54.73, 252, 68.48, 4, 10301
23391, 12801, 54.73, 252, 68.48, 4, 10302
23392, 12802, 54.73, 252, 68.48, 4, 10302
23393, 12803, 54.73, 252, 68.48, 4, 10302
23394, 12803, 54.73, 252, 68.48, 4, 10303
23395, 12804, 54.73, 252, 68.48, 4, 10303
23396, 12805, 54.73, 252, 68.48, 4, 10303
23397, 12806, 54.73, 252, 68.48, 4, 10303
23398, 12807, 54.74, 252, 68.48, 4, 10303
23399, 12807, 54.73, 252, 68.48, 4, 10304
23400, 12807, 54.73, 252, 68.48, 4, 10305
23401, 12807, 54.73, 252, 68.48, 4, 10306
23402, 12808, 54.73, 252, 68.48, 4, 10306
23403, 12808, 54.73, 252, 68.48, 4, 10307
23404, 12809, 54.73, 252, 68.48, 4, 10307
23405, 12809, 54.73, 252, 68.48, 4, 10308
23406, 12810, 54.73, 252, 68.48, 4, 10308
23407, 12811, 54.73, 252, 68.48, 4, 10308
23408, 12812, 54.73, 252, 68.48, 4, 10308
23409, 12813, 54.74, 252, 68.48, 4, 10308
23410, 12814, 54.74, 252, 68.48, 4, 10308
23411, 12815, 54.74, 252, 68.48, 4, 10308
23412, 12815, 54.74, 252, 68.48, 4, 10309
23413, 12815, 54.73, 252, 68.48, 4, 10310
23414, 12816, 54.74, 252, 68.48, 4, 10310
23415, 12817, 54.74, 252, 68.48, 4, 10310
23416, 12818, 54.74, 252, 68.48, 4, 10310
23417, 12818, 54.74, 252, 68.48, 4, 10311
23418, 12819, 54.74, 252, 68.48, 4, 10311
23419, 12819, 54.74, 252, 68.48, 4, 10312
23420, 12819, 54.74, 252, 68.48, 4, 10313
23421, 12820, 54.74, 252, 68.48, 4, 10313
23422, 12820, 54.73, 252, 68.48, 4, 10314
23423, 12821, 54.74, 252, 68.48, 4, 10314
23424, 12821, 54.73, 252, 68.48, 4, 10315
23425, 12821, 54.73, 252, 68.48, 4, 10316
23426, 12822, 54.73, 252, 68.48, 4, 10316
23427, 12823, 54.74, 252, 68.48, 4, 10316
23428, 12823, 54.73, 252, 68.48, 4, 10317
23429, 12823, 54.73, 252, 68.48, 4, 10318
23430, 12824, 54.73, 252, 68.48, 4, 10318
23431, 12825, 54.74, 252, 68.48, 4, 10318
23432, 12826, 54.74, 252, 68.48, 4, 10318
23433, 12827, 54.74, 252, 68.48, 4, 10318
23434, 12827, 54.74, 252, 68.48, 4, 10319
23435, 12828, 54.74, 252, 68.48, 4, 10319
23436, 12828, 54.74, 252, 68.48, 4, 10320
23437, 12828, 54.73, 252, 68.48, 4, 10321
23438, 12828, 54.73, 252, 68.48, 4, 10322
23439, 12829, 54.73, 252, 68.48, 4, 10322
23440, 12830, 54.74, 252, 68.48, 4, 10322
23441, 12830, 54.73, 252, 68.48, 4, 10323
23442, 12830, 54.73, 252, 68.48, 4, 10324
23443, 12830, 54.73, 252, 68.48, 4, 10324
23444, 12830, 54.73, 252, 68.48, 4, 10325
23445, 12831, 54.73, 252, 68.48, 4, 10325
23446, 12832, 54.73, 252, 68.48, 4, 10325
23447, 12833, 54.73, 252, 68.48, 4, 10325
23448, 12834, 54.73, 252, 68.48, 4, 10325
23449, 12834, 54.73, 252, 68.48, 4, 10326
23450, 12835, 54.73, 252, 68.48, 4, 10326
23451, 12835, 54.73, 252, 68.48, 4, 10327
23452, 12835, 54.73, 252, 68.48, 4, 10327
23453, 12836, 54.73, 252, 68.48, 4, 10327
23454, 12836, 54.73, 252, 68.48, 4, 10328
23455, 12836, 54.73, 252, 68.48, 4, 10329
23456, 12837, 54.73, 252, 68.48, 4, 10329
23457, 12837, 54.73, 252, 68.48, 4, 10330
23458, 12838, 54.73, 252, 68.48, 4, 10330
23459, 12838, 54.73, 252, 68.48, 4, 10331
23460, 12839, 54.73, 252, 68.48, 4, 10331
23461, 12840, 54.73, 252, 68.48, 4, 10331
23462, 12840, 54.73, 252, 68.48, 4, 10332
23463, 12840, 54.72, 252, 68.48, 4, 10333
23464, 12841, 54.73, 252, 68.48, 4, 10333
23465, 12842, 54.73, 252, 68.48, 4, 10333
23466, 12843, 54.73, 252, 68.48, 4, 10333
23467, 12843, 54.73, 252, 68.48, 4, 10334
23468, 12844, 54.73, 252, 68.48, 4, 10334
23469, 12845, 54.73, 252, 68.48, 4, 10334
23470, 12846, 54.73, 252, 68.48, 4, 10334
23471, 12847, 54.74, 252, 68.48, 4, 10334
23472, 12847, 54.73, 252, 68.48, 4, 10335
23473, 12848, 54.74, 252, 68.48, 4, 10335
23474, 12849, 54.74, 252, 68.48, 4, 10335
23475, 12849, 54.73, 252, 68.48, 4, 10336
23476, 12849, 54.73, 252, 68.48, 4, 10337
23477, 12850, 54.73, 252, 68.48, 4, 10337
23478, 12850, 54.73, 252, 68.48, 4, 10338
23479, 12851, 54.73, 252, 68.48, 4, 10338
23480, 12852, 54.74, 252, 68.48, 4, 10338
23481, 12853, 54.74, 252, 68.48, 4, 10338
23482, 12853, 54.74, 252, 68.48, 4, 10339
23483, 12854, 54.74, 252, 68.48, 4, 10339
23484, 12854, 54.74, 252, 68.48, 4, 10340
23485, 12855, 54.74, 252, 68.48, 4, 10340
23486, 12855, 54.73, 252, 68.48, 4, 10340
23487, 12855, 54.73, 252, 68.48, 4, 10340
23488, 12855, 54.73, 252, 68.48, 4, 10341
23489, 12855, 54.73, 252, 68.48, 4, 10342
23490, 12856, 54.73, 252, 68.48, 4, 10342
23491, 12857, 54.73, 252, 68.48, 4, 10342
23492, 12858, 54.73, 252, 68.48, 4, 10342
23493, 12858, 54.73, 252, 68.48, 4, 10343
23494, 12858, 54.73, 252, 68.48, 4, 10344
23495, 12859, 54.73, 252, 68.48, 4, 10344
23496, 12860, 54.73, 252, 68.48, 4, 10344
23497, 12861, 54.73, 252, 68.48, 4, 10344
23498, 12862, 54.74, 252, 68.48, 4, 10344
23499, 12863, 54.74, 252, 68.48, 4, 10344
23500, 12864, 54.74, 252, 68.48, 4, 10344
23501, 12865, 54.74, 252, 68.48, 4, 10344
23502, 12865, 54.74, 252, 68.48, 4, 10345
23503, 12865, 54.74, 252, 68.48, 4, 10346
23504, 12866, 54.74, 252, 68.48, 4, 10346
23505, 12866, 54.74, 252, 68.48, 4, 10347
23506, 12867, 54.74, 252, 68.48, 4, 10347
23507, 12868, 54.74, 252, 68.48, 4, 10347
23508, 12869, 54.74, 252, 68.48, 4, 10347
23509, 12869, 54.74, 252, 68.48, 4, 10348
23510, 12869, 54.74, 252, 68.48, 4, 10349
23511, 12870, 54.74, 252, 68.48, 4, 10349
23512, 12870, 54.74, 252, 68.48, 4, 10350
23513, 12871, 54.74, 252, 68.48, 4, 10350
23514, 12872, 54.74, 252, 68.48, 4, 10350
23515, 12872, 54.74, 252, 68.48, 4, 10351
23516, 12872, 54.74, 252, 68.48, 4, 10352
23517, 12872, 54.73, 252, 68.48, 4, 10353
23518, 12872, 54.73, 252, 68.48, 4, 10354
23519, 12872, 54.73, 252, 68.48, 4, 10355
23520, 12873, 54.73, 252, 68.48, 4, 10355
23521, 12874, 54.73, 252, 68.48, 4, 10355
23522, 12875, 54.74, 252, 68.48, 4, 10355
23523, 12875, 54.73, 252, 68.48, 4, 10356
23524, 12875, 54.73, 252, 68.48, 4, 10357
23525, 12876, 54.73, 252, 68.48, 4, 10357
23526, 12876, 54.73, 252, 68.48, 4, 10358
23527, 12877, 54.73, 252, 68.48, 4, 10358
23528, 12878, 54.73, 252, 68.48, 4, 10358
23529, 12878, 54.73, 252, 68.48, 4, 10359
23530, 12879, 54.73, 252, 68.48, 4, 10359
23531, 12880, 54.74, 252, 68.48, 4, 10359
23532, 12881, 54.74, 252, 68.48, 4, 10359
23533, 12882, 54.74, 252, 68.48, 4, 10359
23534, 12883, 54.74, 252, 68.48, 4, 10359
23535, 12884, 54.74, 252, 68.48, 4, 10359
23536, 12885, 54.75, 252, 68.48, 4, 10359
23537, 12885, 54.74, 252, 68.48, 4, 10360
23538, 12886, 54.75, 252, 68.48, 4, 10360
23539, 12887, 54.75, 252, 68.48, 4, 10360
23540, 12887, 54.75, 252, 68.48, 4, 10361
23541, 12887, 54.74, 252, 68.48, 4, 10362
23542, 12887, 54.74, 252, 68.48, 4, 10363
23543, 12888, 54.74, 252, 68.48, 4, 10363
23544, 12889, 54.74, 252, 68.48, 4, 10363
23545, 12890, 54.75, 252, 68.48, 4, 10363
23546, 12891, 54.75, 252, 68.48, 4, 10363
23547, 12892, 54.75, 252, 68.48, 4, 10363
23548, 12893, 54.75, 252, 68.48, 4, 10363
23549, 12894, 54.75, 252, 68.48, 4, 10363
23550, 12895, 54.76, 252, 68.48, 4, 10363
23551, 12896, 54.76, 252, 68.48, 4, 10363
23552, 12897, 54.76, 252, 68.48, 4, 10363
23553, 12898, 54.76, 252, 68.48, 4, 10363
23554, 12898, 54.76, 252, 68.48, 4, 10364
23555, 12899, 54.76, 252, 68.48, 4, 10364
23556, 12899, 54.76, 252, 68.48, 4, 10365
23557, 12899, 54.76, 252, 68.48, 4, 10366
23558, 12900, 54.76, 252, 68.48, 4, 10366
23559, 12901, 54.76, 252, 68.48, 4, 10366
23560, 12902, 54.76, 252, 68.48, 4, 10366
23561, 12902, 54.76, 252, 68.48, 4, 10367
23562, 12903, 54.76, 252, 68.48, 4, 10367
23563, 12903, 54.76, 252, 68.48, 4, 10368
23564, 12904, 54.76, 252, 68.48, 4, 10368
23565, 12905, 54.76, 252, 68.48, 4, 10368
23566, 12905, 54.76, 252, 68.48, 4, 10369
23567, 12905, 54.76, 252, 68.48, 4, 10370
23568, 12905, 54.76, 252, 68.48, 4, 10371
23569, 12905, 54.75, 252, 68.48, 4, 10372
23570, 12906, 54.76, 252, 68.48, 4, 10372
23571, 12907, 54.76, 252, 68.48, 4, 10372
23572, 12908, 54.76, 252, 68.48, 4, 10372
23573, 12909, 54.76, 252, 68.48, 4, 10372
23574, 12909, 54.76, 252, 68.48, 4, 10373
23575, 12909, 54.76, 252, 68.48, 4, 10374
23576, 12910, 54.76, 252, 68.48, 4, 10374
23577, 12911, 54.76, 252, 68.48, 4, 10374
23578, 12911, 54.76, 252, 68.48, 4, 10375
23579, 12911, 54.76, 252, 68.48, 4, 10376
23580, 12911, 54.75, 252, 68.48, 4, 10377
23581, 12911, 54.75, 252, 68.48, 4, 10378
23582, 12911, 54.75, 252, 68.48, 4, 10379
23583, 12912, 54.75, 252, 68.48, 4, 10379
23584, 12912, 54.75, 252, 68.48, 4, 10380
23585, 12912, 54.75, 252, 68.48, 4, 10381
23586, 12913, 54.75, 252, 68.48, 4, 10381
23587, 12913, 54.75, 252, 68.48, 4, 10382
23588, 12914, 54.75, 252, 68.48, 4, 10382
23589, 12914, 54.75, 252, 68.48, 4, 10383
23590, 12914, 54.74, 252, 68.48, 4, 10384
23591, 12915, 54.75, 252, 68.48, 4, 10384
23592, 12915, 54.74, 252, 68.48, 4, 10385
23593, 12916, 54.75, 252, 68.48, 4, 10385
23594, 12916, 54.74, 252, 68.48, 4, 10386
23595, 12917, 54.74, 252, 68.48, 4, 10386
23596, 12917, 54.74, 252, 68.48, 4, 10387
23597, 12918, 54.74, 252, 68.48, 4, 10387
23598, 12918, 54.74, 252, 68.48, 4, 10388
23599, 12919, 54.74, 252, 68.48, 4, 10388
23600, 12919, 54.74, 252, 68.48, 4, 10389
23601, 12919, 54.74, 252, 68.48, 4, 10390
23602, 12920, 54.74, 252, 68.48, 4, 10390
23603, 12921, 54.74, 252, 68.48, 4, 10390
23604, 12921, 54.74, 252, 68.48, 4, 10391
23605, 12922, 54.74, 252, 68.48, 4, 10391
23606, 12922, 54.74, 252, 68.48, 4, 10392
23607, 12923, 54.74, 252, 68.48, 4, 10392
23608, 12924, 54.74, 252, 68.48, 4, 10392
23609, 12925, 54.75, 252, 68.48, 4, 10392
23610, 12926, 54.75, 252, 68.48, 4, 10392
23611, 12926, 54.75, 252, 68.48, 4, 10393
23612, 12927, 54.75, 252, 68.48, 4, 10393
23613, 12928, 54.75, 252, 68.48, 4, 10393
23614, 12928, 54.75, 252, 68.48, 4, 10394
23615, 12929, 54.75, 252, 68.48, 4, 10394
23616, 12929, 54.75, 252, 68.48, 4, 10395
23617, 12930, 54.75, 252, 68.48, 4, 10395
23618, 12931, 54.75, 252, 68.48, 4, 10395
23619, 12932, 54.75, 252, 68.48, 4, 10395
23620, 12933, 54.75, 252, 68.48, 4, 10395
23621, 12934, 54.76, 252, 68.48, 4, 10395
23622, 12934, 54.75, 252, 68.48, 4, 10396
23623, 12935, 54.76, 252, 68.48, 4, 10396
23624, 12935, 54.75, 252, 68.48, 4, 10396
23625, 12935, 54.75, 252, 68.48, 4, 10397
23626, 12935, 54.75, 252, 68.48, 4, 10398
23627, 12935, 54.75, 252, 68.48, 4, 10399
23628, 12936, 54.75, 252, 68.48, 4, 10399
23629, 12937, 54.75, 252, 68.48, 4, 10399
23630, 12938, 54.75, 252, 68.48, 4, 10399
23631, 12939, 54.75, 252, 68.48, 4, 10399
23632, 12939, 54.75, 252, 68.48, 4, 10400
23633, 12939, 54.75, 252, 68.48, 4, 10401
23634, 12939, 54.75, 252, 68.48, 4, 10402
23635, 12940, 54.75, 252, 68.48, 4, 10402
23636, 12941, 54.75, 252, 68.48, 4, 10402
23637, 12942, 54.75, 252, 68.48, 4, 10402
23638, 12943, 54.76, 252, 68.48, 4, 10402
23639, 12944, 54.76, 252, 68.48, 4, 10402
23640, 12944, 54.75, 252, 68.48, 4, 10403
23641, 12944, 54.75, 252, 68.48, 4, 10404
23642, 12945, 54.75, 252, 68.48, 4, 10404
23643, 12946, 54.76, 252, 68.48, 4, 10404
23644, 12947, 54.76, 252, 68.48, 4, 10404
23645, 12948, 54.76, 252, 68.48, 4, 10404
23646, 12949, 54.76, 252, 68.48, 4, 10404
23647, 12949, 54.76, 252, 68.48, 4, 10405
23648, 12950, 54.76, 252, 68.48, 4, 10405
23649, 12950, 54.76, 252, 68.48, 4, 10406
23650, 12950, 54.76, 252, 68.48, 4, 10407
23651, 12950, 54.75, 252, 68.48, 4, 10408
23652, 12950, 54.75, 252, 68.48, 4, 10409
23653, 12951, 54.75, 252, 68.48, 4, 10409
23654, 12952, 54.76, 252, 68.48, 4, 10409
23655, 12952, 54.75, 252, 68.48, 4, 10410
23656, 12953, 54.76, 252, 68.48, 4, 10410
23657, 12954, 54.76, 252, 68.48, 4, 10410
23658, 12954, 54.76, 252, 68.48, 4, 10411
23659, 12955, 54.76, 252, 68.48, 4, 10411
23660, 12955, 54.75, 252, 68.48, 4, 10412
23661, 12955, 54.75, 252, 68.48, 4, 10413
23662, 12955, 54.75, 252, 68.48, 4, 10414
23663, 12955, 54.75, 252, 68.48, 4, 10415
23664, 12955, 54.75, 252, 68.48, 4, 10416
23665, 12955, 54.74, 252, 68.48, 4, 10417
23666, 12956, 54.75, 252, 68.48, 4, 10417
23667, 12957, 54.75, 252, 68.48, 4, 10417
23668, 12957, 54.74, 252, 68.48, 4, 10418
23669, 12958, 54.75, 252, 68.48, 4, 10418
23670, 12958, 54.74, 252, 68.48, 4, 10419
23671, 12959, 54.75, 252, 68.48, 4, 10419
23672, 12960, 54.75, 252, 68.48, 4, 10419
23673, 12961, 54.75, 252, 68.48, 4, 10419
23674, 12962, 54.75, 252, 68.48, 4, 10419
23675, 12963, 54.75, 252, 68.48, 4, 10419
23676, 12963, 54.75, 252, 68.48, 4, 10420
23677, 12963, 54.75, 252, 68.48, 4, 10421
23678, 12964, 54.75, 252, 68.48, 4, 10421
23679, 12965, 54.75, 252, 68.48, 4, 10421
23680, 12966, 54.76, 252, 68.48, 4, 10421
23681, 12967, 54.76, 252, 68.48, 4, 10421
23682, 12968, 54.76, 252, 68.48, 4, 10421
23683, 12969, 54.76, 252, 68.48, 4, 10421
23684, 12970, 54.76, 252, 68.48, 4, 10421
23685, 12971, 54.76, 252, 68.48, 4, 10421
23686, 12972, 54.77, 252, 68.48, 4, 10421
23687, 12972, 54.76, 252, 68.48, 4, 10422
23688, 12973, 54.77, 252, 68.48, 4, 10422
23689, 12973, 54.76, 252, 68.48, 4, 10423
23690, 12974, 54.77, 252, 68.48, 4, 10423
23691, 12974, 54.76, 252, 68.48, 4, 10424
23692, 12975, 54.77, 252, 68.48, 4, 10424
23693, 12976, 54.77, 252, 68.48, 4, 10424
23694, 12976, 54.76, 252, 68.48, 4, 10425
23695, 12977, 54.77, 252, 68.48, 4, 10425
23696, 12977, 54.76, 252, 68.48, 4, 10426
23697, 12978, 54.77, 252, 68.48, 4, 10426
23698, 12978, 54.76, 252, 68.48, 4, 10427
23699, 12979, 54.77, 252, 68.48, 4, 10427
23700, 12980, 54.77, 252, 68.48, 4, 10427
23701, 12981, 54.77, 252, 68.48, 4, 10427
23702, 12982, 54.77, 252, 68.48, 4, 10427
23703, 12982, 54.77, 252, 68.48, 4, 10428
23704, 12983, 54.77, 252, 68.48, 4, 10428
23705, 12984, 54.77, 252, 68.48, 4, 10428
23706, 12984, 54.77, 252, 68.48, 4, 10429
23707, 12985, 54.77, 252, 68.48, 4, 10429
23708, 12986, 54.77, 252, 68.48, 4, 10429
23709, 12987, 54.78, 252, 68.48, 4, 10429
23710, 12988, 54.78, 252, 68.48, 4, 10429
23711, 12989, 54.78, 252, 68.48, 4, 10429
23712, 12990, 54.78, 252, 68.48, 4, 10429
23713, 12990, 54.78, 252, 68.48, 4, 10430
23714, 12990, 54.78, 252, 68.48, 4, 10431
23715, 12991, 54.78, 252, 68.48, 4, 10431
23716, 12991, 54.78, 252, 68.48, 4, 10432
23717, 12991, 54.78, 252, 68.48, 4, 10433
23718, 12992, 54.78, 252, 68.48, 4, 10433
23719, 12993, 54.78, 252, 68.48, 4, 10433
23720, 12993, 54.78, 252, 68.48, 4, 10434
23721, 12993, 54.77, 252, 68.48, 4, 10435
23722, 12994, 54.78, 252, 68.48, 4, 10435
23723, 12994, 54.77, 252, 68.48, 4, 10436
23724, 12995, 54.78, 252, 68.48, 4, 10436
23725, 12996, 54.78, 252, 68.48, 4, 10436
23726, 12997, 54.78, 252, 68.48, 4, 10436
23727, 12997, 54.78, 252, 68.48, 4, 10437
23728, 12997, 54.77, 252, 68.48, 4, 10438
23729, 12998, 54.78, 252, 68.48, 4, 10438
23730, 12999, 54.78, 252, 68.48, 4, 10438
23731, 13000, 54.78, 252, 68.48, 4, 10438
23732, 13001, 54.78, 252, 68.48, 4, 10438
23733, 13002, 54.78, 252, 68.48, 4, 10438
23734, 13002, 54.78, 252, 68.48, 4, 10439
23735, 13003, 54.78, 252, 68.48, 4, 10439
23736, 13004, 54.79, 252, 68.48, 4, 10439
23737, 13005, 54.79, 252, 68.48, 4, 10439
23738, 13005, 54.79, 252, 68.48, 4, 10440
23739, 13005, 54.78, 252, 68.48, 4, 10441
23740, 13005, 54.78, 252, 68.48, 4, 10442
23741, 13006, 54.78, 252, 68.48, 4, 10442
23742, 13006, 54.78, 252, 68.48, 4, 10443
23743, 13006, 54.78, 252, 68.48, 4, 10444
23744, 13007, 54.78, 252, 68.48, 4, 10444
23745, 13007, 54.78, 252, 68.48, 4, 10445
23746, 13007, 54.78, 252, 68.48, 4, 10446
23747, 13007, 54.77, 252, 68.48, 4, 10447
23748, 13008, 54.78, 252, 68.48, 4, 10447
23749, 13009, 54.78, 252, 68.48, 4, 10447
23750, 13009, 54.77, 252, 68.48, 4, 10448
23751, 13009, 54.77, 252, 68.48, 4, 10449
23752, 13010, 54.77, 252, 68.48, 4, 10449
23753, 13011, 54.78, 252, 68.48, 4, 10449
23754, 13012, 54.78, 252, 68.48, 4, 10449
23755, 13013, 54.78, 252, 68.48, 4, 10449
23756, 13013, 54.78, 252, 68.48, 4, 10450
23757, 13014, 54.78, 252, 68.48, 4, 10450
23758, 13014, 54.78, 252, 68.48, 4, 10451
23759, 13015, 54.78, 252, 68.48, 4, 10451
23760, 13016, 54.78, 252, 68.48, 4, 10451
23761, 13016, 54.78, 252, 68.48, 4, 10452
23762, 13016, 54.78, 252, 68.48, 4, 10453
23763, 13016, 54.77, 252, 68.48, 4, 10454
23764, 13017, 54.78, 252, 68.48, 4, 10454
23765, 13018, 54.78, 252, 68.48, 4, 10454
23766, 13019, 54.78, 252, 68.48, 4, 10454
23767, 13020, 54.78, 252, 68.48, 4, 10454
23768, 13020, 54.78, 252, 68.48, 4, 10455
23769, 13021, 54.78, 252, 68.48, 4, 10455
23770, 13022, 54.78, 252, 68.48, 4, 10455
23771, 13023, 54.79, 252, 68.48, 4, 10455
23772, 13023, 54.78, 252, 68.48, 4, 10456
23773, 13024, 54.78, 252, 68.48, 4, 10456
23774, 13024, 54.78, 252, 68.48, 4, 10457
23775, 13025, 54.78, 252, 68.48, 4, 10457
23776, 13025, 54.78, 252, 68.48, 4, 10458
23777, 13026, 54.78, 252, 68.48, 4, 10458
23778, 13027, 54.79, 252, 68.48, 4, 10458
23779, 13027, 54.78, 252, 68.48, 4, 10459
23780, 13027, 54.78, 252, 68.48, 4, 10460
23781, 13028, 54.78, 252, 68.48, 4, 10460
23782, 13029, 54.79, 252, 68.48, 4, 10460
23783, 13030, 54.79, 252, 68.48, 4, 10460
23784, 13031, 54.79, 252, 68.48, 4, 10460
23785, 13031, 54.79, 252, 68.48, 4, 10461
23786, 13031, 54.78, 252, 68.48, 4, 10462
23787, 13031, 54.78, 252, 68.48, 4, 10463
23788, 13032, 54.78, 252, 68.48, 4, 10463
23789, 13033, 54.79, 252, 68.48, 4, 10463
23790, 13034, 54.79, 252, 68.48, 4, 10463
23791, 13035, 54.79, 252, 68.48, 4, 10463
23792, 13035, 54.79, 252, 68.48, 4, 10464
23793, 13036, 54.79, 252, 68.48, 4, 10464
23794, 13037, 54.79, 252, 68.48, 4, 10464
23795, 13038, 54.79, 252, 68.48, 4, 10464
23796, 13038, 54.79, 252, 68.48, 4, 10465
23797, 13039, 54.79, 252, 68.48, 4, 10465
23798, 13040, 54.79, 252, 68.48, 4, 10465
23799, 13041, 54.80, 252, 68.48, 4, 10465
23800, 13041, 54.79, 252, 68.48, 4, 10466
23801, 13042, 54.80, 252, 68.48, 4, 10466
23802, 13042, 54.79, 252, 68.48, 4, 10467
23803, 13043, 54.80, 252, 68.48, 4, 10467
23804, 13044, 54.80, 252, 68.48, 4, 10467
23805, 13045, 54.80, 252, 68.48, 4, 10467
23806, 13046, 54.80, 252, 68.48, 4, 10467
23807, 13046, 54.80, 252, 68.48, 4, 10468
23808, 13046, 54.80, 252, 68.48, 4, 10469
23809, 13047, 54.80, 252, 68.48, 4, 10469
23810, 13047, 54.80, 252, 68.48, 4, 10470
23811, 13048, 54.80, 252, 68.48, 4, 10470
23812, 13048, 54.80, 252, 68.48, 4, 10471
23813, 13049, 54.80, 252, 68.48, 4, 10471
23814, 13050, 54.80, 252, 68.48, 4, 10471
23815, 13050, 54.80, 252, 68.48, 4, 10472
23816, 13050, 54.80, 252, 68.48, 4, 10473
23817, 13050, 54.79, 252, 68.48, 4, 10474
23818, 13051, 54.79, 252, 68.48, 4, 10474
23819, 13051, 54.79, 252, 68.48, 4, 10475
23820, 13052, 54.79, 252, 68.48, 4, 10475
23821, 13053, 54.80, 252, 68.48, 4, 10475
23822, 13053, 54.79, 252, 68.48, 4, 10476
23823, 13053, 54.79, 252, 68.48, 4, 10477
23824, 13054, 54.79, 252, 68.48, 4, 10477
23825, 13055, 54.80, 252, 68.48, 4, 10477
23826, 13056, 54.80, 252, 68.48, 4, 10477
23827, 13057, 54.80, 252, 68.48, 4, 10477
23828, 13058, 54.80, 252, 68.48, 4, 10477
23829, 13058, 54.80, 252, 68.48, 4, 10478
23830, 13058, 54.80, 252, 68.48, 4, 10479
23831, 13059, 54.80, 252, 68.48, 4, 10479
23832, 13059, 54.80, 252, 68.48, 4, 10480
23833, 13060, 54.80, 252, 68.48, 4, 10480
23834, 13060, 54.80, 252, 68.48, 4, 10481
23835, 13061, 54.80, 252, 68.48, 4, 10481
23836, 13062, 54.80, 252, 68.48, 4, 10481
23837, 13063, 54.80, 252, 68.48, 4, 10481
23838, 13064, 54.80, 252, 68.48, 4, 10481
23839, 13065, 54.81, 252, 68.48, 4, 10481
23840, 13066, 54.81, 252, 68.48, 4, 10481
23841, 13067, 54.81, 252, 68.48, 4, 10481
23842, 13068, 54.81, 252, 68.48, 4, 10481
23843, 13068, 54.81, 252, 68.48, 4, 10482
23844, 13068, 54.81, 252, 68.48, 4, 10483
23845, 13068, 54.80, 252, 68.48, 4, 10484
23846, 13069, 54.81, 252, 68.48, 4, 10484
23847, 13070, 54.81, 252, 68.48, 4, 10484
23848, 13071, 54.81, 252, 68.48, 4, 10484
23849, 13072, 54.81, 252, 68.48, 4, 10484
23850, 13072, 54.81, 252, 68.48, 4, 10485
23851, 13072, 54.81, 252, 68.48, 4, 10486
23852, 13072, 54.80, 252, 68.48, 4, 10487
23853, 13073, 54.81, 252, 68.48, 4, 10487
23854, 13074, 54.81, 252, 68.48, 4, 10487
23855, 13074, 54.81, 252, 68.48, 4, 10488
23856, 13075, 54.81, 252, 68.48, 4, 10488
23857, 13076, 54.81, 252, 68.48, 4, 10488
23858, 13077, 54.81, 252, 68.48, 4, 10488
23859, 13078, 54.81, 252, 68.48, 4, 10488
23860, 13078, 54.81, 252, 68.48, 4, 10489
23861, 13079, 54.81, 252, 68.48, 4, 10489
23862, 13079, 54.81, 252, 68.48, 4, 10490
23863, 13080, 54.81, 252, 68.48, 4, 10490
23864, 13081, 54.81, 252, 68.48, 4, 10490
23865, 13082, 54.82, 252, 68.48, 4, 10490
23866, 13083, 54.82, 252, 68.48, 4, 10490
23867, 13084, 54.82, 252, 68.48, 4, 10490
23868, 13084, 54.82, 252, 68.48, 4, 10491
23869, 13084, 54.82, 252, 68.48, 4, 10492
23870, 13084, 54.81, 252, 68.48, 4, 10493
23871, 13084, 54.81, 252, 68.48, 4, 10494
23872, 13084, 54.81, 252, 68.48, 4, 10495
23873, 13085, 54.81, 252, 68.48, 4, 10495
23874, 13085, 54.81, 252, 68.48, 4, 10496
23875, 13086, 54.81, 252, 68.48, 4, 10496
23876, 13086, 54.81, 252, 68.48, 4, 10497
23877, 13087, 54.81, 252, 68.48, 4, 10497
23878, 13087, 54.81, 252, 68.48, 4, 10498
23879, 13087, 54.81, 252, 68.48, 4, 10499
23880, 13088, 54.81, 252, 68.48, 4, 10499
23881, 13088, 54.81, 252, 68.48, 4, 10500
23882, 13088, 54.80, 252, 68.48, 4, 10501
23883, 13088, 54.80, 252, 68.48, 4, 10502
23884, 13088, 54.80, 252, 68.48, 4, 10503
23885, 13088, 54.80, 252, 68.48, 4, 10504
23886, 13089, 54.80, 252, 68.48, 4, 10504
23887, 13090, 54.80, 252, 68.48, 4, 10504
23888, 13091, 54.80, 252, 68.48, 4, 10504
23889, 13092, 54.80, 252, 68.48, 4, 10504
23890, 13093, 54.81, 252, 68.48, 4, 10504
23891, 13094, 54.81, 252, 68.48, 4, 10504
23892, 13095, 54.81, 252, 68.48, 4, 10504
23893, 13096, 54.81, 252, 68.48, 4, 10504
23894, 13096, 54.81, 252, 68.48, 4, 10505
23895, 13096, 54.81, 252, 68.48, 4, 10506
23896, 13097, 54.81, 252, 68.48, 4, 10506
23897, 13097, 54.81, 252, 68.48, 4, 10507
23898, 13098, 54.81, 252, 68.48, 4, 10507
23899, 13099, 54.81, 252, 68.48, 4, 10507
23900, 13100, 54.81, 252, 68.48, 4, 10507
23901, 13100, 54.81, 252, 68.48, 4, 10508
23902, 13101, 54.81, 252, 68.48, 4, 10508
23903, 13101, 54.81, 252, 68.48, 4, 10509
23904, 13101, 54.81, 252, 68.48, 4, 10510
23905, 13102, 54.81, 252, 68.48, 4, 10510
23906, 13102, 54.81, 252, 68.48, 4, 10511
23907, 13102, 54.80, 252, 68.48, 4, 10512
23908, 13102, 54.80, 252, 68.48, 4, 10513
23909, 13102, 54.80, 252, 68.48, 4, 10514
23910, 13102, 54.80, 252, 68.48, 4, 10515
23911, 13102, 54.79, 252, 68.48, 4, 10516
23912, 13102, 54.79, 252, 68.48, 4, 10517
23913, 13103, 54.79, 252, 68.48, 4, 10517
23914, 13104, 54.80, 252, 68.48, 4, 10517
23915, 13104, 54.79, 252, 68.48, 4, 10518
23916, 13104, 54.79, 252, 68.48, 4, 10518
23917, 13104, 54.79, 252, 68.48, 4, 10518
23918, 13105, 54.79, 252, 68.48, 4, 10518
23919, 13106, 54.79, 252, 68.48, 4, 10518
23920, 13106, 54.79, 252, 68.48, 4, 10519
23921, 13106, 54.79, 252, 68.48, 4, 10520
23922, 13106, 54.79, 252, 68.48, 4, 10521
23923, 13107, 54.79, 252, 68.48, 4, 10521
23924, 13107, 54.79, 252, 68.48, 4, 10522
23925, 13107, 54.78, 252, 68.48, 4, 10523
23926, 13108, 54.79, 252, 68.48, 4, 10523
23927, 13108, 54.78, 252, 68.48, 4, 10524
23928, 13109, 54.79, 252, 68.48, 4, 10524
23929, 13110, 54.79, 252, 68.48, 4, 10524
23930, 13111, 54.79, 252, 68.48, 4, 10524
23931, 13111, 54.79, 252, 68.48, 4, 10525
23932, 13112, 54.79, 252, 68.48, 4, 10525
23933, 13112, 54.79, 252, 68.48, 4, 10526
23934, 13113, 54.79, 252, 68.48, 4, 10526
23935, 13113, 54.79, 252, 68.48, 4, 10527
23936, 13113, 54.78, 252, 68.48, 4, 10528
23937, 13113, 54.78, 252, 68.48, 4, 10529
23938, 13113, 54.78, 252, 68.48, 4, 10530
23939, 13113, 54.78, 252, 68.48, 4, 10531
23940, 13113, 54.77, 252, 68.48, 4, 10532
23941, 13114, 54.78, 252, 68.48, 4, 10532
23942, 13114, 54.77, 252, 68.48, 4, 10533
23943, 13115, 54.78, 252, 68.48, 4, 10533
23944, 13116, 54.78, 252, 68.48, 4, 10533
23945, 13117, 54.78, 252, 68.48, 4, 10533
23946, 13118, 54.78, 252, 68.48, 4, 10533
23947, 13118, 54.78, 252, 68.48, 4, 10534
23948, 13119, 54.78, 252, 68.48, 4, 10534
23949, 13120, 54.78, 252, 68.48, 4, 10534
23950, 13121, 54.78, 252, 68.48, 4, 10534
23951, 13122, 54.79, 252, 68.48, 4, 10534
23952, 13123, 54.79, 252, 68.48, 4, 10534
23953, 13124, 54.79, 252, 68.48, 4, 10534
23954, 13124, 54.79, 252, 68.48, 4, 10535
23955, 13124, 54.79, 252, 68.48, 4, 10536
23956, 13125, 54.79, 252, 68.48, 4, 10536
23957, 13126, 54.79, 252, 68.48, 4, 10536
23958, 13127, 54.79, 252, 68.48, 4, 10536
23959, 13128, 54.79, 252, 68.48, 4, 10536
23960, 13128, 54.79, 252, 68.48, 4, 10537
23961, 13128, 54.79, 252, 68.48, 4, 10538
23962, 13128, 54.79, 252, 68.48, 4, 10539
23963, 13128, 54.78, 252, 68.48, 4, 10540
23964, 13128, 54.78, 252, 68.48, 4, 10541
23965, 13129, 54.78, 252, 68.48, 4, 10541
23966, 13130, 54.79, 252, 68.48, 4, 10541
23967, 13131, 54.79, 252, 68.48, 4, 10541
23968, 13131, 54.79, 252, 68.48, 4, 10542
23969, 13132, 54.79, 252, 68.48, 4, 10542
23970, 13132, 54.79, 252, 68.48, 4, 10543
23971, 13132, 54.78, 252, 68.48, 4, 10544
23972, 13133, 54.78, 252, 68.48, 4, 10544
23973, 13134, 54.79, 252, 68.48, 4, 10544
23974, 13135, 54.79, 252, 68.48, 4, 10544
23975, 13135, 54.79, 252, 68.48, 4, 10545
23976, 13136, 54.79, 252, 68.48, 4, 10545
23977, 13136, 54.79, 252, 68.48, 4, 10546
23978, 13137, 54.79, 252, 68.48, 4, 10546
23979, 13138, 54.79, 252, 68.48, 4, 10546
23980, 13138, 54.79, 252, 68.48, 4, 10547
23981, 13139, 54.79, 252, 68.48, 4, 10547
23982, 13139, 54.79, 252, 68.48, 4, 10548
23983, 13139, 54.78, 252, 68.48, 4, 10549
23984, 13140, 54.79, 252, 68.48, 4, 10549
23985, 13140, 54.78, 252, 68.48, 4, 10549
23986, 13141, 54.79, 252, 68.48, 4, 10549
23987, 13141, 54.78, 252, 68.48, 4, 10550
23988, 13142, 54.79, 252, 68.48, 4, 10550
23989, 13143, 54.79, 252, 68.48, 4, 10550
23990, 13143, 54.79, 252, 68.48, 4, 10551
23991, 13143, 54.78, 252, 68.48, 4, 10552
23992, 13144, 54.78, 252, 68.48, 4, 10552
23993, 13144, 54.78, 252, 68.48, 4, 10553
23994, 13144, 54.78, 252, 68.48, 4, 10554
23995, 13144, 54.78, 252, 68.48, 4, 10555
23996, 13144, 54.78, 252, 68.48, 4, 10556
23997, 13145, 54.78, 252, 68.48, 4, 10556
23998, 13146, 54.78, 252, 68.48, 4, 10556
23999, 13146, 54.78, 252, 68.48, 4, 10557
24000, 13147, 54.78, 252, 68.48, 4, 10557
24001, 13148, 54.78, 252, 68.48, 4, 10557
24002, 13149, 54.78, 252, 68.48, 4, 10557
24003, 13150, 54.78, 252, 68.48, 4, 10557
24004, 13150, 54.78, 252, 68.48, 4, 10558
24005, 13151, 54.78, 252, 68.48, 4, 10558
24006, 13152, 54.79, 252, 68.48, 4, 10558
24007, 13152, 54.78, 252, 68.48, 4, 10559
24008, 13152, 54.78, 252, 68.48, 4, 10560
24009, 13152, 54.78, 252, 68.48, 4, 10561
24010, 13152, 54.78, 252, 68.48, 4, 10562
24011, 13152, 54.77, 252, 68.48, 4, 10563
24012, 13153, 54.78, 252, 68.48, 4, 10563
24013, 13154, 54.78, 252, 68.48, 4, 10563
24014, 13155, 54.78, 252, 68.48, 4, 10563
24015, 13156, 54.78, 252, 68.48, 4, 10563
24016, 13157, 54.78, 252, 68.48, 4, 10563
24017, 13158, 54.79, 252, 68.48, 4, 10563
24018, 13158, 54.78, 252, 68.48, 4, 10564
24019, 13159, 54.79, 252, 68.48, 4, 10564
24020, 13160, 54.79, 252, 68.48, 4, 10564
24021, 13160, 54.79, 252, 68.48, 4, 10565
24022, 13160, 54.78, 252, 68.48, 4, 10566
24023, 13161, 54.78, 252, 68.48, 4, 10566
24024, 13161, 54.78, 252, 68.48, 4, 10567
24025, 13161, 54.78, 252, 68.48, 4, 10568
24026, 13162, 54.78, 252, 68.48, 4, 10568
24027, 13162, 54.78, 252, 68.48, 4, 10569
24028, 13162, 54.78, 252, 68.48, 4, 10570
24029, 13163, 54.78, 252, 68.48, 4, 10570
24030, 13163, 54.78, 252, 68.48, 4, 10571
24031, 13163, 54.78, 252, 68.48, 4, 10572
24032, 13163, 54.77, 252, 68.48, 4, 10573
24033, 13164, 54.77, 252, 68.48, 4, 10573
24034, 13164, 54.77, 252, 68.48, 4, 10574
24035, 13165, 54.77, 252, 68.48, 4, 10574
24036, 13166, 54.78, 252, 68.48, 4, 10574
24037, 13166, 54.77, 252, 68.48, 4, 10575
24038, 13166, 54.77, 252, 68.48, 4, 10576
24039, 13167, 54.77, 252, 68.48, 4, 10576
24040, 13168, 54.78, 252, 68.48, 4, 10576
24041, 13168, 54.77, 252, 68.48, 4, 10577
24042, 13169, 54.77, 252, 68.48, 4, 10577
24043, 13170, 54.78, 252, 68.48, 4, 10577
24044, 13171, 54.78, 252, 68.48, 4, 10577
24045, 13172, 54.78, 252, 68.48, 4, 10577
24046, 13172, 54.78, 252, 68.48, 4, 10578
24047, 13173, 54.78, 252, 68.48, 4, 10578
24048, 13173, 54.78, 252, 68.48, 4, 10579
24049, 13174, 54.78, 252, 68.48, 4, 10579
24050, 13174, 54.78, 252, 68.48, 4, 10580
24051, 13175, 54.78, 252, 68.48, 4, 10580
24052, 13176, 54.78, 252, 68.48, 4, 10580
24053, 13177, 54.78, 252, 68.48, 4, 10580
24054, 13178, 54.79, 252, 68.48, 4, 10580
24055, 13178, 54.78, 252, 68.48, 4, 10581
24056, 13178, 54.78, 252, 68.48, 4, 10582
24057, 13178, 54.78, 252, 68.48, 4, 10583
24058, 13178, 54.78, 252, 68.48, 4, 10584
24059, 13178, 54.77, 252, 68.48, 4, 10585
24060, 13179, 54.78, 252, 68.48, 4, 10585
24061, 13179, 54.77, 252, 68.48, 4, 10586
24062, 13179, 54.77, 252, 68.48, 4, 10587
24063, 13180, 54.77, 252, 68.48, 4, 10587
24064, 13181, 54.77, 252, 68.48, 4, 10587
24065, 13181, 54.77, 252, 68.48, 4, 10588
24066, 13182, 54.77, 252, 68.48, 4, 10588
24067, 13182, 54.77, 252, 68.48, 4, 10589
24068, 13183, 54.77, 252, 68.48, 4, 10589
24069, 13183, 54.77, 252, 68.48, 4, 10590
24070, 13183, 54.77, 252, 68.48, 4, 10591
24071, 13183, 54.77, 252, 68.48, 4, 10592
24072, 13184, 54.77, 252, 68.48, 4, 10592
24073, 13185, 54.77, 252, 68.48, 4, 10592
24074, 13186, 54.77, 252, 68.48, 4, 10592
24075, 13187, 54.77, 252, 68.48, 4, 10592
24076, 13187, 54.77, 252, 68.48, 4, 10593
24077, 13187, 54.77, 252, 68.48, 4, 10594
24078, 13187, 54.77, 252, 68.48, 4, 10595
24079, 13188, 54.77, 252, 68.48, 4, 10595
24080, 13188, 54.77, 252, 68.48, 4, 10596
24081, 13189, 54.77, 252, 68.48, 4, 10596
24082, 13190, 54.77, 252, 68.48, 4, 10596
24083, 13191, 54.77, 252, 68.48, 4, 10596
24084, 13192, 54.77, 252, 68.48, 4, 10596
24085, 13193, 54.78, 252, 68.48, 4, 10596
24086, 13194, 54.78, 252, 68.48, 4, 10596
24087, 13194, 54.78, 252, 68.48, 4, 10597
24088, 13194, 54.77, 252, 68.48, 4, 10598
24089, 13195, 54.78, 252, 68.48, 4, 10598
24090, 13195, 54.77, 252, 68.48, 4, 10599
24091, 13195, 54.77, 252, 68.48, 4, 10600
24092, 13196, 54.77, 252, 68.48, 4, 10600
24093, 13196, 54.77, 252, 68.48, 4, 10601
24094, 13196, 54.77, 252, 68.48, 4, 10602
24095, 13197, 54.77, 252, 68.48, 4, 10602
24096, 13197, 54.77, 252, 68.48, 4, 10603
24097, 13197, 54.77, 252, 68.48, 4, 10604
24098, 13198, 54.77, 252, 68.48, 4, 10604
24099, 13199, 54.77, 252, 68.48, 4, 10604
24100, 13199, 54.77, 252, 68.48, 4, 10605
24101, 13199, 54.77, 252, 68.48, 4, 10606
24102, 13200, 54.77, 252, 68.48, 4, 10606
24103, 13201, 54.77, 252, 68.48, 4, 10606
24104, 13201, 54.77, 252, 68.48, 4, 10607
24105, 13201, 54.76, 252, 68.48, 4, 10608
24106, 13201, 54.76, 252, 68.48, 4, 10609
24107, 13201, 54.76, 252, 68.48, 4, 10610
24108, 13201, 54.76, 252, 68.48, 4, 10611
24109, 13202, 54.76, 252, 68.48, 4, 10611
24110, 13203, 54.76, 252, 68.48, 4, 10611
24111, 13203, 54.76, 252, 68.48, 4, 10612
24112, 13204, 54.76, 252, 68.48, 4, 10612
24113, 13204, 54.76, 252, 68.48, 4, 10613
24114, 13205, 54.76, 252, 68.48, 4, 10613
24115, 13206, 54.76, 252, 68.48, 4, 10613
24116, 13207, 54.76, 252, 68.48, 4, 10613
24117, 13208, 54.77, 252, 68.48, 4, 10613
24118, 13209, 54.77, 252, 68.48, 4, 10613
24119, 13210, 54.77, 252, 68.48, 4, 10613
24120, 13210, 54.77, 252, 68.48, 4, 10614
24121, 13210, 54.77, 252, 68.48, 4, 10615
24122, 13211, 54.77, 252, 68.48, 4, 10615
24123, 13211, 54.77, 252, 68.48, 4, 10616
24124, 13212, 54.77, 252, 68.48, 4, 10616
24125, 13213, 54.77, 252, 68.48, 4, 10616
24126, 13214, 54.77, 252, 68.48, 4, 10616
24127, 13215, 54.77, 252, 68.48, 4, 10616
24128, 13216, 54.77, 252, 68.48, 4, 10616
24129, 13217, 54.78, 252, 68.48, 4, 10616
24130, 13217, 54.77, 252, 68.48, 4, 10617
24131, 13217, 54.77, 252, 68.48, 4, 10618
24132, 13218, 54.77, 252, 68.48, 4, 10618
24133, 13218, 54.77, 252, 68.48, 4, 10619
24134, 13218, 54.77, 252, 68.48, 4, 10620
24135, 13219, 54.77, 252, 68.48, 4, 10620
24136, 13220, 54.77, 252, 68.48, 4, 10620
24137, 13220, 54.77, 252, 68.48, 4, 10621
24138, 13220, 54.77, 252, 68.48, 4, 10622
24139, 13221, 54.77, 252, 68.48, 4, 10622
24140, 13221, 54.77, 252, 68.48, 4, 10623
24141, 13222, 54.77, 252, 68.48, 4, 10623
24142, 13223, 54.77, 252, 68.48, 4, 10623
24143, 13223, 54.77, 252, 68.48, 4, 10624
24144, 13223, 54.77, 252, 68.48, 4, 10625
24145, 13224, 54.77, 252, 68.48, 4, 10625
24146, 13224, 54.77, 252, 68.48, 4, 10626
24147, 13224, 54.76, 252, 68.48, 4, 10627
24148, 13224, 54.76, 252, 68.48, 4, 10628
24149, 13224, 54.76, 252, 68.48, 4, 10629
24150, 13224, 54.76, 252, 68.48, 4, 10630
24151, 13225, 54.76, 252, 68.48, 4, 10630
24152, 13225, 54.76, 252, 68.48, 4, 10631
24153, 13226, 54.76, 252, 68.48, 4, 10631
24154, 13226, 54.76, 252, 68.48, 4, 10632
24155, 13227, 54.76, 252, 68.48, 4, 10632
24156, 13228, 54.76, 252, 68.48, 4, 10632
24157, 13229, 54.76, 252, 68.48, 4, 10632
24158, 13229, 54.76, 252, 68.48, 4, 10633
24159, 13229, 54.76, 252, 68.48, 4, 10634
24160, 13229, 54.76, 252, 68.48, 4, 10635
24161, 13230, 54.76, 252, 68.48, 4, 10635
24162, 13230, 54.76, 252, 68.48, 4, 10636
24163, 13231, 54.76, 252, 68.48, 4, 10636
24164, 13231, 54.76, 252, 68.48, 4, 10637
24165, 13231, 54.75, 252, 68.48, 4, 10638
24166, 13231, 54.75, 252, 68.48, 4, 10639
24167, 13231, 54.75, 252, 68.48, 4, 10640
24168, 13232, 54.75, 252, 68.48, 4, 10640
24169, 13233, 54.75, 252, 68.48, 4, 10640
24170, 13234, 54.75, 252, 68.48, 4, 10640
24171, 13235, 54.76, 252, 68.48, 4, 10640
24172, 13236, 54.76, 252, 68.48, 4, 10640
24173, 13236, 54.76, 252, 68.48, 4, 10641
24174, 13237, 54.76, 252, 68.48, 4, 10641
24175, 13238, 54.76, 252, 68.48, 4, 10641
24176, 13239, 54.76, 252, 68.48, 4, 10641
24177, 13240, 54.76, 252, 68.48, 4, 10641
24178, 13240, 54.76, 252, 68.48, 4, 10642
24179, 13241, 54.76, 252, 68.48, 4, 10642
24180, 13242, 54.76, 252, 68.48, 4, 10642
24181, 13243, 54.77, 252, 68.48, 4, 10642
24182, 13243, 54.76, 252, 68.48, 4, 10643
24183, 13244, 54.77, 252, 68.48, 4, 10643
24184, 13245, 54.77, 252, 68.48, 4, 10643
24185, 13245, 54.77, 252, 68.48, 4, 10644
24186, 13245, 54.76, 252, 68.48, 4, 10645
24187, 13246, 54.76, 252, 68.48, 4, 10645
24188, 13246, 54.76, 252, 68.48, 4, 10646
24189, 13246, 54.76, 252, 68.48, 4, 10647
24190, 13246, 54.76, 252, 68.48, 4, 10648
24191, 13246, 54.76, 252, 68.48, 4, 10649
24192, 13247, 54.76, 252, 68.48, 4, 10649
24193, 13247, 54.76, 252, 68.48, 4, 10650
24194, 13248, 54.76, 252, 68.48, 4, 10650
24195, 13249, 54.76, 252, 68.48, 4, 10650
24196, 13249, 54.76, 252, 68.48, 4, 10651
24197, 13250, 54.76, 252, 68.48, 4, 10651
24198, 13251, 54.76, 252, 68.48, 4, 10651
24199, 13252, 54.76, 252, 68.48, 4, 10651
24200, 13252, 54.76, 252, 68.48, 4, 10652
24201, 13252, 54.76, 252, 68.48, 4, 10653
24202, 13253, 54.76, 252, 68.48, 4, 10653
24203, 13253, 54.76, 252, 68.48, 4, 10654
24204, 13253, 54.76, 252, 68.48, 4, 10655
24205, 13253, 54.75, 252, 68.48, 4, 10656
24206, 13254, 54.76, 252, 68.48, 4, 10656
24207, 13255, 54.76, 252, 68.48, 4, 10656
24208, 13256, 54.76, 252, 68.48, 4, 10656
24209, 13257, 54.76, 252, 68.48, 4, 10656
24210, 13258, 54.76, 252, 68.48, 4, 10656
24211, 13258, 54.76, 252, 68.48, 4, 10657
24212, 13258, 54.76, 252, 68.48, 4, 10658
24213, 13259, 54.76, 252, 68.48, 4, 10658
24214, 13260, 54.76, 252, 68.48, 4, 10658
24215, 13261, 54.76, 252, 68.48, 4, 10658
24216, 13262, 54.77, 252, 68.48, 4, 10658
24217, 13262, 54.76, 252, 68.48, 4, 10659
24218, 13262, 54.76, 252, 68.48, 4, 10660
24219, 13263, 54.76, 252, 68.48, 4, 10660
24220, 13264, 54.76, 252, 68.48, 4, 10660
24221, 13264, 54.76, 252, 68.48, 4, 10661
24222, 13264, 54.76, 252, 68.48, 4, 10662
24223, 13265, 54.76, 252, 68.48, 4, 10662
24224, 13266, 54.76, 252, 68.48, 4, 10662
24225, 13266, 54.76, 252, 68.48, 4, 10663
24226, 13266, 54.76, 252, 68.48, 4, 10664
24227, 13266, 54.76, 252, 68.48, 4, 10665
24228, 13267, 54.76, 252, 68.48, 4, 10665
24229, 13267, 54.76, 252, 68.48, 4, 10666
24230, 13268, 54.76, 252, 68.48, 4, 10666
24231, 13269, 54.76, 252, 68.48, 4, 10666
24232, 13270, 54.76, 252, 68.48, 4, 10666
24233, 13271, 54.76, 252, 68.48, 4, 10666
24234, 13272, 54.77, 252, 68.48, 4, 10666
24235, 13273, 54.77, 252, 68.48, 4, 10666
24236, 13274, 54.77, 252, 68.48, 4, 10666
24237, 13274, 54.77, 252, 68.48, 4, 10667
24238, 13274, 54.77, 252, 68.48, 4, 10668
24239, 13274, 54.76, 252, 68.48, 4, 10669
24240, 13274, 54.76, 252, 68.48, 4, 10670
24241, 13274, 54.76, 252, 68.48, 4, 10671
24242, 13274, 54.76, 252, 68.48, 4, 10672
24243, 13274, 54.75, 252, 68.48, 4, 10673
24244, 13274, 54.75, 252, 68.48, 4, 10674
24245, 13274, 54.75, 252, 68.48, 4, 10675
24246, 13275, 54.75, 252, 68.48, 4, 10675
24247, 13275, 54.75, 252, 68.48, 4, 10676
24248, 13276, 54.75, 252, 68.48, 4, 10676
24249, 13276, 54.75, 252, 68.48, 4, 10677
24250, 13276, 54.75, 252, 68.48, 4, 10678
24251, 13277, 54.75, 252, 68.48, 4, 10678
24252, 13278, 54.75, 252, 68.48, 4, 10678
24253, 13279, 54.75, 252, 68.48, 4, 10678
24254, 13279, 54.75, 252, 68.48, 4, 10679
24255, 13279, 54.75, 252, 68.48, 4, 10680
24256, 13280, 54.75, 252, 68.48, 4, 10680
24257, 13281, 54.75, 252, 68.48, 4, 10680
24258, 13281, 54.75, 252, 68.48, 4, 10681
24259, 13281, 54.75, 252, 68.48, 4, 10682
24260, 13282, 54.75, 252, 68.48, 4, 10682
24261, 13282, 54.75, 252, 68.48, 4, 10683
24262, 13282, 54.74, 252, 68.48, 4, 10684
24263, 13283, 54.75, 252, 68.48, 4, 10684
24264, 13284, 54.75, 252, 68.48, 4, 10684
24265, 13284, 54.75, 252, 68.48, 4, 10685
24266, 13284, 54.74, 252, 68.48, 4, 10686
24267, 13284, 54.74, 252, 68.48, 4, 10687
24268, 13284, 54.74, 252, 68.48, 4, 10688
24269, 13285, 54.74, 252, 68.48, 4, 10688
24270, 13285, 54.74, 252, 68.48, 4, 10689
24271, 13286, 54.74, 252, 68.48, 4, 10689
24272, 13287, 54.74, 252, 68.48, 4, 10689
24273, 13288, 54.74, 252, 68.48, 4, 10689
24274, 13289, 54.75, 252, 68.48, 4, 10689
24275, 13289, 54.74, 252, 68.48, 4, 10690
24276, 13289, 54.74, 252, 68.48, 4, 10691
24277, 13290, 54.74, 252, 68.48, 4, 10691
24278, 13291, 54.75, 252, 68.48, 4, 10691
24279, 13291, 54.74, 252, 68.48, 4, 10692
24280, 13292, 54.74, 252, 68.48, 4, 10692
24281, 13293, 54.75, 252, 68.48, 4, 10692
24282, 13294, 54.75, 252, 68.48, 4, 10692
24283, 13294, 54.75, 252, 68.48, 4, 10693
24284, 13294, 54.74, 252, 68.48, 4, 10694
24285, 13294, 54.74, 252, 68.48, 4, 10695
24286, 13295, 54.74, 252, 68.48, 4, 10695
24287, 13295, 54.74, 252, 68.48, 4, 10696
24288, 13295, 54.74, 252, 68.48, 4, 10697
24289, 13296, 54.74, 252, 68.48, 4, 10697
24290, 13297, 54.74, 252, 68.48, 4, 10697
24291, 13298, 54.74, 252, 68.48, 4, 10697
24292, 13298, 54.74, 252, 68.48, 4, 10698
24293, 13298, 54.74, 252, 68.48, 4, 10699
24294, 13298, 54.74, 252, 68.48, 4, 10700
24295, 13299, 54.74, 252, 68.48, 4, 10700
24296, 13300, 54.74, 252, 68.48, 4, 10700
24297, 13300, 54.74, 252, 68.48, 4, 10701
24298, 13301, 54.74, 252, 68.48, 4, 10701
24299, 13301, 54.74, 252, 68.48, 4, 10702
24300, 13302, 54.74, 252, 68.48, 4, 10702
24301, 13303, 54.74, 252, 68.48, 4, 10702
24302, 13304, 54.74, 252, 68.48, 4, 10702
24303, 13304, 54.74, 252, 68.48, 4, 10703
24304, 13304, 54.74, 252, 68.48, 4, 10704
24305, 13304, 54.74, 252, 68.48, 4, 10705
24306, 13304, 54.74, 252, 68.48, 4, 10706
24307, 13304, 54.73, 252, 68.48, 4, 10707
24308, 13304, 54.73, 252, 68.48, 4, 10708
24309, 13305, 54.73, 252, 68.48, 4, 10708
24310, 13306, 54.73, 252, 68.48, 4, 10708
24311, 13307, 54.74, 252, 68.48, 4, 10708
24312, 13308, 54.74, 252, 68.48, 4, 10708
24313, 13309, 54.74, 252, 68.48, 4, 10708
24314, 13309, 54.74, 252, 68.48, 4, 10709
24315, 13310, 54.74, 252, 68.48, 4, 10709
24316, 13310, 54.74, 252, 68.48, 4, 10710
24317, 13310, 54.74, 252, 68.48, 4, 10711
24318, 13311, 54.74, 252, 68.48, 4, 10711
24319, 13311, 54.73, 252, 68.48, 4, 10712
24320, 13311, 54.73, 252, 68.48, 4, 10713
24321, 13311, 54.73, 252, 68.48, 4, 10714
24322, 13311, 54.73, 252, 68.48, 4, 10715
24323, 13311, 54.73, 252, 68.48, 4, 10716
24324, 13312, 54.73, 252, 68.48, 4, 10716
24325, 13313, 54.73, 252, 68.48, 4, 10716
24326, 13314, 54.73, 252, 68.48, 4, 10716
24327, 13314, 54.73, 252, 68.48, 4, 10717
24328, 13315, 54.73, 252, 68.48, 4, 10717
24329, 13315, 54.73, 252, 68.48, 4, 10718
24330, 13315, 54.73, 252, 68.48, 4, 10719
24331, 13316, 54.73, 252, 68.48, 4, 10719
24332, 13316, 54.73, 252, 68.48, 4, 10720
24333, 13316, 54.72, 252, 68.48, 4, 10721
24334, 13317, 54.73, 252, 68.48, 4, 10721
24335, 13317, 54.72, 252, 68.48, 4, 10722
24336, 13318, 54.73, 252, 68.48, 4, 10722
24337, 13319, 54.73, 252, 68.48, 4, 10722
24338, 13320, 54.73, 252, 68.48, 4, 10722
24339, 13320, 54.73, 252, 68.48, 4, 10723
24340, 13320, 54.72, 252, 68.48, 4, 10724
24341, 13320, 54.72, 252, 68.48, 4, 10725
24342, 13320, 54.72, 252, 68.48, 4, 10726
24343, 13320, 54.72, 252, 68.48, 4, 10727
24344, 13320, 54.72, 252, 68.48, 4, 10728
24345, 13321, 54.72, 252, 68.48, 4, 10728
24346, 13322, 54.72, 252, 68.48, 4, 10728
24347, 13322, 54.72, 252, 68.48, 4, 10729
24348, 13322, 54.71, 252, 68.48, 4, 10729
24349, 13322, 54.71, 252, 68.48, 4, 10730
24350, 13322, 54.71, 252, 68.48, 4, 10731
24351, 13322, 54.71, 252, 68.48, 4, 10732
24352, 13322, 54.71, 252, 68.48, 4, 10733
24353, 13322, 54.70, 252, 68.48, 4, 10734
24354, 13323, 54.71, 252, 68.48, 4, 10734
24355, 13324, 54.71, 252, 68.48, 4, 10734
24356, 13324, 54.71, 252, 68.48, 4, 10735
24357, 13324, 54.70, 252, 68.48, 4, 10736
24358, 13324, 54.70, 252, 68.48, 4, 10737
24359, 13324, 54.70, 252, 68.48, 4, 10738
24360, 13325, 54.70, 252, 68.48, 4, 10738
24361, 13326, 54.70, 252, 68.48, 4, 10738
24362, 13327, 54.70, 252, 68.48, 4, 10738
24363, 13328, 54.71, 252, 68.48, 4, 10738
24364, 13329, 54.71, 252, 68.48, 4, 10738
24365, 13330, 54.71, 252, 68.48, 4, 10738
24366, 13331, 54.71, 252, 68.48, 4, 10738
24367, 13332, 54.71, 252, 68.48, 4, 10738
24368, 13332, 54.71, 252, 68.48, 4, 10739
24369, 13332, 54.71, 252, 68.48, 4, 10740
24370, 13332, 54.71, 252, 68.48, 4, 10741
24371, 13332, 54.70, 252, 68.48, 4, 10742
24372, 13333, 54.71, 252, 68.48, 4, 10742
24373, 13334, 54.71, 252, 68.48, 4, 10742
24374, 13334, 54.71, 252, 68.48, 4, 10743
24375, 13335, 54.71, 252, 68.48, 4, 10743
24376, 13336, 54.71, 252, 68.48, 4, 10743
24377, 13337, 54.71, 252, 68.48, 4, 10743
24378, 13337, 54.71, 252, 68.48, 4, 10744
24379, 13337, 54.71, 252, 68.48, 4, 10745
24380, 13337, 54.70, 252, 68.48, 4, 10746
24381, 13338, 54.71, 252, 68.48, 4, 10746
24382, 13338, 54.70, 252, 68.48, 4, 10747
24383, 13339, 54.71, 252, 68.48, 4, 10747
24384, 13339, 54.70, 252, 68.48, 4, 10748
24385, 13340, 54.71, 252, 68.48, 4, 10748
24386, 13341, 54.71, 252, 68.48, 4, 10748
24387, 13341, 54.71, 252, 68.48, 4, 10748
24388, 13341, 54.70, 252, 68.48, 4, 10749
24389, 13341, 54.70, 252, 68.48, 4, 10750
24390, 13341, 54.70, 252, 68.48, 4, 10751
24391, 13342, 54.70, 252, 68.48, 4, 10751
24392, 13342, 54.70, 252, 68.48, 4, 10751
24393, 13342, 54.70, 252, 68.48, 4, 10752
24394, 13343, 54.70, 252, 68.48, 4, 10752
24395, 13343, 54.70, 252, 68.48, 4, 10753
24396, 13343, 54.69, 252, 68.48, 4, 10754
24397, 13344, 54.70, 252, 68.48, 4, 10754
24398, 13344, 54.69, 252, 68.48, 4, 10755
24399, 13345, 54.69, 252, 68.48, 4, 10755
24400, 13345, 54.69, 252, 68.48, 4, 10756
24401, 13345, 54.69, 252, 68.48, 4, 10757
24402, 13346, 54.69, 252, 68.48, 4, 10757
24403, 13346, 54.69, 252, 68.48, 4, 10758
24404, 13346, 54.69, 252, 68.48, 4, 10759
24405, 13346, 54.69, 252, 68.48, 4, 10760
24406, 13347, 54.69, 252, 68.48, 4, 10760
24407, 13347, 54.69, 252, 68.48, 4, 10761
24408, 13347, 54.68, 252, 68.48, 4, 10762
24409, 13348, 54.68, 252, 68.48, 4, 10762
24410, 13348, 54.68, 252, 68.48, 4, 10763
24411, 13348, 54.68, 252, 68.48, 4, 10764
24412, 13348, 54.68, 252, 68.48, 4, 10765
24413, 13349, 54.68, 252, 68.48, 4, 10765
24414, 13349, 54.68, 252, 68.48, 4, 10766
24415, 13349, 54.68, 252, 68.48, 4, 10767
24416, 13349, 54.67, 252, 68.48, 4, 10768
24417, 13350, 54.68, 252, 68.48, 4, 10768
24418, 13351, 54.68, 252, 68.48, 4, 10768
24419, 13352, 54.68, 252, 68.48, 4, 10768
24420, 13352, 54.68, 252, 68.48, 4, 10769
24421, 13352, 54.67, 252, 68.48, 4, 10770
24422, 13352, 54.67, 252, 68.48, 4, 10771
24423, 13353, 54.67, 252, 68.48, 4, 10771
24424, 13354, 54.68, 252, 68.48, 4, 10771
24425, 13355, 54.68, 252, 68.48, 4, 10771
24426, 13355, 54.68, 252, 68.48, 4, 10772
24427, 13356, 54.68, 252, 68.48, 4, 10772
24428, 13356, 54.67, 252, 68.48, 4, 10773
24429, 13357, 54.68, 252, 68.48, 4, 10773
24430, 13357, 54.67, 252, 68.48, 4, 10774
24431, 13358, 54.68, 252, 68.48, 4, 10774
24432, 13358, 54.67, 252, 68.48, 4, 10775
24433, 13358, 54.67, 252, 68.48, 4, 10776
24434, 13358, 54.67, 252, 68.48, 4, 10777
24435, 13359, 54.67, 252, 68.48, 4, 10777
24436, 13359, 54.67, 252, 68.48, 4, 10777
24437, 13359, 54.67, 252, 68.48, 4, 10778
24438, 13359, 54.66, 252, 68.48, 4, 10779
24439, 13359, 54.66, 252, 68.48, 4, 10780
24440, 13359, 54.66, 252, 68.48, 4, 10781
24441, 13360, 54.66, 252, 68.48, 4, 10781
24442, 13360, 54.66, 252, 68.48, 4, 10782
24443, 13361, 54.66, 252, 68.48, 4, 10782
24444, 13362, 54.66, 252, 68.48, 4, 10782
24445, 13362, 54.66, 252, 68.48, 4, 10783
24446, 13363, 54.66, 252, 68.48, 4, 10783
24447, 13364, 54.67, 252, 68.48, 4, 10783
24448, 13364, 54.66, 252, 68.48, 4, 10784
24449, 13365, 54.66, 252, 68.48, 4, 10784
24450, 13366, 54.67, 252, 68.48, 4, 10784
24451, 13367, 54.67, 252, 68.48, 4, 10784
24452, 13367, 54.67, 252, 68.48, 4, 10785
24453, 13367, 54.66, 252, 68.48, 4, 10786
24454, 13368, 54.67, 252, 68.48, 4, 10786
24455, 13369, 54.67, 252, 68.48, 4, 10786
24456, 13369, 54.67, 252, 68.48, 4, 10787
24457, 13370, 54.67, 252, 68.48, 4, 10787
24458, 13371, 54.67, 252, 68.48, 4, 10787
24459, 13372, 54.67, 252, 68.48, 4, 10787
24460, 13372, 54.67, 252, 68.48, 4, 10788
24461, 13373, 54.67, 252, 68.48, 4, 10788
24462, 13373, 54.67, 252, 68.48, 4, 10789
24463, 13374, 54.67, 252, 68.48, 4, 10789
24464, 13375, 54.67, 252, 68.48, 4, 10789
24465, 13376, 54.67, 252, 68.48, 4, 10789
24466, 13376, 54.67, 252, 68.48, 4, 10790
24467, 13377, 54.67, 252, 68.48, 4, 10790
24468, 13377, 54.67, 252, 68.48, 4, 10791
24469, 13377, 54.67, 252, 68.48, 4, 10792
24470, 13378, 54.67, 252, 68.48, 4, 10792
24471, 13378, 54.67, 252, 68.48, 4, 10793
24472, 13378, 54.67, 252, 68.48, 4, 10794
24473, 13379, 54.67, 252, 68.48, 4, 10794
24474, 13379, 54.67, 252, 68.48, 4, 10795
24475, 13380, 54.67, 252, 68.48, 4, 10795
24476, 13380, 54.67, 252, 68.48, 4, 10796
24477, 13381, 54.67, 252, 68.48, 4, 10796
24478, 13382, 54.67, 252, 68.48, 4, 10796
24479, 13383, 54.67, 252, 68.48, 4, 10796
24480, 13384, 54.67, 252, 68.48, 4, 10796
24481, 13384, 54.67, 252, 68.48, 4, 10797
24482, 13384, 54.67, 252, 68.48, 4, 10798
24483, 13385, 54.67, 252, 68.48, 4, 10798
24484, 13385, 54.67, 252, 68.48, 4, 10799
24485, 13386, 54.67, 252, 68.48, 4, 10799
24486, 13387, 54.67, 252, 68.48, 4, 10799
24487, 13388, 54.67, 252, 68.48, 4, 10799
24488, 13388, 54.67, 252, 68.48, 4, 10800
24489, 13388, 54.67, 252, 68.48, 4, 10801
24490, 13388, 54.67, 252, 68.48, 4, 10801
24491, 13388, 54.66, 252, 68.48, 4, 10802
24492, 13388, 54.66, 252, 68.48, 4, 10803
24493, 13388, 54.66, 252, 68.48, 4, 10804
24494, 13389, 54.66, 252, 68.48, 4, 10804
24495, 13389, 54.66, 252, 68.48, 4, 10805
24496, 13389, 54.66, 252, 68.48, 4, 10806
24497, 13389, 54.66, 252, 68.48, 4, 10807
24498, 13389, 54.65, 252, 68.48, 4, 10808
24499, 13390, 54.66, 252, 68.48, 4, 10808
24500, 13391, 54.66, 252, 68.48, 4, 10808
24501, 13392, 54.66, 252, 68.48, 4, 10808
24502, 13392, 54.66, 252, 68.48, 4, 10809
24503, 13392, 54.65, 252, 68.48, 4, 10810
24504, 13393, 54.66, 252, 68.48, 4, 10810
24505, 13394, 54.66, 252, 68.48, 4, 10810
24506, 13394, 54.66, 252, 68.48, 4, 10811
24507, 13395, 54.66, 252, 68.48, 4, 10811
24508, 13395, 54.66, 252, 68.48, 4, 10812
24509, 13396, 54.66, 252, 68.48, 4, 10812
24510, 13396, 54.66, 252, 68.48, 4, 10813
24511, 13396, 54.65, 252, 68.48, 4, 10814
24512, 13396, 54.65, 252, 68.48, 4, 10815
24513, 13397, 54.65, 252, 68.48, 4, 10815
24514, 13398, 54.65, 252, 68.48, 4, 10815
24515, 13398, 54.65, 252, 68.48, 4, 10816
24516, 13399, 54.65, 252, 68.48, 4, 10816
24517, 13400, 54.66, 252, 68.48, 4, 10816
24518, 13400, 54.65, 252, 68.48, 4, 10817
24519, 13401, 54.66, 252, 68.48, 4, 10817
24520, 13401, 54.65, 252, 68.48, 4, 10818
24521, 13402, 54.66, 252, 68.48, 4, 10818
24522, 13403, 54.66, 252, 68.48, 4, 10818
24523, 13403, 54.65, 252, 68.48, 4, 10819
24524, 13404, 54.66, 252, 68.48, 4, 10819
24525, 13404, 54.65, 252, 68.48, 4, 10820
24526, 13405, 54.66, 252, 68.48, 4, 10820
24527, 13405, 54.65, 252, 68.48, 4, 10821
24528, 13406, 54.66, 252, 68.48, 4, 10821
24529, 13406, 54.65, 252, 68.48, 4, 10822
24530, 13406, 54.65, 252, 68.48, 4, 10823
24531, 13406, 54.65, 252, 68.48, 4, 10824
24532, 13407, 54.65, 252, 68.48, 4, 10824
24533, 13407, 54.65, 252, 68.48, 4, 10825
24534, 13408, 54.65, 252, 68.48, 4, 10825
24535, 13408, 54.65, 252, 68.48, 4, 10826
24536, 13408, 54.65, 252, 68.48, 4, 10826
24537, 13409, 54.65, 252, 68.48, 4, 10826
24538, 13410, 54.65, 252, 68.48, 4, 10826
24539, 13411, 54.65, 252, 68.48, 4, 10826
24540, 13411, 54.65, 252, 68.48, 4, 10827
24541, 13412, 54.65, 252, 68.48, 4, 10827
24542, 13412, 54.65, 252, 68.48, 4, 10828
24543, 13412, 54.65, 252, 68.48, 4, 10829
24544, 13412, 54.64, 252, 68.48, 4, 10830
24545, 13413, 54.65, 252, 68.48, 4, 10830
24546, 13414, 54.65, 252, 68.48, 4, 10830
24547, 13414, 54.65, 252, 68.48, 4, 10831
24548, 13414, 54.64, 252, 68.48, 4, 10832
24549, 13415, 54.65, 252, 68.48, 4, 10832
24550, 13415, 54.64, 252, 68.48, 4, 10833
24551, 13416, 54.65, 252, 68.48, 4, 10833
24552, 13417, 54.65, 252, 68.48, 4, 10833
24553, 13417, 54.65, 252, 68.48, 4, 10834
24554, 13417, 54.64, 252, 68.48, 4, 10835
24555, 13417, 54.64, 252, 68.48, 4, 10836
24556, 13418, 54.64, 252, 68.48, 4, 10836
24557, 13418, 54.64, 252, 68.48, 4, 10837
24558, 13419, 54.64, 252, 68.48, 4, 10837
24559, 13420, 54.64, 252, 68.48, 4, 10837
24560, 13421, 54.65, 252, 68.48, 4, 10837
24561, 13421, 54.64, 252, 68.48, 4, 10838
24562, 13422, 54.65, 252, 68.48, 4, 10838
24563, 13422, 54.64, 252, 68.48, 4, 10839
24564, 13423, 54.65, 252, 68.48, 4, 10839
24565, 13423, 54.64, 252, 68.48, 4, 10840
24566, 13424, 54.64, 252, 68.48, 4, 10840
24567, 13425, 54.65, 252, 68.48, 4, 10840
24568, 13426, 54.65, 252, 68.48, 4, 10840
24569, 13426, 54.65, 252, 68.48, 4, 10841
24570, 13426, 54.64, 252, 68.48, 4, 10842
24571, 13427, 54.65, 252, 68.48, 4, 10842
24572, 13428, 54.65, 252, 68.48, 4, 10842
24573, 13429, 54.65, 252, 68.48, 4, 10842
24574, 13430, 54.65, 252, 68.48, 4, 10842
24575, 13430, 54.65, 252, 68.48, 4, 10843
24576, 13431, 54.65, 252, 68.48, 4, 10843
24577, 13431, 54.65, 252, 68.48, 4, 10844
24578, 13431, 54.65, 252, 68.48, 4, 10845
24579, 13432, 54.65, 252, 68.48, 4, 10845
24580, 13433, 54.65, 252, 68.48, 4, 10845
24581, 13434, 54.65, 252, 68.48, 4, 10845
24582, 13435, 54.65, 252, 68.48, 4, 10845
24583, 13436, 54.66, 252, 68.48, 4, 10845
24584, 13437, 54.66, 252, 68.48, 4, 10845
24585, 13437, 54.66, 252, 68.48, 4, 10846
24586, 13438, 54.66, 252, 68.48, 4, 10846
24587, 13439, 54.66, 252, 68.48, 4, 10846
24588, 13440, 54.66, 252, 68.48, 4, 10846
24589, 13441, 54.66, 252, 68.48, 4, 10846
24590, 13441, 54.66, 252, 68.48, 4, 10847
24591, 13441, 54.66, 252, 68.48, 4, 10848
24592, 13442, 54.66, 252, 68.48, 4, 10848
24593, 13442, 54.66, 252, 68.48, 4, 10849
24594, 13442, 54.66, 252, 68.48, 4, 10850
24595, 13442, 54.65, 252, 68.48, 4, 10851
24596, 13442, 54.65, 252, 68.48, 4, 10852
24597, 13443, 54.65, 252, 68.48, 4, 10852
24598, 13443, 54.65, 252, 68.48, 4, 10853
24599, 13444, 54.65, 252, 68.48, 4, 10853
24600, 13444, 54.65, 252, 68.48, 4, 10854
24601, 13444, 54.65, 252, 68.48, 4, 10855
24602, 13445, 54.65, 252, 68.48, 4, 10855
24603, 13446, 54.65, 252, 68.48, 4, 10855
24604, 13447, 54.65, 252, 68.48, 4, 10855
24605, 13447, 54.65, 252, 68.48, 4, 10855
24606, 13447, 54.65, 252, 68.48, 4, 10856
24607, 13448, 54.65, 252, 68.48, 4, 10856
24608, 13448, 54.65, 252, 68.48, 4, 10857
24609, 13448, 54.65, 252, 68.48, 4, 10858
24610, 13449, 54.65, 252, 68.48, 4, 10858
24611, 13449, 54.65, 252, 68.48, 4, 10859
24612, 13449, 54.64, 252, 68.48, 4, 10860
24613, 13450, 54.65, 252, 68.48, 4, 10860
24614, 13451, 54.65, 252, 68.48, 4, 10860
24615, 13452, 54.65, 252, 68.48, 4, 10860
24616, 13452, 54.65, 252, 68.48, 4, 10861
24617, 13452, 54.65, 252, 68.48, 4, 10862
24618, 13453, 54.65, 252, 68.48, 4, 10862
24619, 13453, 54.64, 252, 68.48, 4, 10863
24620, 13454, 54.65, 252, 68.48, 4, 10863
24621, 13454, 54.64, 252, 68.48, 4, 10864
24622, 13455, 54.65, 252, 68.48, 4, 10864
24623, 13455, 54.64, 252, 68.48, 4, 10865
24624, 13455, 54.64, 252, 68.48, 4, 10866
24625, 13456, 54.64, 252, 68.48, 4, 10866
24626, 13457, 54.65, 252, 68.48, 4, 10866
24627, 13458, 54.65, 252, 68.48, 4, 10866
24628, 13458, 54.65, 252, 68.48, 4, 10867
24629, 13459, 54.65, 252, 68.48, 4, 10867
24630, 13459, 54.64, 252, 68.48, 4, 10868
24631, 13460, 54.65, 252, 68.48, 4, 10868
24632, 13461, 54.65, 252, 68.48, 4, 10868
24633, 13461, 54.65, 252, 68.48, 4, 10869
24634, 13462, 54.65, 252, 68.48, 4, 10869
24635, 13462, 54.65, 252, 68.48, 4, 10870
24636, 13462, 54.64, 252, 68.48, 4, 10871
24637, 13462, 54.64, 252, 68.48, 4, 10872
24638, 13462, 54.64, 252, 68.48, 4, 10873
24639, 13463, 54.64, 252, 68.48, 4, 10873
24640, 13464, 54.64, 252, 68.48, 4, 10873
24641, 13464, 54.64, 252, 68.48, 4, 10874
24642, 13464, 54.64, 252, 68.48, 4, 10875
24643, 13464, 54.64, 252, 68.48, 4, 10876
24644, 13465, 54.64, 252, 68.48, 4, 10876
24645, 13466, 54.64, 252, 68.48, 4, 10876
24646, 13467, 54.64, 252, 68.48, 4, 10876
24647, 13468, 54.64, 252, 68.48, 4, 10876
24648, 13468, 54.64, 252, 68.48, 4, 10877
24649, 13469, 54.64, 252, 68.48, 4, 10877
24650, 13470, 54.65, 252, 68.48, 4, 10877
24651, 13470, 54.64, 252, 68.48, 4, 10878
24652, 13470, 54.64, 252, 68.48, 4, 10879
24653, 13470, 54.64, 252, 68.48, 4, 10880
24654, 13471, 54.64, 252, 68.48, 4, 10880
24655, 13472, 54.64, 252, 68.48, 4, 10880
24656, 13473, 54.64, 252, 68.48, 4, 10880
24657, 13474, 54.65, 252, 68.48, 4, 10880
24658, 13475, 54.65, 252, 68.48, 4, 10880
24659, 13476, 54.65, 252, 68.48, 4, 10880
24660, 13477, 54.65, 252, 68.48, 4, 10880
24661, 13478, 54.65, 252, 68.48, 4, 10880
24662, 13478, 54.65, 252, 68.48, 4, 10881
24663, 13478, 54.65, 252, 68.48, 4, 10882
24664, 13479, 54.65, 252, 68.48, 4, 10882
24665, 13479, 54.65, 252, 68.48, 4, 10883
24666, 13480, 54.65, 252, 68.48, 4, 10883
24667, 13480, 54.65, 252, 68.48, 4, 10884
24668, 13481, 54.65, 252, 68.48, 4, 10884
24669, 13482, 54.65, 252, 68.48, 4, 10884
24670, 13483, 54.65, 252, 68.48, 4, 10884
24671, 13483, 54.65, 252, 68.48, 4, 10885
24672, 13484, 54.65, 252, 68.48, 4, 10885
24673, 13485, 54.65, 252, 68.48, 4, 10885
24674, 13486, 54.66, 252, 68.48, 4, 10885
24675, 13486, 54.65, 252, 68.48, 4, 10886
24676, 13486, 54.65, 252, 68.48, 4, 10887
24677, 13487, 54.65, 252, 68.48, 4, 10887
24678, 13488, 54.66, 252, 68.48, 4, 10887
24679, 13489, 54.66, 252, 68.48, 4, 10887
24680, 13489, 54.66, 252, 68.48, 4, 10888
24681, 13490, 54.66, 252, 68.48, 4, 10888
24682, 13491, 54.66, 252, 68.48, 4, 10888
24683, 13492, 54.66, 252, 68.48, 4, 10888
24684, 13493, 54.66, 252, 68.48, 4, 10888
24685, 13493, 54.66, 252, 68.48, 4, 10889
24686, 13494, 54.66, 252, 68.48, 4, 10889
24687, 13495, 54.66, 252, 68.48, 4, 10889
24688, 13496, 54.67, 252, 68.48, 4, 10889
24689, 13496, 54.66, 252, 68.48, 4, 10890
24690, 13496, 54.66, 252, 68.48, 4, 10891
24691, 13496, 54.66, 252, 68.48, 4, 10892
24692, 13496, 54.66, 252, 68.48, 4, 10893
24693, 13497, 54.66, 252, 68.48, 4, 10893
24694, 13498, 54.66, 252, 68.48, 4, 10893
24695, 13499, 54.66, 252, 68.48, 4, 10893
24696, 13499, 54.66, 252, 68.48, 4, 10894
24697, 13500, 54.66, 252, 68.48, 4, 10894
24698, 13500, 54.66, 252, 68.48, 4, 10895
24699, 13500, 54.66, 252, 68.48, 4, 10896
24700, 13500, 54.66, 252, 68.48, 4, 10897
24701, 13501, 54.66, 252, 68.48, 4, 10897
24702, 13501, 54.66, 252, 68.48, 4, 10897
24703, 13501, 54.65, 252, 68.48, 4, 10897
24704, 13501, 54.65, 252, 68.48, 4, 10898
24705, 13501, 54.65, 252, 68.48, 4, 10899
24706, 13501, 54.65, 252, 68.48, 4, 10900
24707, 13501, 54.64, 252, 68.48, 4, 10900
24708, 13501, 54.64, 252, 68.48, 4, 10901
24709, 13501, 54.64, 252, 68.48, 4, 10902
24710, 13502, 54.64, 252, 68.48, 4, 10902
24711, 13503, 54.64, 252, 68.48, 4, 10902
24712, 13504, 54.65, 252, 68.48, 4, 10902
24713, 13505, 54.65, 252, 68.48, 4, 10902
24714, 13505, 54.65, 252, 68.48, 4, 10903
24715, 13505, 54.64, 252, 68.48, 4, 10904
24716, 13506, 54.64, 252, 68.48, 4, 10904
24717, 13506, 54.64, 252, 68.48, 4, 10905
24718, 13506, 54.64, 252, 68.48, 4, 10906
24719, 13507, 54.64, 252, 68.48, 4, 10906
24720, 13507, 54.64, 252, 68.48, 4, 10907
24721, 13507, 54.64, 252, 68.48, 4, 10908
24722, 13508, 54.64, 252, 68.48, 4, 10908
24723, 13509, 54.64, 252, 68.48, 4, 10908
24724, 13509, 54.64, 252, 68.48, 4, 10909
24725, 13510, 54.64, 252, 68.48, 4, 10909
24726, 13510, 54.64, 252, 68.48, 4, 10910
24727, 13510, 54.64, 252, 68.48, 4, 10911
24728, 13510, 54.63, 252, 68.48, 4, 10912
24729, 13511, 54.64, 252, 68.48, 4, 10912
24730, 13512, 54.64, 252, 68.48, 4, 10912
24731, 13512, 54.64, 252, 68.48, 4, 10913
24732, 13513, 54.64, 252, 68.48, 4, 10913
24733, 13513, 54.64, 252, 68.48, 4, 10914
24734, 13514, 54.64, 252, 68.48, 4, 10914
24735, 13515, 54.64, 252, 68.48, 4, 10914
24736, 13516, 54.64, 252, 68.48, 4, 10914
24737, 13517, 54.64, 252, 68.48, 4, 10914
24738, 13518, 54.64, 252, 68.48, 4, 10914
24739, 13518, 54.64, 252, 68.48, 4, 10915
24740, 13518, 54.64, 252, 68.48, 4, 10916
24741, 13518, 54.64, 252, 68.48, 4, 10916
24742, 13519, 54.64, 252, 68.48, 4, 10916
24743, 13520, 54.64, 252, 68.48, 4, 10916
24744, 13521, 54.64, 252, 68.48, 4, 10916
24745, 13522, 54.65, 252, 68.48, 4, 10916
24746, 13523, 54.65, 252, 68.48, 4, 10916
24747, 13523, 54.65, 252, 68.48, 4, 10916
24748, 13523, 54.64, 252, 68.48, 4, 10917
24749, 13523, 54.64, 252, 68.48, 4, 10918
24750, 13524, 54.64, 252, 68.48, 4, 10918
24751, 13524, 54.64, 252, 68.48, 4, 10919
24752, 13524, 54.64, 252, 68.48, 4, 10920
24753, 13525, 54.64, 252, 68.48, 4, 10920
24754, 13526, 54.64, 252, 68.48, 4, 10920
24755, 13527, 54.64, 252, 68.48, 4, 10920
24756, 13528, 54.65, 252, 68.48, 4, 10920
24757, 13529, 54.65, 252, 68.48, 4, 10920
24758, 13530, 54.65, 252, 68.48, 4, 10920
24759, 13531, 54.65, 252, 68.48, 4, 10920
24760, 13531, 54.65, 252, 68.48, 4, 10921
24761, 13532, 54.65, 252, 68.48, 4, 10921
24762, 13533, 54.65, 252, 68.48, 4, 10921
24763, 13534, 54.65, 252, 68.48, 4, 10921
24764, 13534, 54.65, 252, 68.48, 4, 10922
24765, 13535, 54.65, 252, 68.48, 4, 10922
24766, 13536, 54.66, 252, 68.48, 4, 10922
24767, 13537, 54.66, 252, 68.48, 4, 10922
24768, 13538, 54.66, 252, 68.48, 4, 10922
24769, 13538, 54.66, 252, 68.48, 4, 10923
24770, 13538, 54.65, 252, 68.48, 4, 10924
24771, 13538, 54.65, 252, 68.48, 4, 10925
24772, 13538, 54.65, 252, 68.48, 4, 10926
24773, 13539, 54.65, 252, 68.48, 4, 10926
24774, 13540, 54.65, 252, 68.48, 4, 10926
24775, 13541, 54.66, 252, 68.48, 4, 10926
24776, 13541, 54.65, 252, 68.48, 4, 10927
24777, 13541, 54.65, 252, 68.48, 4, 10928
24778, 13542, 54.65, 252, 68.48, 4, 10928
24779, 13542, 54.65, 252, 68.48, 4, 10929
24780, 13542, 54.65, 252, 68.48, 4, 10930
24781, 13543, 54.65, 252, 68.48, 4, 10930
24782, 13544, 54.65, 252, 68.48, 4, 10930
24783, 13545, 54.65, 252, 68.48, 4, 10930
24784, 13545, 54.65, 252, 68.48, 4, 10931
24785, 13546, 54.65, 252, 68.48, 4, 10931
24786, 13546, 54.65, 252, 68.48, 4, 10932
24787, 13546, 54.65, 252, 68.48, 4, 10933
24788, 13547, 54.65, 252, 68.48, 4, 10933
24789, 13547, 54.65, 252, 68.48, 4, 10934
24790, 13548, 54.65, 252, 68.48, 4, 10934
24791, 13549, 54.65, 252, 68.48, 4, 10934
24792, 13549, 54.65, 252, 68.48, 4, 10935
24793, 13550, 54.65, 252, 68.48, 4, 10935
24794, 13551, 54.65, 252, 68.48, 4, 10935
24795, 13551, 54.65, 252, 68.48, 4, 10936
24796, 13551, 54.65, 252, 68.48, 4, 10937
24797, 13552, 54.65, 252, 68.48, 4, 10937
24798, 13552, 54.65, 252, 68.48, 4, 10938
24799, 13552, 54.65, 252, 68.48, 4, 10939
24800, 13552, 54.65, 252, 68.48, 4, 10940
24801, 13553, 54.65, 252, 68.48, 4, 10940
24802, 13553, 54.64, 252, 68.48, 4, 10941
24803, 13554, 54.65, 252, 68.48, 4, 10941
24804, 13555, 54.65, 252, 68.48, 4, 10941
24805, 13555, 54.65, 252, 68.48, 4, 10942
24806, 13555, 54.64, 252, 68.48, 4, 10943
24807, 13556, 54.65, 252, 68.48, 4, 10943
24808, 13556, 54.64, 252, 68.48, 4, 10944
24809, 13557, 54.65, 252, 68.48, 4, 10944
24810, 13558, 54.65, 252, 68.48, 4, 10944
24811, 13559, 54.65, 252, 68.48, 4, 10944
24812, 13559, 54.65, 252, 68.48, 4, 10945
24813, 13560, 54.65, 252, 68.48, 4, 10945
24814, 13560, 54.65, 252, 68.48, 4, 10946
24815, 13561, 54.65, 252, 68.48, 4, 10946
24816, 13562, 54.65, 252, 68.48, 4, 10946
24817, 13562, 54.65, 252, 68.48, 4, 10947
24818, 13563, 54.65, 252, 68.48, 4, 10947
24819, 13563, 54.65, 252, 68.48, 4, 10948
24820, 13563, 54.65, 252, 68.48, 4, 10949
24821, 13564, 54.65, 252, 68.48, 4, 10949
24822, 13565, 54.65, 252, 68.48, 4, 10949
24823, 13565, 54.65, 252, 68.48, 4, 10950
24824, 13566, 54.65, 252, 68.48, 4, 10950
24825, 13566, 54.65, 252, 68.48, 4, 10951
24826, 13567, 54.65, 252, 68.48, 4, 10951
24827, 13568, 54.65, 252, 68.48, 4, 10951
24828, 13569, 54.65, 252, 68.48, 4, 10951
24829, 13570, 54.65, 252, 68.48, 4, 10951
24830, 13571, 54.66, 252, 68.48, 4, 10951
24831, 13571, 54.65, 252, 68.48, 4, 10952
24832, 13571, 54.65, 252, 68.48, 4, 10953
24833, 13571, 54.65, 252, 68.48, 4, 10954
24834, 13572, 54.65, 252, 68.48, 4, 10954
24835, 13572, 54.65, 252, 68.48, 4, 10955
24836, 13572, 54.65, 252, 68.48, 4, 10956
24837, 13572, 54.64, 252, 68.48, 4, 10957
24838, 13572, 54.64, 252, 68.48, 4, 10958
24839, 13573, 54.64, 252, 68.48, 4, 10958
24840, 13574, 54.65, 252, 68.48, 4, 10958
24841, 13574, 54.64, 252, 68.48, 4, 10959
24842, 13575, 54.65, 252, 68.48, 4, 10959
24843, 13576, 54.65, 252, 68.48, 4, 10959
24844, 13576, 54.64, 252, 68.48, 4, 10960
24845, 13576, 54.64, 252, 68.48, 4, 10961
24846, 13576, 54.64, 252, 68.48, 4, 10962
24847, 13577, 54.64, 252, 68.48, 4, 10962
24848, 13578, 54.64, 252, 68.48, 4, 10962
24849, 13579, 54.65, 252, 68.48, 4, 10962
24850, 13580, 54.65, 252, 68.48, 4, 10962
24851, 13580, 54.65, 252, 68.48, 4, 10963
24852, 13580, 54.64, 252, 68.48, 4, 10964
24853, 13581, 54.65, 252, 68.48, 4, 10964
24854, 13582, 54.65, 252, 68.48, 4, 10964
24855, 13583, 54.65, 252, 68.48, 4, 10964
24856, 13583, 54.65, 252, 68.48, 4, 10965
24857, 13584, 54.65, 252, 68.48, 4, 10965
24858, 13584, 54.65, 252, 68.48, 4, 10966
24859, 13585, 54.65, 252, 68.48, 4, 10966
24860, 13586, 54.65, 252, 68.48, 4, 10966
24861, 13586, 54.65, 252, 68.48, 4, 10967
24862, 13587, 54.65, 252, 68.48, 4, 10967
24863, 13587, 54.65, 252, 68.48, 4, 10968
24864, 13587, 54.65, 252, 68.48, 4, 10969
24865, 13587, 54.64, 252, 68.48, 4, 10970
24866, 13588, 54.64, 252, 68.48, 4, 10970
24867, 13589, 54.65, 252, 68.48, 4, 10970
24868, 13589, 54.64, 252, 68.48, 4, 10971
24869, 13590, 54.65, 252, 68.48, 4, 10971
24870, 13591, 54.65, 252, 68.48, 4, 10971
24871, 13591, 54.65, 252, 68.48, 4, 10972
24872, 13591, 54.64, 252, 68.48, 4, 10973
24873, 13591, 54.64, 252, 68.48, 4, 10974
24874, 13591, 54.64, 252, 68.48, 4, 10975
24875, 13591, 54.64, 252, 68.48, 4, 10976
24876, 13592, 54.64, 252, 68.48, 4, 10976
24877, 13592, 54.64, 252, 68.48, 4, 10977
24878, 13592, 54.63, 252, 68.48, 4, 10978
24879, 13593, 54.64, 252, 68.48, 4, 10978
24880, 13594, 54.64, 252, 68.48, 4, 10978
24881, 13595, 54.64, 252, 68.48, 4, 10978
24882, 13596, 54.64, 252, 68.48, 4, 10978
24883, 13596, 54.64, 252, 68.48, 4, 10978
24884, 13597, 54.64, 252, 68.48, 4, 10978
24885, 13598, 54.64, 252, 68.48, 4, 10978
24886, 13598, 54.64, 252, 68.48, 4, 10979
24887, 13599, 54.64, 252, 68.48, 4, 10979
24888, 13599, 54.64, 252, 68.48, 4, 10980
24889, 13599, 54.64, 252, 68.48, 4, 10981
24890, 13599, 54.64, 252, 68.48, 4, 10982
24891, 13600, 54.64, 252, 68.48, 4, 10982
24892, 13600, 54.64, 252, 68.48, 4, 10983
24893, 13600, 54.63, 252, 68.48, 4, 10984
24894, 13600, 54.63, 252, 68.48, 4, 10985
24895, 13600, 54.63, 252, 68.48, 4, 10986
24896, 13601, 54.63, 252, 68.48, 4, 10986
24897, 13601, 54.63, 252, 68.48, 4, 10987
24898, 13602, 54.63, 252, 68.48, 4, 10987
24899, 13602, 54.63, 252, 68.48, 4, 10988
24900, 13603, 54.63, 252, 68.48, 4, 10988
24901, 13603, 54.63, 252, 68.48, 4, 10989
24902, 13603, 54.63, 252, 68.48, 4, 10990
24903, 13604, 54.63, 252, 68.48, 4, 10990
24904, 13605, 54.63, 252, 68.48, 4, 10990
24905, 13606, 54.63, 252, 68.48, 4, 10990
24906, 13606, 54.63, 252, 68.48, 4, 10991
24907, 13606, 54.63, 252, 68.48, 4, 10992
24908, 13607, 54.63, 252, 68.48, 4, 10992
24909, 13607, 54.63, 252, 68.48, 4, 10993
24910, 13607, 54.62, 252, 68.48, 4, 10994
24911, 13607, 54.62, 252, 68.48, 4, 10995
24912, 13608, 54.62, 252, 68.48, 4, 10995
24913, 13609, 54.63, 252, 68.48, 4, 10995
24914, 13609, 54.62, 252, 68.48, 4, 10996
24915, 13609, 54.62, 252, 68.48, 4, 10997
24916, 13609, 54.62, 252, 68.48, 4, 10998
24917, 13609, 54.62, 252, 68.48, 4, 10999
24918, 13609, 54.62, 252, 68.48, 4, 11000
24919, 13609, 54.61, 252, 68.48, 4, 11001
24920, 13610, 54.61, 252, 68.48, 4, 11001
24921, 13610, 54.61, 252, 68.48, 4, 11002
24922, 13611, 54.61, 252, 68.48, 4, 11002
24923, 13611, 54.61, 252, 68.48, 4, 11003
24924, 13611, 54.61, 252, 68.48, 4, 11004
24925, 13611, 54.61, 252, 68.48, 4, 11005
24926, 13612, 54.61, 252, 68.48, 4, 11005
24927, 13613, 54.61, 252, 68.48, 4, 11005
24928, 13613, 54.61, 252, 68.48, 4, 11006
24929, 13613, 54.61, 252, 68.48, 4, 11007
24930, 13613, 54.60, 252, 68.48, 4, 11008
24931, 13614, 54.61, 252, 68.48, 4, 11008
24932, 13615, 54.61, 252, 68.48, 4, 11008
24933, 13616, 54.61, 252, 68.48, 4, 11008
24934, 13617, 54.61, 252, 68.48, 4, 11008
24935, 13618, 54.61, 252, 68.48, 4, 11008
24936, 13619, 54.62, 252, 68.48, 4, 11008
24937, 13619, 54.61, 252, 68.48, 4, 11009
24938, 13620, 54.62, 252, 68.48, 4, 11009
24939, 13620, 54.61, 252, 68.48, 4, 11010
24940, 13621, 54.62, 252, 68.48, 4, 11010
24941, 13621, 54.61, 252, 68.48, 4, 11011
24942, 13622, 54.61, 252, 68.48, 4, 11011
24943, 13622, 54.61, 252, 68.48, 4, 11012
24944, 13623, 54.61, 252, 68.48, 4, 11012
24945, 13624, 54.62, 252, 68.48, 4, 11012
24946, 13625, 54.62, 252, 68.48, 4, 11012
24947, 13626, 54.62, 252, 68.48, 4, 11012
24948, 13626, 54.62, 252, 68.48, 4, 11013
24949, 13627, 54.62, 252, 68.48, 4, 11013
24950, 13628, 54.62, 252, 68.48, 4, 11013
24951, 13628, 54.62, 252, 68.48, 4, 11014
24952, 13628, 54.62, 252, 68.48, 4, 11015
24953, 13628, 54.61, 252, 68.48, 4, 11016
24954, 13628, 54.61, 252, 68.48, 4, 11017
24955, 13628, 54.61, 252, 68.48, 4, 11018
24956, 13629, 54.61, 252, 68.48, 4, 11018
24957, 13629, 54.61, 252, 68.48, 4, 11019
24958, 13629, 54.61, 252, 68.48, 4, 11020
24959, 13629, 54.61, 252, 68.48, 4, 11021
24960, 13630, 54.61, 252, 68.48, 4, 11021
24961, 13630, 54.61, 252, 68.48, 4, 11022
24962, 13631, 54.61, 252, 68.48, 4, 11022
24963, 13632, 54.61, 252, 68.48, 4, 11022
24964, 13632, 54.61, 252, 68.48, 4, 11023
24965, 13633, 54.61, 252, 68.48, 4, 11023
24966, 13634, 54.61, 252, 68.48, 4, 11023
24967, 13635, 54.61, 252, 68.48, 4, 11023
24968, 13636, 54.61, 252, 68.48, 4, 11023
24969, 13636, 54.61, 252, 68.48, 4, 11024
24970, 13637, 54.61, 252, 68.48, 4, 11024
24971, 13638, 54.62, 252, 68.48, 4, 11024
24972, 13639, 54.62, 252, 68.48, 4, 11024
24973, 13640, 54.62, 252, 68.48, 4, 11024
24974, 13641, 54.62, 252, 68.48, 4, 11024
24975, 13642, 54.62, 252, 68.48, 4, 11024
24976, 13643, 54.62, 252, 68.48, 4, 11024
24977, 13643, 54.62, 252, 68.48, 4, 11025
24978, 13643, 54.62, 252, 68.48, 4, 11026
24979, 13644, 54.62, 252, 68.48, 4, 11026
24980, 13645, 54.62, 252, 68.48, 4, 11026
24981, 13646, 54.63, 252, 68.48, 4, 11026
24982, 13647, 54.63, 252, 68.48, 4, 11026
24983, 13647, 54.63, 252, 68.48, 4, 11027
24984, 13647, 54.62, 252, 68.48, 4, 11028
24985, 13648, 54.62, 252, 68.48, 4, 11028
24986, 13649, 54.63, 252, 68.48, 4, 11028
24987, 13649, 54.62, 252, 68.48, 4, 11029
24988, 13649, 54.62, 252, 68.48, 4, 11030
24989, 13650, 54.62, 252, 68.48, 4, 11030
24990, 13651, 54.63, 252, 68.48, 4, 11030
24991, 13652, 54.63, 252, 68.48, 4, 11030
24992, 13652, 54.63, 252, 68.48, 4, 11031
24993, 13652, 54.62, 252, 68.48, 4, 11032
24994, 13652, 54.62, 252, 68.48, 4, 11033
24995, 13653, 54.62, 252, 68.48, 4, 11033
24996, 13653, 54.62, 252, 68.48, 4, 11034
24997, 13653, 54.62, 252, 68.48, 4, 11035
24998, 13654, 54.62, 252, 68.48, 4, 11035
24999, 13654, 54.62, 252, 68.48, 4, 11036
25000, 13654, 54.62, 252, 68.48, 4, 11037
25001, 13655, 54.62, 252, 68.48, 4, 11037
25002, 13656, 54.62, 252, 68.48, 4, 11037
25003, 13656, 54.62, 252, 68.48, 4, 11038
25004, 13657, 54.62, 252, 68.48, 4, 11038
25005, 13657, 54.62, 252, 68.48, 4, 11039
25006, 13658, 54.62, 252, 68.48, 4, 11039
25007, 13659, 54.62, 252, 68.48, 4, 11039
25008, 13659, 54.62, 252, 68.48, 4, 11040
25009, 13660, 54.62, 252, 68.48, 4, 11040
25010, 13660, 54.62, 252, 68.48, 4, 11041
25011, 13661, 54.62, 252, 68.48, 4, 11041
25012, 13661, 54.62, 252, 68.48, 4, 11042
25013, 13662, 54.62, 252, 68.48, 4, 11042
25014, 13663, 54.62, 252, 68.48, 4, 11042
25015, 13663, 54.62, 252, 68.48, 4, 11043
25016, 13663, 54.62, 252, 68.48, 4, 11044
25017, 13663, 54.61, 252, 68.48, 4, 11045
25018, 13664, 54.62, 252, 68.48, 4, 11045
25019, 13665, 54.62, 252, 68.48, 4, 11045
25020, 13666, 54.62, 252, 68.48, 4, 11045
25021, 13667, 54.62, 252, 68.48, 4, 11045
25022, 13667, 54.62, 252, 68.48, 4, 11046
25023, 13667, 54.62, 252, 68.48, 4, 11047
25024, 13668, 54.62, 252, 68.48, 4, 11047
25025, 13668, 54.62, 252, 68.48, 4, 11048
25026, 13668, 54.62, 252, 68.48, 4, 11049
25027, 13668, 54.61, 252, 68.48, 4, 11050
25028, 13668, 54.61, 252, 68.48, 4, 11051
25029, 13669, 54.61, 252, 68.48, 4, 11051
25030, 13669, 54.61, 252, 68.48, 4, 11052
25031, 13670, 54.61, 252, 68.48, 4, 11052
25032, 13670, 54.61, 252, 68.48, 4, 11053
25033, 13671, 54.61, 252, 68.48, 4, 11053
25034, 13672, 54.61, 252, 68.48, 4, 11053
25035, 13673, 54.62, 252, 68.48, 4, 11053
25036, 13674, 54.62, 252, 68.48, 4, 11053
25037, 13675, 54.62, 252, 68.48, 4, 11053
25038, 13675, 54.62, 252, 68.48, 4, 11054
25039, 13676, 54.62, 252, 68.48, 4, 11054
25040, 13677, 54.62, 252, 68.48, 4, 11054
25041, 13677, 54.62, 252, 68.48, 4, 11055
25042, 13677, 54.62, 252, 68.48, 4, 11056
25043, 13678, 54.62, 252, 68.48, 4, 11056
25044, 13679, 54.62, 252, 68.48, 4, 11056
25045, 13680, 54.62, 252, 68.48, 4, 11056
25046, 13680, 54.62, 252, 68.48, 4, 11057
25047, 13680, 54.62, 252, 68.48, 4, 11058
25048, 13680, 54.62, 252, 68.48, 4, 11058
25049, 13680, 54.61, 252, 68.48, 4, 11059
25050, 13681, 54.61, 252, 68.48, 4, 11059
25051, 13681, 54.61, 252, 68.48, 4, 11060
25052, 13682, 54.61, 252, 68.48, 4, 11060
25053, 13682, 54.61, 252, 68.48, 4, 11061
25054, 13682, 54.61, 252, 68.48, 4, 11062
25055, 13683, 54.61, 252, 68.48, 4, 11062
25056, 13684, 54.61, 252, 68.48, 4, 11062
25057, 13685, 54.62, 252, 68.48, 4, 11062
25058, 13686, 54.62, 252, 68.48, 4, 11062
25059, 13687, 54.62, 252, 68.48, 4, 11062
25060, 13688, 54.62, 252, 68.48, 4, 11062
25061, 13689, 54.62, 252, 68.48, 4, 11062
25062, 13690, 54.62, 252, 68.48, 4, 11062
25063, 13691, 54.63, 252, 68.48, 4, 11062
25064, 13692, 54.63, 252, 68.48, 4, 11062
25065, 13693, 54.63, 252, 68.48, 4, 11062
25066, 13694, 54.63, 252, 68.48, 4, 11062
25067, 13695, 54.63, 252, 68.48, 4, 11062
25068, 13696, 54.64, 252, 68.48, 4, 11062
25069, 13697, 54.64, 252, 68.48, 4, 11062
25070, 13697, 54.64, 252, 68.48, 4, 11063
25071, 13698, 54.64, 252, 68.48, 4, 11063
25072, 13698, 54.63, 252, 68.48, 4, 11064
25073, 13698, 54.63, 252, 68.48, 4, 11065
25074, 13699, 54.63, 252, 68.48, 4, 11065
25075, 13700, 54.64, 252, 68.48, 4, 11065
25076, 13701, 54.64, 252, 68.48, 4, 11065
25077, 13702, 54.64, 252, 68.48, 4, 11065
25078, 13702, 54.64, 252, 68.48, 4, 11066
25079, 13702, 54.64, 252, 68.48, 4, 11067
25080, 13703, 54.64, 252, 68.48, 4, 11067
25081, 13703, 54.63, 252, 68.48, 4, 11068
25082, 13704, 54.64, 252, 68.48, 4, 11068
25083, 13704, 54.63, 252, 68.48, 4, 11069
25084, 13704, 54.63, 252, 68.48, 4, 11070
25085, 13704, 54.63, 252, 68.48, 4, 11071
25086, 13704, 54.63, 252, 68.48, 4, 11072
25087, 13705, 54.63, 252, 68.48, 4, 11072
25088, 13706, 54.63, 252, 68.48, 4, 11072
25089, 13706, 54.63, 252, 68.48, 4, 11073
25090, 13707, 54.63, 252, 68.48, 4, 11073
25091, 13708, 54.63, 252, 68.48, 4, 11073
25092, 13708, 54.63, 252, 68.48, 4, 11074
25093, 13709, 54.63, 252, 68.48, 4, 11074
25094, 13709, 54.63, 252, 68.48, 4, 11075
25095, 13710, 54.63, 252, 68.48, 4, 11075
25096, 13711, 54.63, 252, 68.48, 4, 11075
25097, 13711, 54.63, 252, 68.48, 4, 11076
25098, 13712, 54.63, 252, 68.48, 4, 11076
25099, 13713, 54.64, 252, 68.48, 4, 11076
25100, 13714, 54.64, 252, 68.48, 4, 11076
25101, 13714, 54.64, 252, 68.48, 4, 11077
25102, 13714, 54.63, 252, 68.48, 4, 11078
25103, 13715, 54.63, 252, 68.48, 4, 11078
25104, 13715, 54.63, 252, 68.48, 4, 11079
25105, 13715, 54.63, 252, 68.48, 4, 11080
25106, 13716, 54.63, 252, 68.48, 4, 11080
25107, 13717, 54.63, 252, 68.48, 4, 11080
25108, 13718, 54.64, 252, 68.48, 4, 11080
25109, 13719, 54.64, 252, 68.48, 4, 11080
25110, 13720, 54.64, 252, 68.48, 4, 11080
25111, 13721, 54.64, 252, 68.48, 4, 11080
25112, 13722, 54.64, 252, 68.48, 4, 11080
25113, 13723, 54.65, 252, 68.48, 4, 11080
25114, 13723, 54.64, 252, 68.48, 4, 11081
25115, 13724, 54.64, 252, 68.48, 4, 11081
25116, 13724, 54.64, 252, 68.48, 4, 11082
25117, 13724, 54.64, 252, 68.48, 4, 11083
25118, 13724, 54.64, 252, 68.48, 4, 11084
25119, 13724, 54.64, 252, 68.48, 4, 11085
25120, 13725, 54.64, 252, 68.48, 4, 11085
25121, 13725, 54.64, 252, 68.48, 4, 11086
25122, 13725, 54.63, 252, 68.48, 4, 11087
25123, 13726, 54.64, 252, 68.48, 4, 11087
25124, 13726, 54.63, 252, 68.48, 4, 11088
25125, 13727, 54.63, 252, 68.48, 4, 11088
25126, 13728, 54.64, 252, 68.48, 4, 11088
25127, 13729, 54.64, 252, 68.48, 4, 11088
25128, 13729, 54.64, 252, 68.48, 4, 11089
25129, 13730, 54.64, 252, 68.48, 4, 11089
25130, 13730, 54.64, 252, 68.48, 4, 11090
25131, 13730, 54.63, 252, 68.48, 4, 11091
25132, 13731, 54.64, 252, 68.48, 4, 11091
25133, 13732, 54.64, 252, 68.48, 4, 11091
25134, 13732, 54.64, 252, 68.48, 4, 11092
25135, 13733, 54.64, 252, 68.48, 4, 11092
25136, 13734, 54.64, 252, 68.48, 4, 11092
25137, 13734, 54.64, 252, 68.48, 4, 11093
25138, 13735, 54.64, 252, 68.48, 4, 11093
25139, 13736, 54.64, 252, 68.48, 4, 11093
25140, 13736, 54.64, 252, 68.48, 4, 11094
25141, 13736, 54.64, 252, 68.48, 4, 11095
25142, 13736, 54.63, 252, 68.48, 4, 11096
25143, 13737, 54.64, 252, 68.48, 4, 11096
25144, 13737, 54.63, 252, 68.48, 4, 11097
25145, 13737, 54.63, 252, 68.48, 4, 11098
25146, 13738, 54.63, 252, 68.48, 4, 11098
25147, 13738, 54.63, 252, 68.48, 4, 11099
25148, 13739, 54.63, 252, 68.48, 4, 11099
25149, 13740, 54.63, 252, 68.48, 4, 11099
25150, 13741, 54.64, 252, 68.48, 4, 11099
25151, 13741, 54.63, 252, 68.48, 4, 11100
25152, 13741, 54.63, 252, 68.48, 4, 11101
25153, 13741, 54.63, 252, 68.48, 4, 11102
25154, 13742, 54.63, 252, 68.48, 4, 11102
25155, 13742, 54.63, 252, 68.48, 4, 11103
25156, 13743, 54.63, 252, 68.48, 4, 11103
25157, 13743, 54.63, 252, 68.48, 4, 11104
25158, 13743, 54.63, 252, 68.48, 4, 11105
25159, 13744, 54.63, 252, 68.48, 4, 11105
25160, 13744, 54.63, 252, 68.48, 4, 11106
25161, 13745, 54.63, 252, 68.48, 4, 11106
25162, 13746, 54.63, 252, 68.48, 4, 11106
25163, 13747, 54.63, 252, 68.48, 4, 11106
25164, 13748, 54.63, 252, 68.48, 4, 11106
25165, 13749, 54.64, 252, 68.48, 4, 11106
25166, 13750, 54.64, 252, 68.48, 4, 11106
25167, 13751, 54.64, 252, 68.48, 4, 11106
25168, 13751, 54.64, 252, 68.48, 4, 11106
25169, 13752, 54.64, 252, 68.48, 4, 11106
25170, 13752, 54.64, 252, 68.48, 4, 11106
25171, 13752, 54.63, 252, 68.48, 4, 11107
25172, 13753, 54.64, 252, 68.48, 4, 11107
25173, 13754, 54.64, 252, 68.48, 4, 11107
25174, 13755, 54.64, 252, 68.48, 4, 11107
25175, 13755, 54.64, 252, 68.48, 4, 11108
25176, 13755, 54.64, 252, 68.48, 4, 11109
25177, 13756, 54.64, 252, 68.48, 4, 11109
25178, 13756, 54.63, 252, 68.48, 4, 11110
25179, 13757, 54.64, 252, 68.48, 4, 11110
25180, 13757, 54.63, 252, 68.48, 4, 11111
25181, 13757, 54.63, 252, 68.48, 4, 11112
25182, 13758, 54.63, 252, 68.48, 4, 11112
25183, 13758, 54.63, 252, 68.48, 4, 11113
25184, 13758, 54.63, 252, 68.48, 4, 11114
25185, 13758, 54.63, 252, 68.48, 4, 11115
25186, 13758, 54.63, 252, 68.48, 4, 11116
25187, 13759, 54.63, 252, 68.48, 4, 11116
25188, 13759, 54.63, 252, 68.48, 4, 11117
25189, 13759, 54.62, 252, 68.48, 4, 11118
25190, 13759, 54.62, 252, 68.48, 4, 11119
25191, 13759, 54.62, 252, 68.48, 4, 11120
25192, 13759, 54.62, 252, 68.48, 4, 11121
25193, 13760, 54.62, 252, 68.48, 4, 11121
25194, 13760, 54.62, 252, 68.48, 4, 11122
25195, 13760, 54.61, 252, 68.48, 4, 11123
25196, 13761, 54.62, 252, 68.48, 4, 11123
25197, 13762, 54.62, 252, 68.48, 4, 11123
25198, 13762, 54.62, 252, 68.48, 4, 11124
25199, 13762, 54.61, 252, 68.48, 4, 11125
25200, 13762, 54.61, 252, 68.48, 4, 11126
25201, 13762, 54.61, 252, 68.48, 4, 11127
25202, 13763, 54.61, 252, 68.48, 4, 11127
25203, 13764, 54.61, 252, 68.48, 4, 11127
25204, 13765, 54.61, 252, 68.48, 4, 11127
25205, 13765, 54.61, 252, 68.48, 4, 11128
25206, 13766, 54.61, 252, 68.48, 4, 11128
25207, 13766, 54.61, 252, 68.48, 4, 11129
25208, 13767, 54.61, 252, 68.48, 4, 11129
25209, 13768, 54.62, 252, 68.48, 4, 11129
25210, 13769, 54.62, 252, 68.48, 4, 11129
25211, 13770, 54.62, 252, 68.48, 4, 11129
25212, 13770, 54.62, 252, 68.48, 4, 11130
25213, 13771, 54.62, 252, 68.48, 4, 11130
25214, 13771, 54.62, 252, 68.48, 4, 11131
25215, 13772, 54.62, 252, 68.48, 4, 11131
25216, 13772, 54.62, 252, 68.48, 4, 11132
25217, 13773, 54.62, 252, 68.48, 4, 11132
25218, 13774, 54.62, 252, 68.48, 4, 11132
25219, 13774, 54.62, 252, 68.48, 4, 11133
25220, 13775, 54.62, 252, 68.48, 4, 11133
25221, 13775, 54.62, 252, 68.48, 4, 11134
25222, 13775, 54.62, 252, 68.48, 4, 11135
25223, 13776, 54.62, 252, 68.48, 4, 11135
25224, 13777, 54.62, 252, 68.48, 4, 11135
25225, 13778, 54.62, 252, 68.48, 4, 11135
25226, 13778, 54.62, 252, 68.48, 4, 11136
25227, 13779, 54.62, 252, 68.48, 4, 11136
25228, 13780, 54.62, 252, 68.48, 4, 11136
25229, 13781, 54.62, 252, 68.48, 4, 11136
25230, 13782, 54.63, 252, 68.48, 4, 11136
25231, 13783, 54.63, 252, 68.48, 4, 11136
25232, 13784, 54.63, 252, 68.48, 4, 11136
25233, 13784, 54.63, 252, 68.48, 4, 11137
25234, 13785, 54.63, 252, 68.48, 4, 11137
25235, 13786, 54.63, 252, 68.48, 4, 11137
25236, 13786, 54.63, 252, 68.48, 4, 11138
25237, 13787, 54.63, 252, 68.48, 4, 11138
25238, 13787, 54.63, 252, 68.48, 4, 11139
25239, 13787, 54.63, 252, 68.48, 4, 11140
25240, 13787, 54.62, 252, 68.48, 4, 11141
25241, 13787, 54.62, 252, 68.48, 4, 11142
25242, 13788, 54.62, 252, 68.48, 4, 11142
25243, 13788, 54.62, 252, 68.48, 4, 11143
25244, 13789, 54.62, 252, 68.48, 4, 11143
25245, 13790, 54.62, 252, 68.48, 4, 11143
25246, 13790, 54.62, 252, 68.48, 4, 11144
25247, 13791, 54.62, 252, 68.48, 4, 11144
25248, 13792, 54.63, 252, 68.48, 4, 11144
25249, 13793, 54.63, 252, 68.48, 4, 11144
25250, 13794, 54.63, 252, 68.48, 4, 11144
25251, 13795, 54.63, 252, 68.48, 4, 11144
25252, 13796, 54.63, 252, 68.48, 4, 11144
25253, 13796, 54.63, 252, 68.48, 4, 11145
25254, 13796, 54.63, 252, 68.48, 4, 11146
25255, 13796, 54.63, 252, 68.48, 4, 11147
25256, 13796, 54.62, 252, 68.48, 4, 11148
25257, 13797, 54.63, 252, 68.48, 4, 11148
25258, 13797, 54.62, 252, 68.48, 4, 11149
25259, 13797, 54.62, 252, 68.48, 4, 11150
25260, 13797, 54.62, 252, 68.48, 4, 11151
25261, 13797, 54.62, 252, 68.48, 4, 11152
25262, 13798, 54.62, 252, 68.48, 4, 11152
25263, 13798, 54.62, 252, 68.48, 4, 11153
25264, 13799, 54.62, 252, 68.48, 4, 11153
25265, 13800, 54.62, 252, 68.48, 4, 11153
25266, 13801, 54.62, 252, 68.48, 4, 11153
25267, 13801, 54.62, 252, 68.48, 4, 11154
25268, 13801, 54.62, 252, 68.48, 4, 11155
25269, 13801, 54.62, 252, 68.48, 4, 11156
25270, 13801, 54.61, 252, 68.48, 4, 11157
25271, 13801, 54.61, 252, 68.48, 4, 11158
25272, 13801, 54.61, 252, 68.48, 4, 11159
25273, 13801, 54.61, 252, 68.48, 4, 11160
25274, 13801, 54.61, 252, 68.48, 4, 11161
25275, 13801, 54.60, 252, 68.48, 4, 11162
25276, 13801, 54.60, 252, 68.48, 4, 11162
25277, 13802, 54.60, 252, 68.48, 4, 11162
25278, 13802, 54.60, 252, 68.48, 4, 11163
25279, 13803, 54.60, 252, 68.48, 4, 11163
25280, 13804, 54.60, 252, 68.48, 4, 11163
25281, 13805, 54.61, 252, 68.48, 4, 11163
25282, 13805, 54.60, 252, 68.48, 4, 11164
25283, 13806, 54.61, 252, 68.48, 4, 11164
25284, 13807, 54.61, 252, 68.48, 4, 11164
25285, 13808, 54.61, 252, 68.48, 4, 11164
25286, 13808, 54.61, 252, 68.48, 4, 11165
25287, 13808, 54.61, 252, 68.48, 4, 11166
25288, 13808, 54.60, 252, 68.48, 4, 11167
25289, 13809, 54.60, 252, 68.48, 4, 11167
25290, 13809, 54.60, 252, 68.48, 4, 11168
25291, 13810, 54.60, 252, 68.48, 4, 11168
25292, 13811, 54.61, 252, 68.48, 4, 11168
25293, 13812, 54.61, 252, 68.48, 4, 11168
25294, 13813, 54.61, 252, 68.48, 4, 11168
25295, 13813, 54.61, 252, 68.48, 4, 11168
25296, 13813, 54.61, 252, 68.48, 4, 11169
25297, 13813, 54.60, 252, 68.48, 4, 11170
25298, 13814, 54.61, 252, 68.48, 4, 11170
25299, 13815, 54.61, 252, 68.48, 4, 11170
25300, 13816, 54.61, 252, 68.48, 4, 11170
25301, 13816, 54.61, 252, 68.48, 4, 11171
25302, 13817, 54.61, 252, 68.48, 4, 11171
25303, 13817, 54.61, 252, 68.48, 4, 11172
25304, 13818, 54.61, 252, 68.48, 4, 11172
25305, 13819, 54.61, 252, 68.48, 4, 11172
25306, 13820, 54.61, 252, 68.48, 4, 11172
25307, 13820, 54.61, 252, 68.48, 4, 11173
25308, 13820, 54.61, 252, 68.48, 4, 11174
25309, 13820, 54.61, 252, 68.48, 4, 11175
25310, 13820, 54.60, 252, 68.48, 4, 11176
25311, 13821, 54.60, 252, 68.48, 4, 11176
25312, 13821, 54.60, 252, 68.48, 4, 11177
25313, 13821, 54.60, 252, 68.48, 4, 11178
25314, 13822, 54.60, 252, 68.48, 4, 11178
25315, 13823, 54.60, 252, 68.48, 4, 11178
25316, 13824, 54.61, 252, 68.48, 4, 11178
25317, 13825, 54.61, 252, 68.48, 4, 11178
25318, 13826, 54.61, 252, 68.48, 4, 11178
25319, 13827, 54.61, 252, 68.48, 4, 11178
25320, 13828, 54.61, 252, 68.48, 4, 11178
25321, 13828, 54.61, 252, 68.48, 4, 11179
25322, 13829, 54.61, 252, 68.48, 4, 11179
25323, 13829, 54.61, 252, 68.48, 4, 11180
25324, 13829, 54.61, 252, 68.48, 4, 11181
25325, 13830, 54.61, 252, 68.48, 4, 11181
25326, 13831, 54.61, 252, 68.48, 4, 11181
25327, 13831, 54.61, 252, 68.48, 4, 11182
25328, 13832, 54.61, 252, 68.48, 4, 11182
25329, 13833, 54.61, 252, 68.48, 4, 11182
25330, 13834, 54.62, 252, 68.48, 4, 11182
25331, 13835, 54.62, 252, 68.48, 4, 11182
25332, 13835, 54.61, 252, 68.48, 4, 11183
25333, 13836, 54.62, 252, 68.48, 4, 11183
25334, 13837, 54.62, 252, 68.48, 4, 11183
25335, 13837, 54.62, 252, 68.48, 4, 11184
25336, 13837, 54.61, 252, 68.48, 4, 11185
25337, 13838, 54.62, 252, 68.48, 4, 11185
25338, 13838, 54.61, 252, 68.48, 4, 11186
25339, 13839, 54.62, 252, 68.48, 4, 11186
25340, 13840, 54.62, 252, 68.48, 4, 11186
25341, 13840, 54.62, 252, 68.48, 4, 11187
25342, 13840, 54.61, 252, 68.48, 4, 11188
25343, 13841, 54.61, 252, 68.48, 4, 11188
25344, 13842, 54.62, 252, 68.48, 4, 11188
25345, 13843, 54.62, 252, 68.48, 4, 11188
25346, 13843, 54.62, 252, 68.48, 4, 11189
25347, 13843, 54.61, 252, 68.48, 4, 11190
25348, 13843, 54.61, 252, 68.48, 4, 11191
25349, 13844, 54.61, 252, 68.48, 4, 11191
25350, 13845, 54.62, 252, 68.48, 4, 11191
25351, 13846, 54.62, 252, 68.48, 4, 11191
25352, 13846, 54.62, 252, 68.48, 4, 11192
25353, 13846, 54.61, 252, 68.48, 4, 11193
25354, 13846, 54.61, 252, 68.48, 4, 11194
25355, 13847, 54.61, 252, 68.48, 4, 11194
25356, 13848, 54.61, 252, 68.48, 4, 11194
25357, 13848, 54.61, 252, 68.48, 4, 11195
25358, 13848, 54.61, 252, 68.48, 4, 11196
25359, 13848, 54.61, 252, 68.48, 4, 11197
25360, 13849, 54.61, 252, 68.48, 4, 11197
25361, 13850, 54.61, 252, 68.48, 4, 11197
25362, 13850, 54.61, 252, 68.48, 4, 11198
25363, 13851, 54.61, 252, 68.48, 4, 11198
25364, 13851, 54.61, 252, 68.48, 4, 11199
25365, 13851, 54.61, 252, 68.48, 4, 11200
25366, 13851, 54.60, 252, 68.48, 4, 11201
25367, 13852, 54.61, 252, 68.48, 4, 11201
25368, 13853, 54.61, 252, 68.48, 4, 11201
25369, 13853, 54.61, 252, 68.48, 4, 11202
25370, 13853, 54.60, 252, 68.48, 4, 11203
25371, 13854, 54.61, 252, 68.48, 4, 11203
25372, 13854, 54.60, 252, 68.48, 4, 11204
25373, 13855, 54.61, 252, 68.48, 4, 11204
25374, 13856, 54.61, 252, 68.48, 4, 11204
25375, 13856, 54.60, 252, 68.48, 4, 11205
25376, 13856, 54.60, 252, 68.48, 4, 11206
25377, 13856, 54.60, 252, 68.48, 4, 11207
25378, 13856, 54.60, 252, 68.48, 4, 11208
25379, 13857, 54.60, 252, 68.48, 4, 11208
25380, 13858, 54.60, 252, 68.48, 4, 11208
25381, 13858, 54.60, 252, 68.48, 4, 11209
25382, 13859, 54.60, 252, 68.48, 4, 11209
25383, 13859, 54.60, 252, 68.48, 4, 11210
25384, 13859, 54.60, 252, 68.48, 4, 11211
25385, 13860, 54.60, 252, 68.48, 4, 11211
25386, 13861, 54.60, 252, 68.48, 4, 11211
25387, 13862, 54.60, 252, 68.48, 4, 11211
25388, 13863, 54.60, 252, 68.48, 4, 11211
25389, 13864, 54.61, 252, 68.48, 4, 11211
25390, 13865, 54.61, 252, 68.48, 4, 11211
25391, 13866, 54.61, 252, 68.48, 4, 11211
25392, 13866, 54.61, 252, 68.48, 4, 11212
25393, 13866, 54.61, 252, 68.48, 4, 11213
25394, 13867, 54.61, 252, 68.48, 4, 11213
25395, 13867, 54.61, 252, 68.48, 4, 11214
25396, 13867, 54.60, 252, 68.48, 4, 11215
25397, 13868, 54.60, 252, 68.48, 4, 11215
25398, 13868, 54.60, 252, 68.48, 4, 11216
25399, 13869, 54.60, 252, 68.48, 4, 11216
25400, 13870, 54.61, 252, 68.48, 4, 11216
25401, 13871, 54.61, 252, 68.48, 4, 11216
25402, 13871, 54.61, 252, 68.48, 4, 11217
25403, 13872, 54.61, 252, 68.48, 4, 11217
25404, 13873, 54.61, 252, 68.48, 4, 11217
25405, 13873, 54.61, 252, 68.48, 4, 11218
25406, 13873, 54.61, 252, 68.48, 4, 11219
25407, 13874, 54.61, 252, 68.48, 4, 11219
25408, 13875, 54.61, 252, 68.48, 4, 11219
25409, 13875, 54.61, 252, 68.48, 4, 11220
25410, 13876, 54.61, 252, 68.48, 4, 11220
25411, 13876, 54.61, 252, 68.48, 4, 11221
25412, 13876, 54.60, 252, 68.48, 4, 11222
25413, 13876, 54.60, 252, 68.48, 4, 11223
25414, 13876, 54.60, 252, 68.48, 4, 11224
25415, 13876, 54.60, 252, 68.48, 4, 11225
25416, 13876, 54.60, 252, 68.48, 4, 11226
25417, 13877, 54.60, 252, 68.48, 4, 11226
25418, 13877, 54.60, 252, 68.48, 4, 11227
25419, 13878, 54.60, 252, 68.48, 4, 11227
25420, 13879, 54.60, 252, 68.48, 4, 11227
25421, 13880, 54.60, 252, 68.48, 4, 11227
25422, 13880, 54.60, 252, 68.48, 4, 11228
25423, 13880, 54.60, 252, 68.48, 4, 11229
25424, 13880, 54.59, 252, 68.48, 4, 11230
25425, 13880, 54.59, 252, 68.48, 4, 11231
25426, 13881, 54.59, 252, 68.48, 4, 11231
25427, 13882, 54.60, 252, 68.48, 4, 11231
25428, 13883, 54.60, 252, 68.48, 4, 11231
25429, 13884, 54.60, 252, 68.48, 4, 11231
25430, 13884, 54.60, 252, 68.48, 4, 11232
25431, 13885, 54.60, 252, 68.48, 4, 11232
25432, 13885, 54.60, 252, 68.48, 4, 11233
25433, 13885, 54.59, 252, 68.48, 4, 11234
25434, 13886, 54.60, 252, 68.48, 4, 11234
25435, 13887, 54.60, 252, 68.48, 4, 11234
25436, 13887, 54.60, 252, 68.48, 4, 11235
25437, 13887, 54.59, 252, 68.48, 4, 11236
25438, 13887, 54.59, 252, 68.48, 4, 11237
25439, 13888, 54.59, 252, 68.48, 4, 11237
25440, 13889, 54.60, 252, 68.48, 4, 11237
25441, 13889, 54.59, 252, 68.48, 4, 11238
25442, 13890, 54.59, 252, 68.48, 4, 11238
25443, 13891, 54.60, 252, 68.48, 4, 11238
25444, 13892, 54.60, 252, 68.48, 4, 11238
25445, 13893, 54.60, 252, 68.48, 4, 11238
25446, 13894, 54.60, 252, 68.48, 4, 11238
25447, 13895, 54.60, 252, 68.48, 4, 11238
25448, 13895, 54.60, 252, 68.48, 4, 11239
25449, 13895, 54.60, 252, 68.48, 4, 11240
25450, 13895, 54.60, 252, 68.48, 4, 11241
25451, 13895, 54.60, 252, 68.48, 4, 11242
25452, 13896, 54.60, 252, 68.48, 4, 11242
25453, 13897, 54.60, 252, 68.48, 4, 11242
25454, 13898, 54.60, 252, 68.48, 4, 11242
25455, 13898, 54.60, 252, 68.48, 4, 11243
25456, 13898, 54.60, 252, 68.48, 4, 11244
25457, 13899, 54.60, 252, 68.48, 4, 11244
25458, 13899, 54.60, 252, 68.48, 4, 11245
25459, 13900, 54.60, 252, 68.48, 4, 11245
25460, 13900, 54.60, 252, 68.48, 4, 11246
25461, 13901, 54.60, 252, 68.48, 4, 11246
25462, 13901, 54.60, 252, 68.48, 4, 11247
25463, 13901, 54.59, 252, 68.48, 4, 11248
25464, 13902, 54.59, 252, 68.48, 4, 11248
25465, 13902, 54.59, 252, 68.48, 4, 11249
25466, 13903, 54.59, 252, 68.48, 4, 11249
25467, 13904, 54.60, 252, 68.48, 4, 11249
25468, 13904, 54.59, 252, 68.48, 4, 11250
25469, 13905, 54.60, 252, 68.48, 4, 11250
25470, 13905, 54.59, 252, 68.48, 4, 11251
25471, 13905, 54.59, 252, 68.48, 4, 11252
25472, 13906, 54.59, 252, 68.48, 4, 11252
25473, 13906, 54.59, 252, 68.48, 4, 11253
25474, 13906, 54.59, 252, 68.48, 4, 11254
25475, 13907, 54.59, 252, 68.48, 4, 11254
25476, 13908, 54.59, 252, 68.48, 4, 11254
25477, 13909, 54.59, 252, 68.48, 4, 11254
25478, 13910, 54.60, 252, 68.48, 4, 11254
25479, 13911, 54.60, 252, 68.48, 4, 11254
25480, 13911, 54.60, 252, 68.48, 4, 11255
25481, 13912, 54.60, 252, 68.48, 4, 11255
25482, 13913, 54.60, 252, 68.48, 4, 11255
25483, 13913, 54.60, 252, 68.48, 4, 11256
25484, 13913, 54.60, 252, 68.48, 4, 11257
25485, 13913, 54.59, 252, 68.48, 4, 11258
25486, 13913, 54.59, 252, 68.48, 4, 11259
25487, 13914, 54.59, 252, 68.48, 4, 11259
25488, 13914, 54.59, 252, 68.48, 4, 11260
25489, 13915, 54.59, 252, 68.48, 4, 11260
25490, 13916, 54.59, 252, 68.48, 4, 11260
25491, 13916, 54.59, 252, 68.48, 4, 11261
25492, 13917, 54.59, 252, 68.48, 4, 11261
25493, 13918, 54.60, 252, 68.48, 4, 11261
25494, 13919, 54.60, 252, 68.48, 4, 11261
25495, 13919, 54.60, 252, 68.48, 4, 11262
25496, 13919, 54.59, 252, 68.48, 4, 11263
25497, 13920, 54.59, 252, 68.48, 4, 11263
25498, 13920, 54.59, 252, 68.48, 4, 11264
25499, 13920, 54.59, 252, 68.48, 4, 11265
25500, 13920, 54.59, 252, 68.48, 4, 11266
25501, 13921, 54.59, 252, 68.48, 4, 11266
25502, 13921, 54.59, 252, 68.48, 4, 11267
25503, 13922, 54.59, 252, 68.48, 4, 11267
25504, 13922, 54.59, 252, 68.48, 4, 11268
25505, 13922, 54.59, 252, 68.48, 4, 11269
25506, 13922, 54.58, 252, 68.48, 4, 11270
25507, 13922, 54.58, 252, 68.48, 4, 11271
25508, 13923, 54.58, 252, 68.48, 4, 11271
25509, 13924, 54.58, 252, 68.48, 4, 11271
25510, 13925, 54.59, 252, 68.48, 4, 11271
25511, 13926, 54.59, 252, 68.48, 4, 11271
25512, 13927, 54.59, 252, 68.48, 4, 11271
25513, 13928, 54.59, 252, 68.48, 4, 11271
25514, 13928, 54.59, 252, 68.48, 4, 11272
25515, 13929, 54.59, 252, 68.48, 4, 11272
25516, 13929, 54.59, 252, 68.48, 4, 11273
25517, 13930, 54.59, 252, 68.48, 4, 11273
25518, 13931, 54.59, 252, 68.48, 4, 11273
25519, 13932, 54.59, 252, 68.48, 4, 11273
25520, 13932, 54.59, 252, 68.48, 4, 11274
25521, 13933, 54.59, 252, 68.48, 4, 11274
25522, 13933, 54.59, 252, 68.48, 4, 11275
25523, 13934, 54.59, 252, 68.48, 4, 11275
25524, 13934, 54.59, 252, 68.48, 4, 11276
25525, 13935, 54.59, 252, 68.48, 4, 11276
25526, 13935, 54.59, 252, 68.48, 4, 11277
25527, 13935, 54.59, 252, 68.48, 4, 11278
25528, 13935, 54.59, 252, 68.48, 4, 11279
25529, 13936, 54.59, 252, 68.48, 4, 11279
25530, 13937, 54.59, 252, 68.48, 4, 11279
25531, 13937, 54.59, 252, 68.48, 4, 11280
25532, 13938, 54.59, 252, 68.48, 4, 11280
25533, 13939, 54.59, 252, 68.48, 4, 11280
25534, 13940, 54.59, 252, 68.48, 4, 11280
25535, 13941, 54.60, 252, 68.48, 4, 11280
25536, 13942, 54.60, 252, 68.48, 4, 11280
25537, 13942, 54.60, 252, 68.48, 4, 11281
25538, 13942, 54.59, 252, 68.48, 4, 11282
25539, 13942, 54.59, 252, 68.48, 4, 11283
25540, 13942, 54.59, 252, 68.48, 4, 11284
25541, 13942, 54.59, 252, 68.48, 4, 11285
25542, 13943, 54.59, 252, 68.48, 4, 11285
25543, 13943, 54.59, 252, 68.48, 4, 11286
25544, 13943, 54.58, 252, 68.48, 4, 11287
25545, 13944, 54.59, 252, 68.48, 4, 11287
25546, 13945, 54.59, 252, 68.48, 4, 11287
25547, 13945, 54.59, 252, 68.48, 4, 11288
25548, 13945, 54.58, 252, 68.48, 4, 11289
25549, 13945, 54.58, 252, 68.48, 4, 11290
25550, 13946, 54.58, 252, 68.48, 4, 11290
25551, 13946, 54.58, 252, 68.48, 4, 11291
25552, 13947, 54.58, 252, 68.48, 4, 11291
25553, 13948, 54.58, 252, 68.48, 4, 11291
25554, 13948, 54.58, 252, 68.48, 4, 11292
25555, 13948, 54.58, 252, 68.48, 4, 11293
25556, 13949, 54.58, 252, 68.48, 4, 11293
25557, 13950, 54.58, 252, 68.48, 4, 11293
25558, 13950, 54.58, 252, 68.48, 4, 11293
25559, 13951, 54.58, 252, 68.48, 4, 11293
25560, 13952, 54.59, 252, 68.48, 4, 11293
25561, 13952, 54.58, 252, 68.48, 4, 11294
25562, 13952, 54.58, 252, 68.48, 4, 11295
25563, 13953, 54.58, 252, 68.48, 4, 11295
25564, 13954, 54.58, 252, 68.48, 4, 11295
25565, 13954, 54.58, 252, 68.48, 4, 11296
25566, 13954, 54.58, 252, 68.48, 4, 11297
25567, 13954, 54.58, 252, 68.48, 4, 11298
25568, 13955, 54.58, 252, 68.48, 4, 11298
25569, 13955, 54.58, 252, 68.48, 4, 11299
25570, 13956, 54.58, 252, 68.48, 4, 11299
25571, 13957, 54.58, 252, 68.48, 4, 11299
25572, 13958, 54.58, 252, 68.48, 4, 11299
25573, 13958, 54.58, 252, 68.48, 4, 11300
25574, 13959, 54.58, 252, 68.48, 4, 11300
25575, 13960, 54.58, 252, 68.48, 4, 11300
25576, 13961, 54.59, 252, 68.48, 4, 11300
25577, 13962, 54.59, 252, 68.48, 4, 11300
25578, 13963, 54.59, 252, 68.48, 4, 11300
25579, 13963, 54.59, 252, 68.48, 4, 11301
25580, 13964, 54.59, 252, 68.48, 4, 11301
25581, 13965, 54.59, 252, 68.48, 4, 11301
25582, 13965, 54.59, 252, 68.48, 4, 11302
25583, 13965, 54.59, 252, 68.48, 4, 11303
25584, 13965, 54.58, 252, 68.48, 4, 11304
25585, 13966, 54.59, 252, 68.48, 4, 11304
25586, 13967, 54.59, 252, 68.48, 4, 11304
25587, 13968, 54.59, 252, 68.48, 4, 11304
25588, 13968, 54.59, 252, 68.48, 4, 11305
25589, 13969, 54.59, 252, 68.48, 4, 11305
25590, 13969, 54.59, 252, 68.48, 4, 11305
25591, 13969, 54.59, 252, 68.48, 4, 11306
25592, 13969, 54.58, 252, 68.48, 4, 11307
25593, 13970, 54.59, 252, 68.48, 4, 11307
25594, 13971, 54.59, 252, 68.48, 4, 11307
25595, 13972, 54.59, 252, 68.48, 4, 11307
25596, 13973, 54.59, 252, 68.48, 4, 11307
25597, 13973, 54.59, 252, 68.48, 4, 11308
25598, 13973, 54.59, 252, 68.48, 4, 11309
25599, 13973, 54.58, 252, 68.48, 4, 11310
25600, 13974, 54.59, 252, 68.48, 4, 11310
25601, 13975, 54.59, 252, 68.48, 4, 11310
25602, 13975, 54.59, 252, 68.48, 4, 11311
25603, 13975, 54.58, 252, 68.48, 4, 11312
25604, 13976, 54.59, 252, 68.48, 4, 11312
25605, 13976, 54.58, 252, 68.48, 4, 11313
25606, 13977, 54.58, 252, 68.48, 4, 11313
25607, 13978, 54.59, 252, 68.48, 4, 11313
25608, 13978, 54.58, 252, 68.48, 4, 11314
25609, 13978, 54.58, 252, 68.48, 4, 11315
25610, 13979, 54.58, 252, 68.48, 4, 11315
25611, 13979, 54.58, 252, 68.48, 4, 11316
25612, 13979, 54.58, 252, 68.48, 4, 11317
25613, 13979, 54.58, 252, 68.48, 4, 11318
25614, 13980, 54.58, 252, 68.48, 4, 11318
25615, 13981, 54.58, 252, 68.48, 4, 11318
25616, 13981, 54.58, 252, 68.48, 4, 11319
25617, 13981, 54.58, 252, 68.48, 4, 11320
25618, 13982, 54.58, 252, 68.48, 4, 11320
25619, 13983, 54.58, 252, 68.48, 4, 11320
25620, 13984, 54.58, 252, 68.48, 4, 11320
25621, 13984, 54.58, 252, 68.48, 4, 11321
25622, 13984, 54.58, 252, 68.48, 4, 11322
25623, 13985, 54.58, 252, 68.48, 4, 11322
25624, 13986, 54.58, 252, 68.48, 4, 11322
25625, 13986, 54.58, 252, 68.48, 4, 11323
25626, 13986, 54.58, 252, 68.48, 4, 11324
25627, 13987, 54.58, 252, 68.48, 4, 11324
25628, 13988, 54.58, 252, 68.48, 4, 11324
25629, 13989, 54.58, 252, 68.48, 4, 11324
25630, 13990, 54.58, 252, 68.48, 4, 11324
25631, 13991, 54.59, 252, 68.48, 4, 11324
25632, 13991, 54.58, 252, 68.48, 4, 11325
25633, 13992, 54.59, 252, 68.48, 4, 11325
25634, 13993, 54.59, 252, 68.48, 4, 11325
25635, 13994, 54.59, 252, 68.48, 4, 11325
25636, 13994, 54.59, 252, 68.48, 4, 11326
25637, 13995, 54.59, 252, 68.48, 4, 11326
25638, 13996, 54.59, 252, 68.48, 4, 11326
25639, 13996, 54.59, 252, 68.48, 4, 11327
25640, 13997, 54.59, 252, 68.48, 4, 11327
25641, 13998, 54.59, 252, 68.48, 4, 11327
25642, 13999, 54.59, 252, 68.48, 4, 11327
25643, 13999, 54.59, 252, 68.48, 4, 11328
25644, 14000, 54.59, 252, 68.48, 4, 11328
25645, 14000, 54.59, 252, 68.48, 4, 11329
25646, 14001, 54.59, 252, 68.48, 4, 11329
25647, 14002, 54.60, 252, 68.48, 4, 11329
25648, 14002, 54.59, 252, 68.48, 4, 11330
25649, 14002, 54.59, 252, 68.48, 4, 11331
25650, 14002, 54.59, 252, 68.48, 4, 11332
25651, 14003, 54.59, 252, 68.48, 4, 11332
25652, 14004, 54.59, 252, 68.48, 4, 11332
25653, 14004, 54.59, 252, 68.48, 4, 11333
25654, 14004, 54.59, 252, 68.48, 4, 11334
25655, 14004, 54.59, 252, 68.48, 4, 11335
25656, 14004, 54.58, 252, 68.48, 4, 11336
25657, 14004, 54.58, 252, 68.48, 4, 11337
25658, 14004, 54.58, 252, 68.48, 4, 11338
25659, 14004, 54.58, 252, 68.48, 4, 11339
25660, 14005, 54.58, 252, 68.48, 4, 11339
25661, 14006, 54.58, 252, 68.48, 4, 11339
25662, 14007, 54.58, 252, 68.48, 4, 11339
25663, 14008, 54.58, 252, 68.48, 4, 11339
25664, 14009, 54.59, 252, 68.48, 4, 11339
25665, 14009, 54.58, 252, 68.48, 4, 11340
25666, 14010, 54.59, 252, 68.48, 4, 11340
25667, 14011, 54.59, 252, 68.48, 4, 11340
25668, 14011, 54.59, 252, 68.48, 4, 11341
25669, 14012, 54.59, 252, 68.48, 4, 11341
25670, 14013, 54.59, 252, 68.48, 4, 11341
25671, 14014, 54.59, 252, 68.48, 4, 11341
25672, 14015, 54.59, 252, 68.48, 4, 11341
25673, 14015, 54.59, 252, 68.48, 4, 11342
25674, 14015, 54.59, 252, 68.48, 4, 11343
25675, 14016, 54.59, 252, 68.48, 4, 11343
25676, 14017, 54.59, 252, 68.48, 4, 11343
25677, 14017, 54.59, 252, 68.48, 4, 11344
25678, 14017, 54.59, 252, 68.48, 4, 11345
25679, 14018, 54.59, 252, 68.48, 4, 11345
25680, 14019, 54.59, 252, 68.48, 4, 11345
25681, 14019, 54.59, 252, 68.48, 4, 11346
25682, 14020, 54.59, 252, 68.48, 4, 11346
25683, 14020, 54.59, 252, 68.48, 4, 11347
25684, 14020, 54.59, 252, 68.48, 4, 11348
25685, 14020, 54.58, 252, 68.48, 4, 11349
25686, 14020, 54.58, 252, 68.48, 4, 11350
25687, 14021, 54.58, 252, 68.48, 4, 11350
25688, 14021, 54.58, 252, 68.48, 4, 11351
25689, 14021, 54.58, 252, 68.48, 4, 11352
25690, 14022, 54.58, 252, 68.48, 4, 11352
25691, 14023, 54.58, 252, 68.48, 4, 11352
25692, 14023, 54.58, 252, 68.48, 4, 11353
25693, 14024, 54.58, 252, 68.48, 4, 11353
25694, 14025, 54.58, 252, 68.48, 4, 11353
25695, 14025, 54.58, 252, 68.48, 4, 11354
25696, 14026, 54.58, 252, 68.48, 4, 11354
25697, 14026, 54.58, 252, 68.48, 4, 11355
25698, 14027, 54.58, 252, 68.48, 4, 11355
25699, 14028, 54.59, 252, 68.48, 4, 11355
25700, 14029, 54.59, 252, 68.48, 4, 11355
25701, 14030, 54.59, 252, 68.48, 4, 11355
25702, 14030, 54.59, 252, 68.48, 4, 11356
25703, 14031, 54.59, 252, 68.48, 4, 11356
25704, 14031, 54.59, 252, 68.48, 4, 11357
25705, 14032, 54.59, 252, 68.48, 4, 11357
25706, 14033, 54.59, 252, 68.48, 4, 11357
25707, 14034, 54.59, 252, 68.48, 4, 11357
25708, 14035, 54.59, 252, 68.48, 4, 11357
25709, 14035, 54.59, 252, 68.48, 4, 11358
25710, 14035, 54.59, 252, 68.48, 4, 11359
25711, 14035, 54.59, 252, 68.48, 4, 11360
25712, 14036, 54.59, 252, 68.48, 4, 11360
25713, 14036, 54.59, 252, 68.48, 4, 11361
25714, 14037, 54.59, 252, 68.48, 4, 11361
25715, 14037, 54.59, 252, 68.48, 4, 11362
25716, 14037, 54.58, 252, 68.48, 4, 11363
25717, 14038, 54.59, 252, 68.48, 4, 11363
25718, 14038, 54.58, 252, 68.48, 4, 11364
25719, 14038, 54.58, 252, 68.48, 4, 11365
25720, 14039, 54.58, 252, 68.48, 4, 11365
25721, 14039, 54.58, 252, 68.48, 4, 11366
25722, 14039, 54.58, 252, 68.48, 4, 11367
25723, 14040, 54.58, 252, 68.48, 4, 11367
25724, 14040, 54.58, 252, 68.48, 4, 11368
25725, 14041, 54.58, 252, 68.48, 4, 11368
25726, 14041, 54.58, 252, 68.48, 4, 11369
25727, 14041, 54.58, 252, 68.48, 4, 11370
25728, 14041, 54.57, 252, 68.48, 4, 11371
25729, 14042, 54.58, 252, 68.48, 4, 11371
25730, 14043, 54.58, 252, 68.48, 4, 11371
25731, 14043, 54.58, 252, 68.48, 4, 11372
25732, 14043, 54.57, 252, 68.48, 4, 11373
25733, 14044, 54.58, 252, 68.48, 4, 11373
25734, 14044, 54.57, 252, 68.48, 4, 11374
25735, 14045, 54.58, 252, 68.48, 4, 11374
25736, 14046, 54.58, 252, 68.48, 4, 11374
25737, 14046, 54.58, 252, 68.48, 4, 11375
25738, 14046, 54.57, 252, 68.48, 4, 11376
25739, 14046, 54.57, 252, 68.48, 4, 11377
25740, 14046, 54.57, 252, 68.48, 4, 11378
25741, 14046, 54.57, 252, 68.48, 4, 11379
25742, 14047, 54.57, 252, 68.48, 4, 11379
25743, 14048, 54.57, 252, 68.48, 4, 11379
25744, 14049, 54.57, 252, 68.48, 4, 11379
25745, 14050, 54.57, 252, 68.48, 4, 11379
25746, 14051, 54.58, 252, 68.48, 4, 11379
25747, 14051, 54.57, 252, 68.48, 4, 11380
25748, 14052, 54.58, 252, 68.48, 4, 11380
25749, 14053, 54.58, 252, 68.48, 4, 11380
25750, 14054, 54.58, 252, 68.48, 4, 11380
25751, 14055, 54.58, 252, 68.48, 4, 11380
25752, 14055, 54.58, 252, 68.48, 4, 11381
25753, 14056, 54.58, 252, 68.48, 4, 11381
25754, 14057, 54.58, 252, 68.48, 4, 11381
25755, 14058, 54.58, 252, 68.48, 4, 11381
25756, 14058, 54.58, 252, 68.48, 4, 11382
25757, 14059, 54.58, 252, 68.48, 4, 11382
25758, 14059, 54.58, 252, 68.48, 4, 11383
25759, 14059, 54.58, 252, 68.48, 4, 11384
25760, 14060, 54.58, 252, 68.48, 4, 11384
25761, 14061, 54.58, 252, 68.48, 4, 11384
25762, 14062, 54.58, 252, 68.48, 4, 11384
25763, 14063, 54.59, 252, 68.48, 4, 11384
25764, 14064, 54.59, 252, 68.48, 4, 11384
25765, 14065, 54.59, 252, 68.48, 4, 11384
25766, 14066, 54.59, 252, 68.48, 4, 11384
25767, 14066, 54.59, 252, 68.48, 4, 11385
25768, 14066, 54.59, 252, 68.48, 4, 11386
25769, 14067, 54.59, 252, 68.48, 4, 11386
25770, 14067, 54.59, 252, 68.48, 4, 11387
25771, 14067, 54.58, 252, 68.48, 4, 11388
25772, 14067, 54.58, 252, 68.48, 4, 11389
25773, 14068, 54.58, 252, 68.48, 4, 11389
25774, 14069, 54.59, 252, 68.48, 4, 11389
25775, 14070, 54.59, 252, 68.48, 4, 11389
25776, 14071, 54.59, 252, 68.48, 4, 11389
25777, 14071, 54.59, 252, 68.48, 4, 11390
25778, 14072, 54.59, 252, 68.48, 4, 11390
25779, 14072, 54.59, 252, 68.48, 4, 11391
25780, 14073, 54.59, 252, 68.48, 4, 11391
25781, 14074, 54.59, 252, 68.48, 4, 11391
25782, 14074, 54.59, 252, 68.48, 4, 11392
25783, 14075, 54.59, 252, 68.48, 4, 11392
25784, 14076, 54.59, 252, 68.48, 4, 11392
25785, 14076, 54.59, 252, 68.48, 4, 11393
25786, 14076, 54.59, 252, 68.48, 4, 11394
25787, 14077, 54.59, 252, 68.48, 4, 11394
25788, 14078, 54.59, 252, 68.48, 4, 11394
25789, 14079, 54.59, 252, 68.48, 4, 11394
25790, 14080, 54.59, 252, 68.48, 4, 11394
25791, 14080, 54.59, 252, 68.48, 4, 11395
25792, 14080, 54.59, 252, 68.48, 4, 11396
25793, 14081, 54.59, 252, 68.48, 4, 11396
25794, 14082, 54.59, 252, 68.48, 4, 11396
25795, 14082, 54.59, 252, 68.48, 4, 11397
25796, 14083, 54.59, 252, 68.48, 4, 11397
25797, 14083, 54.59, 252, 68.48, 4, 11398
25798, 14083, 54.59, 252, 68.48, 4, 11399
25799, 14084, 54.59, 252, 68.48, 4, 11399
25800, 14084, 54.59, 252, 68.48, 4, 11400
25801, 14084, 54.59, 252, 68.48, 4, 11401
25802, 14084, 54.58, 252, 68.48, 4, 11402
25803, 14084, 54.58, 252, 68.48, 4, 11403
25804, 14085, 54.58, 252, 68.48, 4, 11403
25805, 14086, 54.59, 252, 68.48, 4, 11403
25806, 14086, 54.58, 252, 68.48, 4, 11404
25807, 14086, 54.58, 252, 68.48, 4, 11405
25808, 14087, 54.58, 252, 68.48, 4, 11405
25809, 14087, 54.58, 252, 68.48, 4, 11406
25810, 14087, 54.58, 252, 68.48, 4, 11407
25811, 14087, 54.58, 252, 68.48, 4, 11408
25812, 14088, 54.58, 252, 68.48, 4, 11408
25813, 14088, 54.58, 252, 68.48, 4, 11409
25814, 14089, 54.58, 252, 68.48, 4, 11409
25815, 14090, 54.58, 252, 68.48, 4, 11409
25816, 14091, 54.58, 252, 68.48, 4, 11409
25817, 14092, 54.58, 252, 68.48, 4, 11409
25818, 14093, 54.59, 252, 68.48, 4, 11409
25819, 14093, 54.58, 252, 68.48, 4, 11410
25820, 14094, 54.59, 252, 68.48, 4, 11410
25821, 14094, 54.58, 252, 68.48, 4, 11411
25822, 14095, 54.59, 252, 68.48, 4, 11411
25823, 14096, 54.59, 252, 68.48, 4, 11411
25824, 14096, 54.58, 252, 68.48, 4, 11412
25825, 14097, 54.59, 252, 68.48, 4, 11412
25826, 14098, 54.59, 252, 68.48, 4, 11412
25827, 14099, 54.59, 252, 68.48, 4, 11412
25828, 14099, 54.59, 252, 68.48, 4, 11413
25829, 14099, 54.59, 252, 68.48, 4, 11413
25830, 14100, 54.59, 252, 68.48, 4, 11413
25831, 14100, 54.59, 252, 68.48, 4, 11413
25832, 14101, 54.59, 252, 68.48, 4, 11413
25833, 14101, 54.59, 252, 68.48, 4, 11414
25834, 14102, 54.59, 252, 68.48, 4, 11414
25835, 14103, 54.59, 252, 68.48, 4, 11414
25836, 14103, 54.59, 252, 68.48, 4, 11415
25837, 14104, 54.59, 252, 68.48, 4, 11415
25838, 14104, 54.59, 252, 68.48, 4, 11416
25839, 14104, 54.58, 252, 68.48, 4, 11417
25840, 14105, 54.59, 252, 68.48, 4, 11417
25841, 14106, 54.59, 252, 68.48, 4, 11417
25842, 14107, 54.59, 252, 68.48, 4, 11417
25843, 14108, 54.59, 252, 68.48, 4, 11417
25844, 14108, 54.59, 252, 68.48, 4, 11418
25845, 14109, 54.59, 252, 68.48, 4, 11418
25846, 14110, 54.59, 252, 68.48, 4, 11418
25847, 14110, 54.59, 252, 68.48, 4, 11419
25848, 14110, 54.59, 252, 68.48, 4, 11420
25849, 14111, 54.59, 252, 68.48, 4, 11420
25850, 14112, 54.59, 252, 68.48, 4, 11420
25851, 14112, 54.59, 252, 68.48, 4, 11421
25852, 14112, 54.59, 252, 68.48, 4, 11422
25853, 14112, 54.59, 252, 68.48, 4, 11423
25854, 14112, 54.58, 252, 68.48, 4, 11424
25855, 14113, 54.59, 252, 68.48, 4, 11424
25856, 14114, 54.59, 252, 68.48, 4, 11424
25857, 14115, 54.59, 252, 68.48, 4, 11424
25858, 14115, 54.59, 252, 68.48, 4, 11425
25859, 14116, 54.59, 252, 68.48, 4, 11425
25860, 14117, 54.59, 252, 68.48, 4, 11425
25861, 14117, 54.59, 252, 68.48, 4, 11426
25862, 14117, 54.59, 252, 68.48, 4, 11427
25863, 14118, 54.59, 252, 68.48, 4, 11427
25864, 14119, 54.59, 252, 68.48, 4, 11427
25865, 14119, 54.59, 252, 68.48, 4, 11428
25866, 14119, 54.59, 252, 68.48, 4, 11429
25867, 14120, 54.59, 252, 68.48, 4, 11429
25868, 14121, 54.59, 252, 68.48, 4, 11429
25869, 14122, 54.59, 252, 68.48, 4, 11429
25870, 14123, 54.59, 252, 68.48, 4, 11429
25871, 14124, 54.59, 252, 68.48, 4, 11429
25872, 14125, 54.60, 252, 68.48, 4, 11429
25873, 14126, 54.60, 252, 68.48, 4, 11429
25874, 14127, 54.60, 252, 68.48, 4, 11429
25875, 14127, 54.60, 252, 68.48, 4, 11430
25876, 14128, 54.60, 252, 68.48, 4, 11430
25877, 14128, 54.60, 252, 68.48, 4, 11431
25878, 14128, 54.59, 252, 68.48, 4, 11432
25879, 14129, 54.60, 252, 68.48, 4, 11432
25880, 14130, 54.60, 252, 68.48, 4, 11432
25881, 14131, 54.60, 252, 68.48, 4, 11432
25882, 14132, 54.60, 252, 68.48, 4, 11432
25883, 14133, 54.60, 252, 68.48, 4, 11432
25884, 14134, 54.61, 252, 68.48, 4, 11432
25885, 14135, 54.61, 252, 68.48, 4, 11432
25886, 14136, 54.61, 252, 68.48, 4, 11432
25887, 14137, 54.61, 252, 68.48, 4, 11432
25888, 14138, 54.61, 252, 68.48, 4, 11432
25889, 14138, 54.61, 252, 68.48, 4, 11433
25890, 14139, 54.61, 252, 68.48, 4, 11433
25891, 14139, 54.61, 252, 68.48, 4, 11434
25892, 14140, 54.61, 252, 68.48, 4, 11434
25893, 14141, 54.61, 252, 68.48, 4, 11434
25894, 14142, 54.61, 252, 68.48, 4, 11434
25895, 14142, 54.61, 252, 68.48, 4, 11435
25896, 14142, 54.61, 252, 68.48, 4, 11436
25897, 14143, 54.61, 252, 68.48, 4, 11436
25898, 14144, 54.61, 252, 68.48, 4, 11436
25899, 14144, 54.61, 252, 68.48, 4, 11437
25900, 14145, 54.61, 252, 68.48, 4, 11437
25901, 14145, 54.61, 252, 68.48, 4, 11438
25902, 14146, 54.61, 252, 68.48, 4, 11438
25903, 14146, 54.61, 252, 68.48, 4, 11439
25904, 14147, 54.61, 252, 68.48, 4, 11439
25905, 14147, 54.61, 252, 68.48, 4, 11440
25906, 14148, 54.61, 252, 68.48, 4, 11440
25907, 14148, 54.61, 252, 68.48, 4, 11441
25908, 14149, 54.61, 252, 68.48, 4, 11441
25909, 14150, 54.61, 252, 68.48, 4, 11441
25910, 14150, 54.61, 252, 68.48, 4, 11442
25911, 14151, 54.61, 252, 68.48, 4, 11442
25912, 14152, 54.62, 252, 68.48, 4, 11442
25913, 14153, 54.62, 252, 68.48, 4, 11442
25914, 14153, 54.62, 252, 68.48, 4, 11443
25915, 14153, 54.61, 252, 68.48, 4, 11444
25916, 14154, 54.61, 252, 68.48, 4, 11444
25917, 14154, 54.61, 252, 68.48, 4, 11445
25918, 14155, 54.61, 252, 68.48, 4, 11445
25919, 14155, 54.61, 252, 68.48, 4, 11446
25920, 14155, 54.61, 252, 68.48, 4, 11447
25921, 14155, 54.61, 252, 68.48, 4, 11448
25922, 14155, 54.61, 252, 68.48, 4, 11449
25923, 14156, 54.61, 252, 68.48, 4, 11449
25924, 14157, 54.61, 252, 68.48, 4, 11449
25925, 14157, 54.61, 252, 68.48, 4, 11450
25926, 14157, 54.61, 252, 68.48, 4, 11451
25927, 14158, 54.61, 252, 68.48, 4, 11451
25928, 14158, 54.61, 252, 68.48, 4, 11452
25929, 14158, 54.60, 252, 68.48, 4, 11453
25930, 14159, 54.60, 252, 68.48, 4, 11453
25931, 14160, 54.61, 252, 68.48, 4, 11453
25932, 14161, 54.61, 252, 68.48, 4, 11453
25933, 14162, 54.61, 252, 68.48, 4, 11453
25934, 14163, 54.61, 252, 68.48, 4, 11453
25935, 14164, 54.61, 252, 68.48, 4, 11453
25936, 14165, 54.62, 252, 68.48, 4, 11453
25937, 14165, 54.61, 252, 68.48, 4, 11454
25938, 14166, 54.61, 252, 68.48, 4, 11454
25939, 14167, 54.62, 252, 68.48, 4, 11454
25940, 14167, 54.61, 252, 68.48, 4, 11455
25941, 14168, 54.62, 252, 68.48, 4, 11455
25942, 14168, 54.61, 252, 68.48, 4, 11456
25943, 14168, 54.61, 252, 68.48, 4, 11457
25944, 14168, 54.61, 252, 68.48, 4, 11458
25945, 14169, 54.61, 252, 68.48, 4, 11458
25946, 14169, 54.61, 252, 68.48, 4, 11459
25947, 14170, 54.61, 252, 68.48, 4, 11459
25948, 14170, 54.61, 252, 68.48, 4, 11460
25949, 14171, 54.61, 252, 68.48, 4, 11460
25950, 14171, 54.61, 252, 68.48, 4, 11461
25951, 14172, 54.61, 252, 68.48, 4, 11461
25952, 14172, 54.61, 252, 68.48, 4, 11462
25953, 14172, 54.61, 252, 68.48, 4, 11463
25954, 14172, 54.60, 252, 68.48, 4, 11464
25955, 14173, 54.61, 252, 68.48, 4, 11464
25956, 14174, 54.61, 252, 68.48, 4, 11464
25957, 14175, 54.61, 252, 68.48, 4, 11464
25958, 14176, 54.61, 252, 68.48, 4, 11464
25959, 14177, 54.61, 252, 68.48, 4, 11464
25960, 14177, 54.61, 252, 68.48, 4, 11465
25961, 14178, 54.61, 252, 68.48, 4, 11465
25962, 14179, 54.61, 252, 68.48, 4, 11465
25963, 14179, 54.61, 252, 68.48, 4, 11466
25964, 14180, 54.61, 252, 68.48, 4, 11466
25965, 14181, 54.62, 252, 68.48, 4, 11466
25966, 14182, 54.62, 252, 68.48, 4, 11466
25967, 14182, 54.62, 252, 68.48, 4, 11467
25968, 14183, 54.62, 252, 68.48, 4, 11467
25969, 14184, 54.62, 252, 68.48, 4, 11467
25970, 14185, 54.62, 252, 68.48, 4, 11467
25971, 14185, 54.62, 252, 68.48, 4, 11468
25972, 14186, 54.62, 252, 68.48, 4, 11468
25973, 14186, 54.62, 252, 68.48, 4, 11469
25974, 14187, 54.62, 252, 68.48, 4, 11469
25975, 14188, 54.62, 252, 68.48, 4, 11469
25976, 14188, 54.62, 252, 68.48, 4, 11470
25977, 14188, 54.62, 252, 68.48, 4, 11471
25978, 14188, 54.62, 252, 68.48, 4, 11472
25979, 14189, 54.62, 252, 68.48, 4, 11472
25980, 14190, 54.62, 252, 68.48, 4, 11472
25981, 14190, 54.62, 252, 68.48, 4, 11473
25982, 14190, 54.61, 252, 68.48, 4, 11474
25983, 14190, 54.61, 252, 68.48, 4, 11475
25984, 14191, 54.61, 252, 68.48, 4, 11475
25985, 14191, 54.61, 252, 68.48, 4, 11476
25986, 14192, 54.61, 252, 68.48, 4, 11476
25987, 14193, 54.62, 252, 68.48, 4, 11476
25988, 14194, 54.62, 252, 68.48, 4, 11476
25989, 14195, 54.62, 252, 68.48, 4, 11476
25990, 14195, 54.62, 252, 68.48, 4, 11477
25991, 14196, 54.62, 252, 68.48, 4, 11477
25992, 14197, 54.62, 252, 68.48, 4, 11477
25993, 14198, 54.62, 252, 68.48, 4, 11477
25994, 14199, 54.62, 252, 68.48, 4, 11477
25995, 14200, 54.63, 252, 68.48, 4, 11477
25996, 14200, 54.62, 252, 68.48, 4, 11478
25997, 14201, 54.63, 252, 68.48, 4, 11478
25998, 14202, 54.63, 252, 68.48, 4, 11478
25999, 14203, 54.63, 252, 68.48, 4, 11478
26000, 14204, 54.63, 252, 68.48, 4, 11478
26001, 14204, 54.63, 252, 68.48, 4, 11479
26002, 14204, 54.63, 252, 68.48, 4, 11480
26003, 14205, 54.63, 252, 68.48, 4, 11480
26004, 14206, 54.63, 252, 68.48, 4, 11480
26005, 14206, 54.63, 252, 68.48, 4, 11481
26006, 14207, 54.63, 252, 68.48, 4, 11481
26007, 14207, 54.63, 252, 68.48, 4, 11482
26008, 14208, 54.63, 252, 68.48, 4, 11482
26009, 14209, 54.63, 252, 68.48, 4, 11482
26010, 14210, 54.63, 252, 68.48, 4, 11482
26011, 14211, 54.63, 252, 68.48, 4, 11482
26012, 14211, 54.63, 252, 68.48, 4, 11483
26013, 14212, 54.63, 252, 68.48, 4, 11483
26014, 14213, 54.64, 252, 68.48, 4, 11483
26015, 14213, 54.63, 252, 68.48, 4, 11484
26016, 14214, 54.64, 252, 68.48, 4, 11484
26017, 14215, 54.64, 252, 68.48, 4, 11484
26018, 14215, 54.64, 252, 68.48, 4, 11485
26019, 14216, 54.64, 252, 68.48, 4, 11485
26020, 14217, 54.64, 252, 68.48, 4, 11485
26021, 14218, 54.64, 252, 68.48, 4, 11485
26022, 14219, 54.64, 252, 68.48, 4, 11485
26023, 14219, 54.64, 252, 68.48, 4, 11486
26024, 14220, 54.64, 252, 68.48, 4, 11486
26025, 14221, 54.64, 252, 68.48, 4, 11486
26026, 14221, 54.64, 252, 68.48, 4, 11487
26027, 14221, 54.64, 252, 68.48, 4, 11488
26028, 14222, 54.64, 252, 68.48, 4, 11488
26029, 14222, 54.64, 252, 68.48, 4, 11489
26030, 14223, 54.64, 252, 68.48, 4, 11489
26031, 14223, 54.64, 252, 68.48, 4, 11490
26032, 14224, 54.64, 252, 68.48, 4, 11490
26033, 14225, 54.64, 252, 68.48, 4, 11490
26034, 14226, 54.64, 252, 68.48, 4, 11490
26035, 14227, 54.65, 252, 68.48, 4, 11490
26036, 14227, 54.64, 252, 68.48, 4, 11490
26037, 14228, 54.65, 252, 68.48, 4, 11490
26038, 14228, 54.64, 252, 68.48, 4, 11491
26039, 14229, 54.64, 252, 68.48, 4, 11491
26040, 14230, 54.65, 252, 68.48, 4, 11491
26041, 14231, 54.65, 252, 68.48, 4, 11491
26042, 14231, 54.65, 252, 68.48, 4, 11492
26043, 14231, 54.64, 252, 68.48, 4, 11493
26044, 14232, 54.65, 252, 68.48, 4, 11493
26045, 14232, 54.64, 252, 68.48, 4, 11494
26046, 14233, 54.65, 252, 68.48, 4, 11494
26047, 14234, 54.65, 252, 68.48, 4, 11494
26048, 14235, 54.65, 252, 68.48, 4, 11494
26049, 14236, 54.65, 252, 68.48, 4, 11494
26050, 14237, 54.65, 252, 68.48, 4, 11494
26051, 14238, 54.65, 252, 68.48, 4, 11494
26052, 14239, 54.66, 252, 68.48, 4, 11494
26053, 14239, 54.65, 252, 68.48, 4, 11495
26054, 14240, 54.66, 252, 68.48, 4, 11495
26055, 14240, 54.65, 252, 68.48, 4, 11496
26056, 14241, 54.66, 252, 68.48, 4, 11496
26057, 14242, 54.66, 252, 68.48, 4, 11496
26058, 14243, 54.66, 252, 68.48, 4, 11496
26059, 14243, 54.66, 252, 68.48, 4, 11496
26060, 14244, 54.66, 252, 68.48, 4, 11496
26061, 14245, 54.66, 252, 68.48, 4, 11496
26062, 14245, 54.66, 252, 68.48, 4, 11497
26063, 14246, 54.66, 252, 68.48, 4, 11497
26064, 14247, 54.66, 252, 68.48, 4, 11497
26065, 14248, 54.66, 252, 68.48, 4, 11497
26066, 14249, 54.67, 252, 68.48, 4, 11497
26067, 14250, 54.67, 252, 68.48, 4, 11497
26068, 14251, 54.67, 252, 68.48, 4, 11497
26069, 14252, 54.67, 252, 68.48, 4, 11497
26070, 14253, 54.67, 252, 68.48, 4, 11497
26071, 14254, 54.67, 252, 68.48, 4, 11497
26072, 14255, 54.68, 252, 68.48, 4, 11497
26073, 14256, 54.68, 252, 68.48, 4, 11497
26074, 14257, 54.68, 252, 68.48, 4, 11497
26075, 14257, 54.68, 252, 68.48, 4, 11498
26076, 14258, 54.68, 252, 68.48, 4, 11498
26077, 14259, 54.68, 252, 68.48, 4, 11498
26078, 14260, 54.68, 252, 68.48, 4, 11498
26079, 14260, 54.68, 252, 68.48, 4, 11499
26080, 14261, 54.68, 252, 68.48, 4, 11499
26081, 14261, 54.68, 252, 68.48, 4, 11500
26082, 14261, 54.68, 252, 68.48, 4, 11501
26083, 14262, 54.68, 252, 68.48, 4, 11501
26084, 14263, 54.68, 252, 68.48, 4, 11501
26085, 14264, 54.68, 252, 68.48, 4, 11501
26086, 14264, 54.68, 252, 68.48, 4, 11502
26087, 14264, 54.68, 252, 68.48, 4, 11503
26088, 14264, 54.68, 252, 68.48, 4, 11504
26089, 14265, 54.68, 252, 68.48, 4, 11504
26090, 14265, 54.68, 252, 68.48, 4, 11505
26091, 14265, 54.67, 252, 68.48, 4, 11506
26092, 14266, 54.68, 252, 68.48, 4, 11506
26093, 14266, 54.67, 252, 68.48, 4, 11507
26094, 14266, 54.67, 252, 68.48, 4, 11508
26095, 14267, 54.67, 252, 68.48, 4, 11508
26096, 14268, 54.68, 252, 68.48, 4, 11508
26097, 14268, 54.67, 252, 68.48, 4, 11509
26098, 14269, 54.67, 252, 68.48, 4, 11509
26099, 14270, 54.68, 252, 68.48, 4, 11509
26100, 14271, 54.68, 252, 68.48, 4, 11509
26101, 14271, 54.68, 252, 68.48, 4, 11510
26102, 14272, 54.68, 252, 68.48, 4, 11510
26103, 14272, 54.68, 252, 68.48, 4, 11511
26104, 14273, 54.68, 252, 68.48, 4, 11511
26105, 14274, 54.68, 252, 68.48, 4, 11511
26106, 14274, 54.68, 252, 68.48, 4, 11512
26107, 14274, 54.67, 252, 68.48, 4, 11513
26108, 14275, 54.68, 252, 68.48, 4, 11513
26109, 14276, 54.68, 252, 68.48, 4, 11513
26110, 14277, 54.68, 252, 68.48, 4, 11513
26111, 14277, 54.68, 252, 68.48, 4, 11514
26112, 14277, 54.68, 252, 68.48, 4, 11515
26113, 14277, 54.67, 252, 68.48, 4, 11516
26114, 14278, 54.68, 252, 68.48, 4, 11516
26115, 14279, 54.68, 252, 68.48, 4, 11516
26116, 14280, 54.68, 252, 68.48, 4, 11516
26117, 14281, 54.68, 252, 68.48, 4, 11516
26118, 14282, 54.68, 252, 68.48, 4, 11516
26119, 14283, 54.68, 252, 68.48, 4, 11516
26120, 14284, 54.69, 252, 68.48, 4, 11516
26121, 14285, 54.69, 252, 68.48, 4, 11516
26122, 14286, 54.69, 252, 68.48, 4, 11516
26123, 14286, 54.69, 252, 68.48, 4, 11517
26124, 14287, 54.69, 252, 68.48, 4, 11517
26125, 14288, 54.69, 252, 68.48, 4, 11517
26126, 14289, 54.69, 252, 68.48, 4, 11517
26127, 14289, 54.69, 252, 68.48, 4, 11518
26128, 14289, 54.69, 252, 68.48, 4, 11519
26129, 14290, 54.69, 252, 68.48, 4, 11519
26130, 14291, 54.69, 252, 68.48, 4, 11519
26131, 14291, 54.69, 252, 68.48, 4, 11520
26132, 14292, 54.69, 252, 68.48, 4, 11520
26133, 14293, 54.69, 252, 68.48, 4, 11520
26134, 14294, 54.70, 252, 68.48, 4, 11520
26135, 14294, 54.69, 252, 68.48, 4, 11521
26136, 14294, 54.69, 252, 68.48, 4, 11522
26137, 14295, 54.69, 252, 68.48, 4, 11522
26138, 14295, 54.69, 252, 68.48, 4, 11523
26139, 14295, 54.69, 252, 68.48, 4, 11524
26140, 14296, 54.69, 252, 68.48, 4, 11524
26141, 14296, 54.69, 252, 68.48, 4, 11525
26142, 14296, 54.69, 252, 68.48, 4, 11526
26143, 14297, 54.69, 252, 68.48, 4, 11526
26144, 14298, 54.69, 252, 68.48, 4, 11526
26145, 14299, 54.69, 252, 68.48, 4, 11526
26146, 14299, 54.69, 252, 68.48, 4, 11527
26147, 14299, 54.69, 252, 68.48, 4, 11528
26148, 14300, 54.69, 252, 68.48, 4, 11528
26149, 14300, 54.69, 252, 68.48, 4, 11529
26150, 14300, 54.68, 252, 68.48, 4, 11530
26151, 14301, 54.69, 252, 68.48, 4, 11530
26152, 14301, 54.68, 252, 68.48, 4, 11531
26153, 14302, 54.69, 252, 68.48, 4, 11531
26154, 14303, 54.69, 252, 68.48, 4, 11531
26155, 14304, 54.69, 252, 68.48, 4, 11531
26156, 14304, 54.69, 252, 68.48, 4, 11532
26157, 14305, 54.69, 252, 68.48, 4, 11532
26158, 14306, 54.69, 252, 68.48, 4, 11532
26159, 14307, 54.69, 252, 68.48, 4, 11532
26160, 14308, 54.69, 252, 68.48, 4, 11532
26161, 14309, 54.70, 252, 68.48, 4, 11532
26162, 14310, 54.70, 252, 68.48, 4, 11532
26163, 14310, 54.70, 252, 68.48, 4, 11533
26164, 14311, 54.70, 252, 68.48, 4, 11533
26165, 14312, 54.70, 252, 68.48, 4, 11533
26166, 14313, 54.70, 252, 68.48, 4, 11533
26167, 14314, 54.70, 252, 68.48, 4, 11533
26168, 14315, 54.70, 252, 68.48, 4, 11533
26169, 14316, 54.71, 252, 68.48, 4, 11533
26170, 14316, 54.70, 252, 68.48, 4, 11534
26171, 14316, 54.70, 252, 68.48, 4, 11535
26172, 14316, 54.70, 252, 68.48, 4, 11536
26173, 14316, 54.70, 252, 68.48, 4, 11537
26174, 14316, 54.70, 252, 68.48, 4, 11538
26175, 14317, 54.70, 252, 68.48, 4, 11538
26176, 14318, 54.70, 252, 68.48, 4, 11538
26177, 14318, 54.70, 252, 68.48, 4, 11539
26178, 14318, 54.69, 252, 68.48, 4, 11540
26179, 14319, 54.70, 252, 68.48, 4, 11540
26180, 14319, 54.69, 252, 68.48, 4, 11541
26181, 14319, 54.69, 252, 68.48, 4, 11542
26182, 14320, 54.69, 252, 68.48, 4, 11542
26183, 14320, 54.69, 252, 68.48, 4, 11543
26184, 14321, 54.69, 252, 68.48, 4, 11543
26185, 14322, 54.70, 252, 68.48, 4, 11543
26186, 14323, 54.70, 252, 68.48, 4, 11543
26187, 14324, 54.70, 252, 68.48, 4, 11543
26188, 14325, 54.70, 252, 68.48, 4, 11543
26189, 14326, 54.70, 252, 68.48, 4, 11543
26190, 14326, 54.70, 252, 68.48, 4, 11544
26191, 14327, 54.70, 252, 68.48, 4, 11544
26192, 14328, 54.70, 252, 68.48, 4, 11544
26193, 14329, 54.71, 252, 68.48, 4, 11544
26194, 14330, 54.71, 252, 68.48, 4, 11544
26195, 14331, 54.71, 252, 68.48, 4, 11544
26196, 14332, 54.71, 252, 68.48, 4, 11544
26197, 14332, 54.71, 252, 68.48, 4, 11545
26198, 14333, 54.71, 252, 68.48, 4, 11545
26199, 14334, 54.71, 252, 68.48, 4, 11545
26200, 14335, 54.71, 252, 68.48, 4, 11545
26201, 14336, 54.72, 252, 68.48, 4, 11545
26202, 14336, 54.71, 252, 68.48, 4, 11546
26203, 14336, 54.71, 252, 68.48, 4, 11547
26204, 14337, 54.71, 252, 68.48, 4, 11547
26205, 14338, 54.71, 252, 68.48, 4, 11547
26206, 14339, 54.72, 252, 68.48, 4, 11547
26207, 14340, 54.72, 252, 68.48, 4, 11547
26208, 14340, 54.72, 252, 68.48, 4, 11548
26209, 14341, 54.72, 252, 68.48, 4, 11548
26210, 14341, 54.72, 252, 68.48, 4, 11549
26211, 14341, 54.71, 252, 68.48, 4, 11550
26212, 14341, 54.71, 252, 68.48, 4, 11551
26213, 14342, 54.71, 252, 68.48, 4, 11551
26214, 14342, 54.71, 252, 68.48, 4, 11552
26215, 14342, 54.71, 252, 68.48, 4, 11553
26216, 14342, 54.71, 252, 68.48, 4, 11554
26217, 14343, 54.71, 252, 68.48, 4, 11554
26218, 14344, 54.71, 252, 68.48, 4, 11554
26219, 14344, 54.71, 252, 68.48, 4, 11555
26220, 14344, 54.71, 252, 68.48, 4, 11556
26221, 14345, 54.71, 252, 68.48, 4, 11556
26222, 14345, 54.71, 252, 68.48, 4, 11557
26223, 14345, 54.70, 252, 68.48, 4, 11558
26224, 14346, 54.71, 252, 68.48, 4, 11558
26225, 14346, 54.70, 252, 68.48, 4, 11559
26226, 14346, 54.70, 252, 68.48, 4, 11560
26227, 14347, 54.70, 252, 68.48, 4, 11560
26228, 14348, 54.70, 252, 68.48, 4, 11560
26229, 14349, 54.71, 252, 68.48, 4, 11560
26230, 14349, 54.70, 252, 68.48, 4, 11560
26231, 14349, 54.70, 252, 68.48, 4, 11560
26232, 14349, 54.70, 252, 68.48, 4, 11561
26233, 14349, 54.70, 252, 68.48, 4, 11562
26234, 14349, 54.70, 252, 68.48, 4, 11563
26235, 14350, 54.70, 252, 68.48, 4, 11563
26236, 14351, 54.70, 252, 68.48, 4, 11563
26237, 14352, 54.70, 252, 68.48, 4, 11563
26238, 14353, 54.70, 252, 68.48, 4, 11563
26239, 14353, 54.70, 252, 68.48, 4, 11564
26240, 14354, 54.70, 252, 68.48, 4, 11564
26241, 14354, 54.70, 252, 68.48, 4, 11565
26242, 14354, 54.70, 252, 68.48, 4, 11566
26243, 14355, 54.70, 252, 68.48, 4, 11566
26244, 14356, 54.70, 252, 68.48, 4, 11566
26245, 14357, 54.70, 252, 68.48, 4, 11566
26246, 14358, 54.71, 252, 68.48, 4, 11566
26247, 14358, 54.70, 252, 68.48, 4, 11567
26248, 14358, 54.70, 252, 68.48, 4, 11568
26249, 14359, 54.70, 252, 68.48, 4, 11568
26250, 14360, 54.70, 252, 68.48, 4, 11568
26251, 14361, 54.71, 252, 68.48, 4, 11568
26252, 14362, 54.71, 252, 68.48, 4, 11568
26253, 14362, 54.71, 252, 68.48, 4, 11569
26254, 14363, 54.71, 252, 68.48, 4, 11569
26255, 14364, 54.71, 252, 68.48, 4, 11569
26256, 14365, 54.71, 252, 68.48, 4, 11569
26257, 14365, 54.71, 252, 68.48, 4, 11570
26258, 14365, 54.71, 252, 68.48, 4, 11571
26259, 14365, 54.71, 252, 68.48, 4, 11572
26260, 14366, 54.71, 252, 68.48, 4, 11572
26261, 14367, 54.71, 252, 68.48, 4, 11572
26262, 14367, 54.71, 252, 68.48, 4, 11573
26263, 14367, 54.70, 252, 68.48, 4, 11574
26264, 14367, 54.70, 252, 68.48, 4, 11575
26265, 14367, 54.70, 252, 68.48, 4, 11576
26266, 14367, 54.70, 252, 68.48, 4, 11577
26267, 14368, 54.70, 252, 68.48, 4, 11577
26268, 14369, 54.70, 252, 68.48, 4, 11577
26269, 14370, 54.70, 252, 68.48, 4, 11577
26270, 14371, 54.70, 252, 68.48, 4, 11577
26271, 14372, 54.71, 252, 68.48, 4, 11577
26272, 14373, 54.71, 252, 68.48, 4, 11577
26273, 14374, 54.71, 252, 68.48, 4, 11577
26274, 14374, 54.71, 252, 68.48, 4, 11578
26275, 14375, 54.71, 252, 68.48, 4, 11578
26276, 14375, 54.71, 252, 68.48, 4, 11579
26277, 14375, 54.71, 252, 68.48, 4, 11580
26278, 14375, 54.70, 252, 68.48, 4, 11581
26279, 14376, 54.71, 252, 68.48, 4, 11581
26280, 14377, 54.71, 252, 68.48, 4, 11581
26281, 14378, 54.71, 252, 68.48, 4, 11581
26282, 14379, 54.71, 252, 68.48, 4, 11581
26283, 14380, 54.71, 252, 68.48, 4, 11581
26284, 14380, 54.71, 252, 68.48, 4, 11582
26285, 14381, 54.71, 252, 68.48, 4, 11582
26286, 14381, 54.71, 252, 68.48, 4, 11582
26287, 14382, 54.71, 252, 68.48, 4, 11582
26288, 14383, 54.71, 252, 68.48, 4, 11582
26289, 14383, 54.71, 252, 68.48, 4, 11583
26290, 14383, 54.71, 252, 68.48, 4, 11584
26291, 14384, 54.71, 252, 68.48, 4, 11584
26292, 14385, 54.71, 252, 68.48, 4, 11584
26293, 14386, 54.71, 252, 68.48, 4, 11584
26294, 14386, 54.71, 252, 68.48, 4, 11585
26295, 14387, 54.71, 252, 68.48, 4, 11585
26296, 14388, 54.72, 252, 68.48, 4, 11585
26297, 14389, 54.72, 252, 68.48, 4, 11585
26298, 14389, 54.72, 252, 68.48, 4, 11586
26299, 14389, 54.71, 252, 68.48, 4, 11587
26300, 14389, 54.71, 252, 68.48, 4, 11588
26301, 14390, 54.71, 252, 68.48, 4, 11588
26302, 14391, 54.71, 252, 68.48, 4, 11588
26303, 14391, 54.71, 252, 68.48, 4, 11589
26304, 14391, 54.71, 252, 68.48, 4, 11590
26305, 14392, 54.71, 252, 68.48, 4, 11590
26306, 14393, 54.71, 252, 68.48, 4, 11590
26307, 14394, 54.72, 252, 68.48, 4, 11590
26308, 14395, 54.72, 252, 68.48, 4, 11590
26309, 14395, 54.72, 252, 68.48, 4, 11591
26310, 14396, 54.72, 252, 68.48, 4, 11591
26311, 14396, 54.71, 252, 68.48, 4, 11592
26312, 14397, 54.72, 252, 68.48, 4, 11592
26313, 14397, 54.71, 252, 68.48, 4, 11593
26314, 14398, 54.72, 252, 68.48, 4, 11593
26315, 14398, 54.71, 252, 68.48, 4, 11594
26316, 14398, 54.71, 252, 68.48, 4, 11595
26317, 14398, 54.71, 252, 68.48, 4, 11596
26318, 14398, 54.71, 252, 68.48, 4, 11597
26319, 14399, 54.71, 252, 68.48, 4, 11597
26320, 14400, 54.71, 252, 68.48, 4, 11597
26321, 14400, 54.71, 252, 68.48, 4, 11598
26322, 14400, 54.71, 252, 68.48, 4, 11599
26323, 14401, 54.71, 252, 68.48, 4, 11599
26324, 14401, 54.71, 252, 68.48, 4, 11600
26325, 14402, 54.71, 252, 68.48, 4, 11600
26326, 14402, 54.71, 252, 68.48, 4, 11601
26327, 14403, 54.71, 252, 68.48, 4, 11601
26328, 14404, 54.71, 252, 68.48, 4, 11601
26329, 14405, 54.71, 252, 68.48, 4, 11601
26330, 14406, 54.71, 252, 68.48, 4, 11601
26331, 14407, 54.71, 252, 68.48, 4, 11601
26332, 14407, 54.71, 252, 68.48, 4, 11602
26333, 14408, 54.71, 252, 68.48, 4, 11602
26334, 14408, 54.71, 252, 68.48, 4, 11603
26335, 14409, 54.71, 252, 68.48, 4, 11603
26336, 14410, 54.72, 252, 68.48, 4, 11603
26337, 14411, 54.72, 252, 68.48, 4, 11603
26338, 14411, 54.72, 252, 68.48, 4, 11604
26339, 14411, 54.71, 252, 68.48, 4, 11605
26340, 14412, 54.72, 252, 68.48, 4, 11605
26341, 14413, 54.72, 252, 68.48, 4, 11605
26342, 14413, 54.71, 252, 68.48, 4, 11606
26343, 14413, 54.71, 252, 68.48, 4, 11607
26344, 14413, 54.71, 252, 68.48, 4, 11608
26345, 14413, 54.71, 252, 68.48, 4, 11609
26346, 14414, 54.71, 252, 68.48, 4, 11609
26347, 14415, 54.71, 252, 68.48, 4, 11609
26348, 14415, 54.71, 252, 68.48, 4, 11610
26349, 14416, 54.71, 252, 68.48, 4, 11610
26350, 14417, 54.71, 252, 68.48, 4, 11610
26351, 14418, 54.72, 252, 68.48, 4, 11610
26352, 14418, 54.71, 252, 68.48, 4, 11611
26353, 14418, 54.71, 252, 68.48, 4, 11612
26354, 14418, 54.71, 252, 68.48, 4, 11613
26355, 14419, 54.71, 252, 68.48, 4, 11613
26356, 14420, 54.71, 252, 68.48, 4, 11613
26357, 14421, 54.71, 252, 68.48, 4, 11613
26358, 14422, 54.72, 252, 68.48, 4, 11613
26359, 14422, 54.71, 252, 68.48, 4, 11614
26360, 14423, 54.72, 252, 68.48, 4, 11614
26361, 14423, 54.71, 252, 68.48, 4, 11615
26362, 14423, 54.71, 252, 68.48, 4, 11616
26363, 14423, 54.71, 252, 68.48, 4, 11617
26364, 14424, 54.71, 252, 68.48, 4, 11617
26365, 14424, 54.71, 252, 68.48, 4, 11618
26366, 14425, 54.71, 252, 68.48, 4, 11618
26367, 14426, 54.71, 252, 68.48, 4, 11618
26368, 14427, 54.71, 252, 68.48, 4, 11618
26369, 14427, 54.71, 252, 68.48, 4, 11619
26370, 14427, 54.71, 252, 68.48, 4, 11620
26371, 14427, 54.71, 252, 68.48, 4, 11621
26372, 14427, 54.71, 252, 68.48, 4, 11622
26373, 14428, 54.71, 252, 68.48, 4, 11622
26374, 14428, 54.71, 252, 68.48, 4, 11623
26375, 14428, 54.70, 252, 68.48, 4, 11624
26376, 14428, 54.70, 252, 68.48, 4, 11625
26377, 14428, 54.70, 252, 68.48, 4, 11626
26378, 14428, 54.70, 252, 68.48, 4, 11627
26379, 14428, 54.70, 252, 68.48, 4, 11628
26380, 14428, 54.69, 252, 68.48, 4, 11629
26381, 14429, 54.69, 252, 68.48, 4, 11629
26382, 14430, 54.70, 252, 68.48, 4, 11629
26383, 14431, 54.70, 252, 68.48, 4, 11629
26384, 14431, 54.70, 252, 68.48, 4, 11630
26385, 14431, 54.69, 252, 68.48, 4, 11631
26386, 14432, 54.70, 252, 68.48, 4, 11631
26387, 14432, 54.69, 252, 68.48, 4, 11632
26388, 14432, 54.69, 252, 68.48, 4, 11633
26389, 14432, 54.69, 252, 68.48, 4, 11634
26390, 14433, 54.69, 252, 68.48, 4, 11634
26391, 14434, 54.69, 252, 68.48, 4, 11634
26392, 14435, 54.69, 252, 68.48, 4, 11634
26393, 14436, 54.70, 252, 68.48, 4, 11634
26394, 14437, 54.70, 252, 68.48, 4, 11634
26395, 14438, 54.70, 252, 68.48, 4, 11634
26396, 14438, 54.70, 252, 68.48, 4, 11635
26397, 14438, 54.70, 252, 68.48, 4, 11636
26398, 14438, 54.69, 252, 68.48, 4, 11637
26399, 14438, 54.69, 252, 68.48, 4, 11638
26400, 14438, 54.69, 252, 68.48, 4, 11639
26401, 14439, 54.69, 252, 68.48, 4, 11639
26402, 14440, 54.69, 252, 68.48, 4, 11639
26403, 14440, 54.69, 252, 68.48, 4, 11640
26404, 14441, 54.69, 252, 68.48, 4, 11640
26405, 14442, 54.69, 252, 68.48, 4, 11640
26406, 14443, 54.70, 252, 68.48, 4, 11640
26407, 14443, 54.69, 252, 68.48, 4, 11641
26408, 14444, 54.70, 252, 68.48, 4, 11641
26409, 14445, 54.70, 252, 68.48, 4, 11641
26410, 14446, 54.70, 252, 68.48, 4, 11641
26411, 14446, 54.70, 252, 68.48, 4, 11642
26412, 14446, 54.69, 252, 68.48, 4, 11643
26413, 14447, 54.70, 252, 68.48, 4, 11643
26414, 14448, 54.70, 252, 68.48, 4, 11643
26415, 14448, 54.70, 252, 68.48, 4, 11644
26416, 14448, 54.69, 252, 68.48, 4, 11645
26417, 14448, 54.69, 252, 68.48, 4, 11646
26418, 14448, 54.69, 252, 68.48, 4, 11647
26419, 14449, 54.69, 252, 68.48, 4, 11647
26420, 14450, 54.69, 252, 68.48, 4, 11647
26421, 14451, 54.70, 252, 68.48, 4, 11647
26422, 14451, 54.69, 252, 68.48, 4, 11648
26423, 14452, 54.69, 252, 68.48, 4, 11648
26424, 14453, 54.70, 252, 68.48, 4, 11648
26425, 14453, 54.69, 252, 68.48, 4, 11649
26426, 14454, 54.70, 252, 68.48, 4, 11649
26427, 14455, 54.70, 252, 68.48, 4, 11649
26428, 14456, 54.70, 252, 68.48, 4, 11649
26429, 14456, 54.70, 252, 68.48, 4, 11650
26430, 14456, 54.70, 252, 68.48, 4, 11651
26431, 14456, 54.69, 252, 68.48, 4, 11652
26432, 14456, 54.69, 252, 68.48, 4, 11653
26433, 14457, 54.69, 252, 68.48, 4, 11653
26434, 14458, 54.69, 252, 68.48, 4, 11653
26435, 14459, 54.70, 252, 68.48, 4, 11653
26436, 14459, 54.69, 252, 68.48, 4, 11654
26437, 14460, 54.70, 252, 68.48, 4, 11654
26438, 14460, 54.69, 252, 68.48, 4, 11655
26439, 14460, 54.69, 252, 68.48, 4, 11656
26440, 14460, 54.69, 252, 68.48, 4, 11657
26441, 14461, 54.69, 252, 68.48, 4, 11657
26442, 14462, 54.69, 252, 68.48, 4, 11657
26443, 14462, 54.69, 252, 68.48, 4, 11658
26444, 14462, 54.69, 252, 68.48, 4, 11659
26445, 14462, 54.69, 252, 68.48, 4, 11660
26446, 14463, 54.69, 252, 68.48, 4, 11660
26447, 14464, 54.69, 252, 68.48, 4, 11660
26448, 14464, 54.69, 252, 68.48, 4, 11661
26449, 14465, 54.69, 252, 68.48, 4, 11661
26450, 14466, 54.69, 252, 68.48, 4, 11661
26451, 14467, 54.69, 252, 68.48, 4, 11661
26452, 14467, 54.69, 252, 68.48, 4, 11662
26453, 14467, 54.69, 252, 68.48, 4, 11663
26454, 14468, 54.69, 252, 68.48, 4, 11663
26455, 14469, 54.69, 252, 68.48, 4, 11663
26456, 14469, 54.69, 252, 68.48, 4, 11664
26457, 14470, 54.69, 252, 68.48, 4, 11664
26458, 14471, 54.69, 252, 68.48, 4, 11664
26459, 14471, 54.69, 252, 68.48, 4, 11665
26460, 14472, 54.69, 252, 68.48, 4, 11665
26461, 14473, 54.70, 252, 68.48, 4, 11665
26462, 14474, 54.70, 252, 68.48, 4, 11665
26463, 14474, 54.70, 252, 68.48, 4, 11666
26464, 14474, 54.69, 252, 68.48, 4, 11667
26465, 14475, 54.69, 252, 68.48, 4, 11667
26466, 14475, 54.69, 252, 68.48, 4, 11668
26467, 14476, 54.69, 252, 68.48, 4, 11668
26468, 14477, 54.70, 252, 68.48, 4, 11668
26469, 14478, 54.70, 252, 68.48, 4, 11668
26470, 14479, 54.70, 252, 68.48, 4, 11668
26471, 14480, 54.70, 252, 68.48, 4, 11668
26472, 14480, 54.70, 252, 68.48, 4, 11669
26473, 14481, 54.70, 252, 68.48, 4, 11669
26474, 14482, 54.70, 252, 68.48, 4, 11669
26475, 14483, 54.70, 252, 68.48, 4, 11669
26476, 14484, 54.71, 252, 68.48, 4, 11669
26477, 14485, 54.71, 252, 68.48, 4, 11669
26478, 14485, 54.71, 252, 68.48, 4, 11670
26479, 14485, 54.70, 252, 68.48, 4, 11670
26480, 14485, 54.70, 252, 68.48, 4, 11671
26481, 14485, 54.70, 252, 68.48, 4, 11672
26482, 14485, 54.70, 252, 68.48, 4, 11673
26483, 14485, 54.70, 252, 68.48, 4, 11674
26484, 14485, 54.69, 252, 68.48, 4, 11675
26485, 14486, 54.70, 252, 68.48, 4, 11675
26486, 14487, 54.70, 252, 68.48, 4, 11675
26487, 14488, 54.70, 252, 68.48, 4, 11675
26488, 14489, 54.70, 252, 68.48, 4, 11675
26489, 14489, 54.70, 252, 68.48, 4, 11676
26490, 14489, 54.70, 252, 68.48, 4, 11676
26491, 14490, 54.70, 252, 68.48, 4, 11676
26492, 14491, 54.70, 252, 68.48, 4, 11676
26493, 14492, 54.70, 252, 68.48, 4, 11676
26494, 14492, 54.70, 252, 68.48, 4, 11677
26495, 14492, 54.70, 252, 68.48, 4, 11678
26496, 14493, 54.70, 252, 68.48, 4, 11678
26497, 14493, 54.70, 252, 68.48, 4, 11679
26498, 14494, 54.70, 252, 68.48, 4, 11679
26499, 14495, 54.70, 252, 68.48, 4, 11679
26500, 14495, 54.70, 252, 68.48, 4, 11679
26501, 14496, 54.70, 252, 68.48, 4, 11679
26502, 14497, 54.70, 252, 68.48, 4, 11679
26503, 14497, 54.70, 252, 68.48, 4, 11679
26504, 14497, 54.70, 252, 68.48, 4, 11680
26505, 14498, 54.70, 252, 68.48, 4, 11680
26506, 14499, 54.70, 252, 68.48, 4, 11680
26507, 14499, 54.70, 252, 68.48, 4, 11681
26508, 14499, 54.70, 252, 68.48, 4, 11682
26509, 14499, 54.69, 252, 68.48, 4, 11683
26510, 14500, 54.70, 252, 68.48, 4, 11683
26511, 14501, 54.70, 252, 68.48, 4, 11683
26512, 14502, 54.70, 252, 68.48, 4, 11683
26513, 14502, 54.70, 252, 68.48, 4, 11684
26514, 14503, 54.70, 252, 68.48, 4, 11684
26515, 14504, 54.70, 252, 68.48, 4, 11684
26516, 14505, 54.70, 252, 68.48, 4, 11684
26517, 14505, 54.70, 252, 68.48, 4, 11685
26518, 14506, 54.70, 252, 68.48, 4, 11685
26519, 14507, 54.70, 252, 68.48, 4, 11685
26520, 14507, 54.70, 252, 68.48, 4, 11686
26521, 14508, 54.70, 252, 68.48, 4, 11686
26522, 14508, 54.70, 252, 68.48, 4, 11687
26523, 14509, 54.70, 252, 68.48, 4, 11687
26524, 14510, 54.71, 252, 68.48, 4, 11687
26525, 14510, 54.70, 252, 68.48, 4, 11688
26526, 14510, 54.70, 252, 68.48, 4, 11689
26527, 14511, 54.70, 252, 68.48, 4, 11689
26528, 14512, 54.70, 252, 68.48, 4, 11689
26529, 14512, 54.70, 252, 68.48, 4, 11690
26530, 14512, 54.70, 252, 68.48, 4, 11691
26531, 14513, 54.70, 252, 68.48, 4, 11691
26532, 14514, 54.70, 252, 68.48, 4, 11691
26533, 14514, 54.70, 252, 68.48, 4, 11692
26534, 14514, 54.70, 252, 68.48, 4, 11693
26535, 14515, 54.70, 252, 68.48, 4, 11693
26536, 14515, 54.70, 252, 68.48, 4, 11694
26537, 14516, 54.70, 252, 68.48, 4, 11694
26538, 14517, 54.70, 252, 68.48, 4, 11694
26539, 14518, 54.70, 252, 68.48, 4, 11694
26540, 14518, 54.70, 252, 68.48, 4, 11695
26541, 14518, 54.70, 252, 68.48, 4, 11696
26542, 14518, 54.70, 252, 68.48, 4, 11697
26543, 14519, 54.70, 252, 68.48, 4, 11697
26544, 14519, 54.70, 252, 68.48, 4, 11698
26545, 14520, 54.70, 252, 68.48, 4, 11698
26546, 14520, 54.70, 252, 68.48, 4, 11699
26547, 14521, 54.70, 252, 68.48, 4, 11699
26548, 14521, 54.70, 252, 68.48, 4, 11700
26549, 14521, 54.70, 252, 68.48, 4, 11701
26550, 14521, 54.69, 252, 68.48, 4, 11702
26551, 14522, 54.69, 252, 68.48, 4, 11702
26552, 14522, 54.69, 252, 68.48, 4, 11703
26553, 14523, 54.69, 252, 68.48, 4, 11703
26554, 14523, 54.69, 252, 68.48, 4, 11704
26555, 14524, 54.69, 252, 68.48, 4, 11704
26556, 14525, 54.70, 252, 68.48, 4, 11704
26557, 14526, 54.70, 252, 68.48, 4, 11704
26558, 14527, 54.70, 252, 68.48, 4, 11704
26559, 14528, 54.70, 252, 68.48, 4, 11704
26560, 14529, 54.70, 252, 68.48, 4, 11704
26561, 14530, 54.70, 252, 68.48, 4, 11704
26562, 14530, 54.70, 252, 68.48, 4, 11705
26563, 14530, 54.70, 252, 68.48, 4, 11706
26564, 14531, 54.70, 252, 68.48, 4, 11706
26565, 14532, 54.70, 252, 68.48, 4, 11706
26566, 14532, 54.70, 252, 68.48, 4, 11707
26567, 14532, 54.70, 252, 68.48, 4, 11708
26568, 14533, 54.70, 252, 68.48, 4, 11708
26569, 14533, 54.70, 252, 68.48, 4, 11709
26570, 14533, 54.70, 252, 68.48, 4, 11710
26571, 14533, 54.69, 252, 68.48, 4, 11711
26572, 14533, 54.69, 252, 68.48, 4, 11712
26573, 14533, 54.69, 252, 68.48, 4, 11713
26574, 14533, 54.69, 252, 68.48, 4, 11714
26575, 14534, 54.69, 252, 68.48, 4, 11714
26576, 14534, 54.69, 252, 68.48, 4, 11715
26577, 14534, 54.69, 252, 68.48, 4, 11716
26578, 14535, 54.69, 252, 68.48, 4, 11716
26579, 14535, 54.69, 252, 68.48, 4, 11717
26580, 14536, 54.69, 252, 68.48, 4, 11717
26581, 14537, 54.69, 252, 68.48, 4, 11717
26582, 14537, 54.69, 252, 68.48, 4, 11718
26583, 14538, 54.69, 252, 68.48, 4, 11718
26584, 14539, 54.69, 252, 68.48, 4, 11718
26585, 14540, 54.69, 252, 68.48, 4, 11718
26586, 14541, 54.69, 252, 68.48, 4, 11718
26587, 14541, 54.69, 252, 68.48, 4, 11719
26588, 14541, 54.69, 252, 68.48, 4, 11720
26589, 14542, 54.69, 252, 68.48, 4, 11720
26590, 14542, 54.69, 252, 68.48, 4, 11721
26591, 14543, 54.69, 252, 68.48, 4, 11721
26592, 14544, 54.69, 252, 68.48, 4, 11721
26593, 14545, 54.69, 252, 68.48, 4, 11721
26594, 14545, 54.69, 252, 68.48, 4, 11722
26595, 14545, 54.69, 252, 68.48, 4, 11723
26596, 14546, 54.69, 252, 68.48, 4, 11723
26597, 14546, 54.69, 252, 68.48, 4, 11724
26598, 14546, 54.69, 252, 68.48, 4, 11725
26599, 14546, 54.69, 252, 68.48, 4, 11726
26600, 14546, 54.68, 252, 68.48, 4, 11727
26601, 14546, 54.68, 252, 68.48, 4, 11728
26602, 14546, 54.68, 252, 68.48, 4, 11729
26603, 14547, 54.68, 252, 68.48, 4, 11729
26604, 14548, 54.68, 252, 68.48, 4, 11729
26605, 14549, 54.69, 252, 68.48, 4, 11729
26606, 14549, 54.68, 252, 68.48, 4, 11730
26607, 14550, 54.68, 252, 68.48, 4, 11730
26608, 14551, 54.69, 252, 68.48, 4, 11730
26609, 14551, 54.68, 252, 68.48, 4, 11730
26610, 14552, 54.69, 252, 68.48, 4, 11730
26611, 14553, 54.69, 252, 68.48, 4, 11730
26612, 14554, 54.69, 252, 68.48, 4, 11730
26613, 14555, 54.69, 252, 68.48, 4, 11730
26614, 14556, 54.69, 252, 68.48, 4, 11730
26615, 14557, 54.69, 252, 68.48, 4, 11730
26616, 14557, 54.69, 252, 68.48, 4, 11731
26617, 14558, 54.69, 252, 68.48, 4, 11731
26618, 14559, 54.70, 252, 68.48, 4, 11731
26619, 14559, 54.69, 252, 68.48, 4, 11732
26620, 14560, 54.70, 252, 68.48, 4, 11732
26621, 14560, 54.69, 252, 68.48, 4, 11733
26622, 14560, 54.69, 252, 68.48, 4, 11734
26623, 14561, 54.69, 252, 68.48, 4, 11734
26624, 14561, 54.69, 252, 68.48, 4, 11735
26625, 14561, 54.69, 252, 68.48, 4, 11736
26626, 14561, 54.69, 252, 68.48, 4, 11737
26627, 14562, 54.69, 252, 68.48, 4, 11737
26628, 14563, 54.69, 252, 68.48, 4, 11737
26629, 14564, 54.69, 252, 68.48, 4, 11737
26630, 14565, 54.69, 252, 68.48, 4, 11737
26631, 14565, 54.69, 252, 68.48, 4, 11738
26632, 14565, 54.69, 252, 68.48, 4, 11739
26633, 14566, 54.69, 252, 68.48, 4, 11739
26634, 14566, 54.69, 252, 68.48, 4, 11740
26635, 14566, 54.69, 252, 68.48, 4, 11741
26636, 14566, 54.69, 252, 68.48, 4, 11742
26637, 14566, 54.68, 252, 68.48, 4, 11743
26638, 14566, 54.68, 252, 68.48, 4, 11744
26639, 14567, 54.68, 252, 68.48, 4, 11744
26640, 14567, 54.68, 252, 68.48, 4, 11745
26641, 14568, 54.68, 252, 68.48, 4, 11745
26642, 14569, 54.68, 252, 68.48, 4, 11745
26643, 14569, 54.68, 252, 68.48, 4, 11746
26644, 14570, 54.68, 252, 68.48, 4, 11746
26645, 14570, 54.68, 252, 68.48, 4, 11747
26646, 14570, 54.68, 252, 68.48, 4, 11748
26647, 14570, 54.68, 252, 68.48, 4, 11749
26648, 14570, 54.68, 252, 68.48, 4, 11750
26649, 14570, 54.67, 252, 68.48, 4, 11751
26650, 14571, 54.68, 252, 68.48, 4, 11751
26651, 14571, 54.67, 252, 68.48, 4, 11752
26652, 14572, 54.68, 252, 68.48, 4, 11752
26653, 14572, 54.67, 252, 68.48, 4, 11753
26654, 14572, 54.67, 252, 68.48, 4, 11754
26655, 14573, 54.67, 252, 68.48, 4, 11754
26656, 14574, 54.67, 252, 68.48, 4, 11754
26657, 14574, 54.67, 252, 68.48, 4, 11755
26658, 14575, 54.67, 252, 68.48, 4, 11755
26659, 14575, 54.67, 252, 68.48, 4, 11756
26660, 14576, 54.67, 252, 68.48, 4, 11756
26661, 14577, 54.68, 252, 68.48, 4, 11756
26662, 14578, 54.68, 252, 68.48, 4, 11756
26663, 14578, 54.68, 252, 68.48, 4, 11757
26664, 14579, 54.68, 252, 68.48, 4, 11757
26665, 14580, 54.68, 252, 68.48, 4, 11757
26666, 14581, 54.68, 252, 68.48, 4, 11757
26667, 14581, 54.68, 252, 68.48, 4, 11758
26668, 14581, 54.68, 252, 68.48, 4, 11758
26669, 14582, 54.68, 252, 68.48, 4, 11758
26670, 14582, 54.68, 252, 68.48, 4, 11759
26671, 14583, 54.68, 252, 68.48, 4, 11759
26672, 14584, 54.68, 252, 68.48, 4, 11759
26673, 14584, 54.68, 252, 68.48, 4, 11760
26674, 14584, 54.67, 252, 68.48, 4, 11761
26675, 14584, 54.67, 252, 68.48, 4, 11762
26676, 14585, 54.67, 252, 68.48, 4, 11762
26677, 14586, 54.68, 252, 68.48, 4, 11762
26678, 14587, 54.68, 252, 68.48, 4, 11762
26679, 14588, 54.68, 252, 68.48, 4, 11762
26680, 14589, 54.68, 252, 68.48, 4, 11762
26681, 14589, 54.68, 252, 68.48, 4, 11763
26682, 14589, 54.68, 252, 68.48, 4, 11764
26683, 14589, 54.68, 252, 68.48, 4, 11765
26684, 14590, 54.68, 252, 68.48, 4, 11765
26685, 14591, 54.68, 252, 68.48, 4, 11765
26686, 14592, 54.68, 252, 68.48, 4, 11765
26687, 14593, 54.68, 252, 68.48, 4, 11765
26688, 14594, 54.68, 252, 68.48, 4, 11765
26689, 14595, 54.69, 252, 68.48, 4, 11765
26690, 14596, 54.69, 252, 68.48, 4, 11765
26691, 14597, 54.69, 252, 68.48, 4, 11765
26692, 14598, 54.69, 252, 68.48, 4, 11765
26693, 14598, 54.69, 252, 68.48, 4, 11766
26694, 14599, 54.69, 252, 68.48, 4, 11766
26695, 14600, 54.69, 252, 68.48, 4, 11766
26696, 14600, 54.69, 252, 68.48, 4, 11767
26697, 14600, 54.69, 252, 68.48, 4, 11768
26698, 14600, 54.69, 252, 68.48, 4, 11769
26699, 14601, 54.69, 252, 68.48, 4, 11769
26700, 14602, 54.69, 252, 68.48, 4, 11769
26701, 14602, 54.69, 252, 68.48, 4, 11770
26702, 14602, 54.69, 252, 68.48, 4, 11771
26703, 14602, 54.68, 252, 68.48, 4, 11772
26704, 14603, 54.68, 252, 68.48, 4, 11772
26705, 14603, 54.68, 252, 68.48, 4, 11773
26706, 14603, 54.68, 252, 68.48, 4, 11774
26707, 14603, 54.68, 252, 68.48, 4, 11775
26708, 14603, 54.68, 252, 68.48, 4, 11776
26709, 14603, 54.67, 252, 68.48, 4, 11777
26710, 14604, 54.68, 252, 68.48, 4, 11777
26711, 14605, 54.68, 252, 68.48, 4, 11777
26712, 14605, 54.68, 252, 68.48, 4, 11778
26713, 14605, 54.67, 252, 68.48, 4, 11779
26714, 14606, 54.68, 252, 68.48, 4, 11779
26715, 14606, 54.67, 252, 68.48, 4, 11780
26716, 14607, 54.68, 252, 68.48, 4, 11780
26717, 14607, 54.67, 252, 68.48, 4, 11781
26718, 14608, 54.67, 252, 68.48, 4, 11781
26719, 14608, 54.67, 252, 68.48, 4, 11782
26720, 14608, 54.67, 252, 68.48, 4, 11783
26721, 14609, 54.67, 252, 68.48, 4, 11783
26722, 14610, 54.67, 252, 68.48, 4, 11783
26723, 14610, 54.67, 252, 68.48, 4, 11784
26724, 14611, 54.67, 252, 68.48, 4, 11784
26725, 14612, 54.68, 252, 68.48, 4, 11784
26726, 14613, 54.68, 252, 68.48, 4, 11784
26727, 14614, 54.68, 252, 68.48, 4, 11784
26728, 14615, 54.68, 252, 68.48, 4, 11784
26729, 14616, 54.68, 252, 68.48, 4, 11784
26730, 14617, 54.68, 252, 68.48, 4, 11784
26731, 14618, 54.69, 252, 68.48, 4, 11784
26732, 14618, 54.68, 252, 68.48, 4, 11785
26733, 14619, 54.69, 252, 68.48, 4, 11785
26734, 14619, 54.68, 252, 68.48, 4, 11786
26735, 14620, 54.68, 252, 68.48, 4, 11786
26736, 14621, 54.69, 252, 68.48, 4, 11786
26737, 14621, 54.68, 252, 68.48, 4, 11786
26738, 14622, 54.69, 252, 68.48, 4, 11786
26739, 14622, 54.68, 252, 68.48, 4, 11787
26740, 14623, 54.69, 252, 68.48, 4, 11787
26741, 14623, 54.68, 252, 68.48, 4, 11788
26742, 14623, 54.68, 252, 68.48, 4, 11789
26743, 14623, 54.68, 252, 68.48, 4, 11790
26744, 14624, 54.68, 252, 68.48, 4, 11790
26745, 14624, 54.68, 252, 68.48, 4, 11791
26746, 14625, 54.68, 252, 68.48, 4, 11791
26747, 14625, 54.68, 252, 68.48, 4, 11792
26748, 14625, 54.68, 252, 68.48, 4, 11793
26749, 14626, 54.68, 252, 68.48, 4, 11793
26750, 14627, 54.68, 252, 68.48, 4, 11793
26751, 14628, 54.68, 252, 68.48, 4, 11793
26752, 14629, 54.68, 252, 68.48, 4, 11793
26753, 14630, 54.69, 252, 68.48, 4, 11793
26754, 14631, 54.69, 252, 68.48, 4, 11793
26755, 14632, 54.69, 252, 68.48, 4, 11793
26756, 14633, 54.69, 252, 68.48, 4, 11793
26757, 14634, 54.69, 252, 68.48, 4, 11793
26758, 14635, 54.69, 252, 68.48, 4, 11793
26759, 14635, 54.69, 252, 68.48, 4, 11794
26760, 14636, 54.69, 252, 68.48, 4, 11794
26761, 14637, 54.70, 252, 68.48, 4, 11794
26762, 14638, 54.70, 252, 68.48, 4, 11794
26763, 14639, 54.70, 252, 68.48, 4, 11794
26764, 14640, 54.70, 252, 68.48, 4, 11794
26765, 14641, 54.70, 252, 68.48, 4, 11794
26766, 14641, 54.70, 252, 68.48, 4, 11795
26767, 14641, 54.70, 252, 68.48, 4, 11796
26768, 14642, 54.70, 252, 68.48, 4, 11796
26769, 14642, 54.70, 252, 68.48, 4, 11797
26770, 14642, 54.70, 252, 68.48, 4, 11798
26771, 14643, 54.70, 252, 68.48, 4, 11798
26772, 14643, 54.70, 252, 68.48, 4, 11799
26773, 14644, 54.70, 252, 68.48, 4, 11799
26774, 14645, 54.70, 252, 68.48, 4, 11799
26775, 14646, 54.70, 252, 68.48, 4, 11799
26776, 14647, 54.70, 252, 68.48, 4, 11799
26777, 14648, 54.70, 252, 68.48, 4, 11799
26778, 14648, 54.70, 252, 68.48, 4, 11800
26779, 14648, 54.70, 252, 68.48, 4, 11801
26780, 14648, 54.70, 252, 68.48, 4, 11802
26781, 14649, 54.70, 252, 68.48, 4, 11802
26782, 14649, 54.70, 252, 68.48, 4, 11803
26783, 14650, 54.70, 252, 68.48, 4, 11803
26784, 14651, 54.70, 252, 68.48, 4, 11803
26785, 14652, 54.70, 252, 68.48, 4, 11803
26786, 14653, 54.70, 252, 68.48, 4, 11803
26787, 14654, 54.71, 252, 68.48, 4, 11803
26788, 14654, 54.70, 252, 68.48, 4, 11804
26789, 14654, 54.70, 252, 68.48, 4, 11805
26790, 14654, 54.70, 252, 68.48, 4, 11806
26791, 14654, 54.70, 252, 68.48, 4, 11807
26792, 14655, 54.70, 252, 68.48, 4, 11807
26793, 14656, 54.70, 252, 68.48, 4, 11807
26794, 14657, 54.70, 252, 68.48, 4, 11807
26795, 14657, 54.70, 252, 68.48, 4, 11808
26796, 14658, 54.70, 252, 68.48, 4, 11808
26797, 14659, 54.70, 252, 68.48, 4, 11808
26798, 14659, 54.70, 252, 68.48, 4, 11809
26799, 14660, 54.70, 252, 68.48, 4, 11809
26800, 14661, 54.71, 252, 68.48, 4, 11809
26801, 14661, 54.70, 252, 68.48, 4, 11810
26802, 14662, 54.70, 252, 68.48, 4, 11810
26803, 14663, 54.71, 252, 68.48, 4, 11810
26804, 14663, 54.70, 252, 68.48, 4, 11811
26805, 14664, 54.71, 252, 68.48, 4, 11811
26806, 14665, 54.71, 252, 68.48, 4, 11811
26807, 14666, 54.71, 252, 68.48, 4, 11811
26808, 14667, 54.71, 252, 68.48, 4, 11811
26809, 14667, 54.71, 252, 68.48, 4, 11812
26810, 14667, 54.71, 252, 68.48, 4, 11813
26811, 14668, 54.71, 252, 68.48, 4, 11813
26812, 14668, 54.71, 252, 68.48, 4, 11814
26813, 14669, 54.71, 252, 68.48, 4, 11814
26814, 14669, 54.71, 252, 68.48, 4, 11815
26815, 14670, 54.71, 252, 68.48, 4, 11815
26816, 14670, 54.71, 252, 68.48, 4, 11816
26817, 14671, 54.71, 252, 68.48, 4, 11816
26818, 14672, 54.71, 252, 68.48, 4, 11816
26819, 14672, 54.71, 252, 68.48, 4, 11817
26820, 14673, 54.71, 252, 68.48, 4, 11817
26821, 14674, 54.71, 252, 68.48, 4, 11817
26822, 14675, 54.71, 252, 68.48, 4, 11817
26823, 14676, 54.71, 252, 68.48, 4, 11817
26824, 14676, 54.71, 252, 68.48, 4, 11818
26825, 14677, 54.71, 252, 68.48, 4, 11818
26826, 14677, 54.71, 252, 68.48, 4, 11819
26827, 14678, 54.71, 252, 68.48, 4, 11819
26828, 14678, 54.71, 252, 68.48, 4, 11820
26829, 14679, 54.71, 252, 68.48, 4, 11820
26830, 14680, 54.71, 252, 68.48, 4, 11820
26831, 14681, 54.72, 252, 68.48, 4, 11820
26832, 14682, 54.72, 252, 68.48, 4, 11820
26833, 14683, 54.72, 252, 68.48, 4, 11820
26834, 14684, 54.72, 252, 68.48, 4, 11820
26835, 14685, 54.72, 252, 68.48, 4, 11820
26836, 14686, 54.72, 252, 68.48, 4, 11820
26837, 14687, 54.73, 252, 68.48, 4, 11820
26838, 14688, 54.73, 252, 68.48, 4, 11820
26839, 14689, 54.73, 252, 68.48, 4, 11820
26840, 14690, 54.73, 252, 68.48, 4, 11820
26841, 14691, 54.73, 252, 68.48, 4, 11820
26842, 14691, 54.73, 252, 68.48, 4, 11821
26843, 14691, 54.73, 252, 68.48, 4, 11822
26844, 14692, 54.73, 252, 68.48, 4, 11822
26845, 14693, 54.73, 252, 68.48, 4, 11822
26846, 14694, 54.73, 252, 68.48, 4, 11822
26847, 14695, 54.74, 252, 68.48, 4, 11822
26848, 14696, 54.74, 252, 68.48, 4, 11822
26849, 14696, 54.74, 252, 68.48, 4, 11822
26850, 14697, 54.74, 252, 68.48, 4, 11822
26851, 14698, 54.74, 252, 68.48, 4, 11822
26852, 14699, 54.74, 252, 68.48, 4, 11822
26853, 14699, 54.74, 252, 68.48, 4, 11823
26854, 14700, 54.74, 252, 68.48, 4, 11823
26855, 14701, 54.74, 252, 68.48, 4, 11823
26856, 14701, 54.74, 252, 68.48, 4, 11824
26857, 14702, 54.74, 252, 68.48, 4, 11824
26858, 14703, 54.74, 252, 68.48, 4, 11824
26859, 14703, 54.74, 252, 68.48, 4, 11825
26860, 14703, 54.74, 252, 68.48, 4, 11826
26861, 14703, 54.74, 252, 68.48, 4, 11827
26862, 14703, 54.74, 252, 68.48, 4, 11828
26863, 14704, 54.74, 252, 68.48, 4, 11828
26864, 14705, 54.74, 252, 68.48, 4, 11828
26865, 14705, 54.74, 252, 68.48, 4, 11829
26866, 14705, 54.73, 252, 68.48, 4, 11830
26867, 14706, 54.74, 252, 68.48, 4, 11830
26868, 14707, 54.74, 252, 68.48, 4, 11830
26869, 14707, 54.74, 252, 68.48, 4, 11831
26870, 14707, 54.73, 252, 68.48, 4, 11832
26871, 14708, 54.74, 252, 68.48, 4, 11832
26872, 14709, 54.74, 252, 68.48, 4, 11832
26873, 14710, 54.74, 252, 68.48, 4, 11832
26874, 14711, 54.74, 252, 68.48, 4, 11832
26875, 14712, 54.74, 252, 68.48, 4, 11832
26876, 14713, 54.74, 252, 68.48, 4, 11832
26877, 14714, 54.75, 252, 68.48, 4, 11832
26878, 14714, 54.74, 252, 68.48, 4, 11833
26879, 14714, 54.74, 252, 68.48, 4, 11834
26880, 14714, 54.74, 252, 68.48, 4, 11835
26881, 14714, 54.74, 252, 68.48, 4, 11836
26882, 14715, 54.74, 252, 68.48, 4, 11836
26883, 14715, 54.74, 252, 68.48, 4, 11837
26884, 14716, 54.74, 252, 68.48, 4, 11837
26885, 14716, 54.74, 252, 68.48, 4, 11838
26886, 14716, 54.73, 252, 68.48, 4, 11839
26887, 14716, 54.73, 252, 68.48, 4, 11840
26888, 14716, 54.73, 252, 68.48, 4, 11841
26889, 14717, 54.73, 252, 68.48, 4, 11841
26890, 14718, 54.73, 252, 68.48, 4, 11841
26891, 14719, 54.74, 252, 68.48, 4, 11841
26892, 14719, 54.73, 252, 68.48, 4, 11842
26893, 14719, 54.73, 252, 68.48, 4, 11843
26894, 14720, 54.73, 252, 68.48, 4, 11843
26895, 14721, 54.74, 252, 68.48, 4, 11843
26896, 14722, 54.74, 252, 68.48, 4, 11843
26897, 14723, 54.74, 252, 68.48, 4, 11843
26898, 14724, 54.74, 252, 68.48, 4, 11843
26899, 14725, 54.74, 252, 68.48, 4, 11843
26900, 14725, 54.74, 252, 68.48, 4, 11844
26901, 14726, 54.74, 252, 68.48, 4, 11844
26902, 14726, 54.74, 252, 68.48, 4, 11845
26903, 14727, 54.74, 252, 68.48, 4, 11845
26904, 14727, 54.74, 252, 68.48, 4, 11846
26905, 14727, 54.74, 252, 68.48, 4, 11847
26906, 14727, 54.74, 252, 68.48, 4, 11848
26907, 14728, 54.74, 252, 68.48, 4, 11848
26908, 14729, 54.74, 252, 68.48, 4, 11848
26909, 14729, 54.74, 252, 68.48, 4, 11849
26910, 14729, 54.73, 252, 68.48, 4, 11850
26911, 14730, 54.74, 252, 68.48, 4, 11850
26912, 14731, 54.74, 252, 68.48, 4, 11850
26913, 14732, 54.74, 252, 68.48, 4, 11850
26914, 14732, 54.74, 252, 68.48, 4, 11851
26915, 14733, 54.74, 252, 68.48, 4, 11851
26916, 14734, 54.74, 252, 68.48, 4, 11851
26917, 14735, 54.74, 252, 68.48, 4, 11851
26918, 14736, 54.74, 252, 68.48, 4, 11851
26919, 14736, 54.74, 252, 68.48, 4, 11852
26920, 14737, 54.74, 252, 68.48, 4, 11852
26921, 14737, 54.74, 252, 68.48, 4, 11853
26922, 14738, 54.74, 252, 68.48, 4, 11853
26923, 14739, 54.75, 252, 68.48, 4, 11853
26924, 14740, 54.75, 252, 68.48, 4, 11853
26925, 14740, 54.74, 252, 68.48, 4, 11854
26926, 14741, 54.75, 252, 68.48, 4, 11854
26927, 14742, 54.75, 252, 68.48, 4, 11854
26928, 14742, 54.75, 252, 68.48, 4, 11855
26929, 14743, 54.75, 252, 68.48, 4, 11855
26930, 14744, 54.75, 252, 68.48, 4, 11855
26931, 14744, 54.75, 252, 68.48, 4, 11856
26932, 14745, 54.75, 252, 68.48, 4, 11856
26933, 14745, 54.75, 252, 68.48, 4, 11857
26934, 14745, 54.74, 252, 68.48, 4, 11858
26935, 14745, 54.74, 252, 68.48, 4, 11859
26936, 14746, 54.74, 252, 68.48, 4, 11859
26937, 14746, 54.74, 252, 68.48, 4, 11860
26938, 14747, 54.74, 252, 68.48, 4, 11860
26939, 14748, 54.75, 252, 68.48, 4, 11860
26940, 14748, 54.74, 252, 68.48, 4, 11861
26941, 14749, 54.75, 252, 68.48, 4, 11861
26942, 14750, 54.75, 252, 68.48, 4, 11861
26943, 14750, 54.75, 252, 68.48, 4, 11862
26944, 14751, 54.75, 252, 68.48, 4, 11862
26945, 14751, 54.74, 252, 68.48, 4, 11863
26946, 14751, 54.74, 252, 68.48, 4, 11864
26947, 14751, 54.74, 252, 68.48, 4, 11865
26948, 14752, 54.74, 252, 68.48, 4, 11865
26949, 14753, 54.74, 252, 68.48, 4, 11865
26950, 14754, 54.75, 252, 68.48, 4, 11865
26951, 14754, 54.74, 252, 68.48, 4, 11866
26952, 14755, 54.75, 252, 68.48, 4, 11866
26953, 14756, 54.75, 252, 68.48, 4, 11866
26954, 14757, 54.75, 252, 68.48, 4, 11866
26955, 14757, 54.75, 252, 68.48, 4, 11867
26956, 14758, 54.75, 252, 68.48, 4, 11867
26957, 14758, 54.75, 252, 68.48, 4, 11868
26958, 14758, 54.74, 252, 68.48, 4, 11869
26959, 14758, 54.74, 252, 68.48, 4, 11870
26960, 14758, 54.74, 252, 68.48, 4, 11871
26961, 14759, 54.74, 252, 68.48, 4, 11871
26962, 14759, 54.74, 252, 68.48, 4, 11871
26963, 14759, 54.74, 252, 68.48, 4, 11872
26964, 14759, 54.74, 252, 68.48, 4, 11873
26965, 14759, 54.73, 252, 68.48, 4, 11874
26966, 14760, 54.74, 252, 68.48, 4, 11874
26967, 14761, 54.74, 252, 68.48, 4, 11874
26968, 14761, 54.74, 252, 68.48, 4, 11875
26969, 14762, 54.74, 252, 68.48, 4, 11875
26970, 14763, 54.74, 252, 68.48, 4, 11875
26971, 14764, 54.74, 252, 68.48, 4, 11875
26972, 14764, 54.74, 252, 68.48, 4, 11876
26973, 14765, 54.74, 252, 68.48, 4, 11876
26974, 14766, 54.74, 252, 68.48, 4, 11876
26975, 14767, 54.74, 252, 68.48, 4, 11876
26976, 14768, 54.74, 252, 68.48, 4, 11876
26977, 14769, 54.75, 252, 68.48, 4, 11876
26978, 14769, 54.74, 252, 68.48, 4, 11877
26979, 14769, 54.74, 252, 68.48, 4, 11878
26980, 14770, 54.74, 252, 68.48, 4, 11878
26981, 14770, 54.74, 252, 68.48, 4, 11879
26982, 14771, 54.74, 252, 68.48, 4, 11879
26983, 14771, 54.74, 252, 68.48, 4, 11880
26984, 14771, 54.74, 252, 68.48, 4, 11881
26985, 14772, 54.74, 252, 68.48, 4, 11881
26986, 14773, 54.74, 252, 68.48, 4, 11881
26987, 14774, 54.74, 252, 68.48, 4, 11881
26988, 14774, 54.74, 252, 68.48, 4, 11882
26989, 14775, 54.74, 252, 68.48, 4, 11882
26990, 14775, 54.74, 252, 68.48, 4, 11883
26991, 14776, 54.74, 252, 68.48, 4, 11883
26992, 14776, 54.74, 252, 68.48, 4, 11884
26993, 14777, 54.74, 252, 68.48, 4, 11884
26994, 14778, 54.75, 252, 68.48, 4, 11884
26995, 14779, 54.75, 252, 68.48, 4, 11884
26996, 14779, 54.75, 252, 68.48, 4, 11885
26997, 14780, 54.75, 252, 68.48, 4, 11885
26998, 14781, 54.75, 252, 68.48, 4, 11885
26999, 14781, 54.75, 252, 68.48, 4, 11886
27000, 14781, 54.74, 252, 68.48, 4, 11887
27001, 14782, 54.75, 252, 68.48, 4, 11887
27002, 14782, 54.74, 252, 68.48, 4, 11888
27003, 14782, 54.74, 252, 68.48, 4, 11889
27004, 14782, 54.74, 252, 68.48, 4, 11890
27005, 14783, 54.74, 252, 68.48, 4, 11890
27006, 14784, 54.74, 252, 68.48, 4, 11890
27007, 14784, 54.74, 252, 68.48, 4, 11891
27008, 14785, 54.74, 252, 68.48, 4, 11891
27009, 14785, 54.74, 252, 68.48, 4, 11892
27010, 14786, 54.74, 252, 68.48, 4, 11892
27011, 14786, 54.74, 252, 68.48, 4, 11893
27012, 14787, 54.74, 252, 68.48, 4, 11893
27013, 14787, 54.74, 252, 68.48, 4, 11894
27014, 14787, 54.74, 252, 68.48, 4, 11895
27015, 14788, 54.74, 252, 68.48, 4, 11895
27016, 14788, 54.74, 252, 68.48, 4, 11896
27017, 14789, 54.74, 252, 68.48, 4, 11896
27018, 14790, 54.74, 252, 68.48, 4, 11896
27019, 14790, 54.74, 252, 68.48, 4, 11897
27020, 14790, 54.74, 252, 68.48, 4, 11898
27021, 14790, 54.74, 252, 68.48, 4, 11899
27022, 14790, 54.73, 252, 68.48, 4, 11899
27023, 14790, 54.73, 252, 68.48, 4, 11900
27024, 14791, 54.73, 252, 68.48, 4, 11900
27025, 14792, 54.73, 252, 68.48, 4, 11900
27026, 14793, 54.74, 252, 68.48, 4, 11900
27027, 14794, 54.74, 252, 68.48, 4, 11900
27028, 14795, 54.74, 252, 68.48, 4, 11900
27029, 14796, 54.74, 252, 68.48, 4, 11900
27030, 14797, 54.74, 252, 68.48, 4, 11900
27031, 14797, 54.74, 252, 68.48, 4, 11901
27032, 14798, 54.74, 252, 68.48, 4, 11901
27033, 14799, 54.74, 252, 68.48, 4, 11901
27034, 14799, 54.74, 252, 68.48, 4, 11902
27035, 14799, 54.74, 252, 68.48, 4, 11903
27036, 14799, 54.74, 252, 68.48, 4, 11904
27037, 14799, 54.74, 252, 68.48, 4, 11905
27038, 14799, 54.73, 252, 68.48, 4, 11906
27039, 14800, 54.74, 252, 68.48, 4, 11906
27040, 14801, 54.74, 252, 68.48, 4, 11906
27041, 14801, 54.74, 252, 68.48, 4, 11907
27042, 14802, 54.74, 252, 68.48, 4, 11907
27043, 14803, 54.74, 252, 68.48, 4, 11907
27044, 14803, 54.74, 252, 68.48, 4, 11908
27045, 14804, 54.74, 252, 68.48, 4, 11908
27046, 14804, 54.74, 252, 68.48, 4, 11909
27047, 14805, 54.74, 252, 68.48, 4, 11909
27048, 14805, 54.74, 252, 68.48, 4, 11910
27049, 14806, 54.74, 252, 68.48, 4, 11910
27050, 14807, 54.74, 252, 68.48, 4, 11910
27051, 14808, 54.74, 252, 68.48, 4, 11910
27052, 14808, 54.74, 252, 68.48, 4, 11911
27053, 14809, 54.74, 252, 68.48, 4, 11911
27054, 14809, 54.74, 252, 68.48, 4, 11912
27055, 14810, 54.74, 252, 68.48, 4, 11912
27056, 14811, 54.74, 252, 68.48, 4, 11912
27057, 14812, 54.74, 252, 68.48, 4, 11912
27058, 14813, 54.75, 252, 68.48, 4, 11912
27059, 14814, 54.75, 252, 68.48, 4, 11912
27060, 14815, 54.75, 252, 68.48, 4, 11912
27061, 14815, 54.75, 252, 68.48, 4, 11913
27062, 14815, 54.74, 252, 68.48, 4, 11914
27063, 14815, 54.74, 252, 68.48, 4, 11915
27064, 14815, 54.74, 252, 68.48, 4, 11916
27065, 14815, 54.74, 252, 68.48, 4, 11917
27066, 14816, 54.74, 252, 68.48, 4, 11917
27067, 14816, 54.74, 252, 68.48, 4, 11918
27068, 14816, 54.74, 252, 68.48, 4, 11919
27069, 14816, 54.73, 252, 68.48, 4, 11920
27070, 14816, 54.73, 252, 68.48, 4, 11921
27071, 14817, 54.73, 252, 68.48, 4, 11921
27072, 14818, 54.74, 252, 68.48, 4, 11921
27073, 14819, 54.74, 252, 68.48, 4, 11921
27074, 14820, 54.74, 252, 68.48, 4, 11921
27075, 14821, 54.74, 252, 68.48, 4, 11921
27076, 14821, 54.74, 252, 68.48, 4, 11922
27077, 14822, 54.74, 252, 68.48, 4, 11922
27078, 14822, 54.74, 252, 68.48, 4, 11923
27079, 14823, 54.74, 252, 68.48, 4, 11923
27080, 14823, 54.74, 252, 68.48, 4, 11924
27081, 14823, 54.74, 252, 68.48, 4, 11925
27082, 14823, 54.73, 252, 68.48, 4, 11926
27083, 14824, 54.74, 252, 68.48, 4, 11926
27084, 14825, 54.74, 252, 68.48, 4, 11926
27085, 14826, 54.74, 252, 68.48, 4, 11926
27086, 14827, 54.74, 252, 68.48, 4, 11926
27087, 14828, 54.74, 252, 68.48, 4, 11926
27088, 14829, 54.74, 252, 68.48, 4, 11926
27089, 14829, 54.74, 252, 68.48, 4, 11927
27090, 14829, 54.74, 252, 68.48, 4, 11928
27091, 14830, 54.74, 252, 68.48, 4, 11928
27092, 14831, 54.74, 252, 68.48, 4, 11928
27093, 14832, 54.74, 252, 68.48, 4, 11928
27094, 14833, 54.75, 252, 68.48, 4, 11928
27095, 14833, 54.74, 252, 68.48, 4, 11929
27096, 14833, 54.74, 252, 68.48, 4, 11930
27097, 14833, 54.74, 252, 68.48, 4, 11931
27098, 14833, 54.74, 252, 68.48, 4, 11932
27099, 14834, 54.74, 252, 68.48, 4, 11932
27100, 14834, 54.74, 252, 68.48, 4, 11933
27101, 14834, 54.74, 252, 68.48, 4, 11934
27102, 14835, 54.74, 252, 68.48, 4, 11934
27103, 14836, 54.74, 252, 68.48, 4, 11934
27104, 14837, 54.74, 252, 68.48, 4, 11934
27105, 14838, 54.74, 252, 68.48, 4, 11934
27106, 14839, 54.74, 252, 68.48, 4, 11934
27107, 14839, 54.74, 252, 68.48, 4, 11935
27108, 14840, 54.74, 252, 68.48, 4, 11935
27109, 14840, 54.74, 252, 68.48, 4, 11936
27110, 14841, 54.74, 252, 68.48, 4, 11936
27111, 14841, 54.74, 252, 68.48, 4, 11937
27112, 14842, 54.74, 252, 68.48, 4, 11937
27113, 14842, 54.74, 252, 68.48, 4, 11938
27114, 14842, 54.74, 252, 68.48, 4, 11939
27115, 14842, 54.74, 252, 68.48, 4, 11940
27116, 14843, 54.74, 252, 68.48, 4, 11940
27117, 14844, 54.74, 252, 68.48, 4, 11940
27118, 14845, 54.74, 252, 68.48, 4, 11940
27119, 14845, 54.74, 252, 68.48, 4, 11940
27120, 14845, 54.74, 252, 68.48, 4, 11941
27121, 14846, 54.74, 252, 68.48, 4, 11941
27122, 14846, 54.74, 252, 68.48, 4, 11942
27123, 14847, 54.74, 252, 68.48, 4, 11942
27124, 14848, 54.74, 252, 68.48, 4, 11942
27125, 14849, 54.74, 252, 68.48, 4, 11942
27126, 14849, 54.74, 252, 68.48, 4, 11943
27127, 14850, 54.74, 252, 68.48, 4, 11943
27128, 14851, 54.74, 252, 68.48, 4, 11943
27129, 14852, 54.75, 252, 68.48, 4, 11943
27130, 14853, 54.75, 252, 68.48, 4, 11943
27131, 14853, 54.75, 252, 68.48, 4, 11944
27132, 14853, 54.74, 252, 68.48, 4, 11945
27133, 14853, 54.74, 252, 68.48, 4, 11946
27134, 14854, 54.74, 252, 68.48, 4, 11946
27135, 14855, 54.74, 252, 68.48, 4, 11946
27136, 14856, 54.75, 252, 68.48, 4, 11946
27137, 14857, 54.75, 252, 68.48, 4, 11946
27138, 14858, 54.75, 252, 68.48, 4, 11946
27139, 14858, 54.75, 252, 68.48, 4, 11947
27140, 14858, 54.75, 252, 68.48, 4, 11948
27141, 14858, 54.74, 252, 68.48, 4, 11949
27142, 14859, 54.75, 252, 68.48, 4, 11949
27143, 14860, 54.75, 252, 68.48, 4, 11949
27144, 14861, 54.75, 252, 68.48, 4, 11949
27145, 14862, 54.75, 252, 68.48, 4, 11949
27146, 14862, 54.75, 252, 68.48, 4, 11950
27147, 14862, 54.75, 252, 68.48, 4, 11951
27148, 14862, 54.74, 252, 68.48, 4, 11952
27149, 14862, 54.74, 252, 68.48, 4, 11953
27150, 14863, 54.74, 252, 68.48, 4, 11953
27151, 14863, 54.74, 252, 68.48, 4, 11954
27152, 14863, 54.74, 252, 68.48, 4, 11955
27153, 14863, 54.74, 252, 68.48, 4, 11956
27154, 14864, 54.74, 252, 68.48, 4, 11956
27155, 14864, 54.74, 252, 68.48, 4, 11957
27156, 14865, 54.74, 252, 68.48, 4, 11957
27157, 14866, 54.74, 252, 68.48, 4, 11957
27158, 14867, 54.74, 252, 68.48, 4, 11957
27159, 14867, 54.74, 252, 68.48, 4, 11958
27160, 14867, 54.74, 252, 68.48, 4, 11959
27161, 14867, 54.74, 252, 68.48, 4, 11960
27162, 14867, 54.73, 252, 68.48, 4, 11961
27163, 14868, 54.74, 252, 68.48, 4, 11961
27164, 14868, 54.73, 252, 68.48, 4, 11962
27165, 14868, 54.73, 252, 68.48, 4, 11963
27166, 14868, 54.73, 252, 68.48, 4, 11964
27167, 14869, 54.73, 252, 68.48, 4, 11964
27168, 14869, 54.73, 252, 68.48, 4, 11965
27169, 14870, 54.73, 252, 68.48, 4, 11965
27170, 14871, 54.73, 252, 68.48, 4, 11965
27171, 14872, 54.73, 252, 68.48, 4, 11965
27172, 14873, 54.74, 252, 68.48, 4, 11965
27173, 14873, 54.73, 252, 68.48, 4, 11966
27174, 14873, 54.73, 252, 68.48, 4, 11967
27175, 14873, 54.73, 252, 68.48, 4, 11968
27176, 14873, 54.73, 252, 68.48, 4, 11969
27177, 14873, 54.73, 252, 68.48, 4, 11970
27178, 14873, 54.72, 252, 68.48, 4, 11971
27179, 14874, 54.73, 252, 68.48, 4, 11971
27180, 14875, 54.73, 252, 68.48, 4, 11971
27181, 14876, 54.73, 252, 68.48, 4, 11971
27182, 14877, 54.73, 252, 68.48, 4, 11971
27183, 14878, 54.73, 252, 68.48, 4, 11971
27184, 14879, 54.73, 252, 68.48, 4, 11971
27185, 14879, 54.73, 252, 68.48, 4, 11972
27186, 14880, 54.73, 252, 68.48, 4, 11972
27187, 14880, 54.73, 252, 68.48, 4, 11973
27188, 14880, 54.73, 252, 68.48, 4, 11974
27189, 14881, 54.73, 252, 68.48, 4, 11974
27190, 14882, 54.73, 252, 68.48, 4, 11974
27191, 14883, 54.74, 252, 68.48, 4, 11974
27192, 14883, 54.73, 252, 68.48, 4, 11975
27193, 14883, 54.73, 252, 68.48, 4, 11976
27194, 14884, 54.73, 252, 68.48, 4, 11976
27195, 14884, 54.73, 252, 68.48, 4, 11977
27196, 14884, 54.73, 252, 68.48, 4, 11978
27197, 14885, 54.73, 252, 68.48, 4, 11978
27198, 14885, 54.73, 252, 68.48, 4, 11979
27199, 14886, 54.73, 252, 68.48, 4, 11979
27200, 14886, 54.73, 252, 68.48, 4, 11980
27201, 14887, 54.73, 252, 68.48, 4, 11980
27202, 14888, 54.73, 252, 68.48, 4, 11980
27203, 14889, 54.73, 252, 68.48, 4, 11980
27204, 14890, 54.73, 252, 68.48, 4, 11980
27205, 14891, 54.74, 252, 68.48, 4, 11980
27206, 14892, 54.74, 252, 68.48, 4, 11980
27207, 14893, 54.74, 252, 68.48, 4, 11980
27208, 14894, 54.74, 252, 68.48, 4, 11980
27209, 14894, 54.74, 252, 68.48, 4, 11981
27210, 14895, 54.74, 252, 68.48, 4, 11981
27211, 14896, 54.74, 252, 68.48, 4, 11981
27212, 14897, 54.74, 252, 68.48, 4, 11981
27213, 14898, 54.75, 252, 68.48, 4, 11981
27214, 14898, 54.74, 252, 68.48, 4, 11982
27215, 14899, 54.75, 252, 68.48, 4, 11982
27216, 14900, 54.75, 252, 68.48, 4, 11982
27217, 14900, 54.75, 252, 68.48, 4, 11983
27218, 14900, 54.74, 252, 68.48, 4, 11984
27219, 14901, 54.74, 252, 68.48, 4, 11984
27220, 14902, 54.75, 252, 68.48, 4, 11984
27221, 14903, 54.75, 252, 68.48, 4, 11984
27222, 14904, 54.75, 252, 68.48, 4, 11984
27223, 14904, 54.75, 252, 68.48, 4, 11985
27224, 14904, 54.75, 252, 68.48, 4, 11986
27225, 14905, 54.75, 252, 68.48, 4, 11986
27226, 14905, 54.75, 252, 68.48, 4, 11987
27227, 14906, 54.75, 252, 68.48, 4, 11987
27228, 14907, 54.75, 252, 68.48, 4, 11987
27229, 14908, 54.75, 252, 68.48, 4, 11987
27230, 14908, 54.75, 252, 68.48, 4, 11988
27231, 14909, 54.75, 252, 68.48, 4, 11988
27232, 14909, 54.75, 252, 68.48, 4, 11989
27233, 14910, 54.75, 252, 68.48, 4, 11989
27234, 14910, 54.75, 252, 68.48, 4, 11990
27235, 14910, 54.75, 252, 68.48, 4, 11991
27236, 14910, 54.74, 252, 68.48, 4, 11992
27237, 14911, 54.75, 252, 68.48, 4, 11992
27238, 14912, 54.75, 252, 68.48, 4, 11992
27239, 14912, 54.75, 252, 68.48, 4, 11992
27240, 14912, 54.74, 252, 68.48, 4, 11993
27241, 14912, 54.74, 252, 68.48, 4, 11994
27242, 14912, 54.74, 252, 68.48, 4, 11995
27243, 14913, 54.74, 252, 68.48, 4, 11995
27244, 14914, 54.74, 252, 68.48, 4, 11995
27245, 14914, 54.74, 252, 68.48, 4, 11996
27246, 14915, 54.74, 252, 68.48, 4, 11996
27247, 14916, 54.74, 252, 68.48, 4, 11996
27248, 14916, 54.74, 252, 68.48, 4, 11997
27249, 14916, 54.74, 252, 68.48, 4, 11998
27250, 14916, 54.74, 252, 68.48, 4, 11999
27251, 14917, 54.74, 252, 68.48, 4, 11999
27252, 14917, 54.74, 252, 68.48, 4, 12000
27253, 14918, 54.74, 252, 68.48, 4, 12000
27254, 14918, 54.74, 252, 68.48, 4, 12001
27255, 14919, 54.74, 252, 68.48, 4, 12001
27256, 14920, 54.74, 252, 68.48, 4, 12001
27257, 14920, 54.74, 252, 68.48, 4, 12002
27258, 14921, 54.74, 252, 68.48, 4, 12002
27259, 14922, 54.74, 252, 68.48, 4, 12002
27260, 14923, 54.74, 252, 68.48, 4, 12002
27261, 14924, 54.74, 252, 68.48, 4, 12002
27262, 14924, 54.74, 252, 68.48, 4, 12003
27263, 14924, 54.74, 252, 68.48, 4, 12004
27264, 14925, 54.74, 252, 68.48, 4, 12004
27265, 14925, 54.74, 252, 68.48, 4, 12005
27266, 14926, 54.74, 252, 68.48, 4, 12005
27267, 14926, 54.74, 252, 68.48, 4, 12005
27268, 14927, 54.74, 252, 68.48, 4, 12005
27269, 14927, 54.74, 252, 68.48, 4, 12006
27270, 14928, 54.74, 252, 68.48, 4, 12006
27271, 14928, 54.74, 252, 68.48, 4, 12007
27272, 14929, 54.74, 252, 68.48, 4, 12007
27273, 14929, 54.74, 252, 68.48, 4, 12008
27274, 14930, 54.74, 252, 68.48, 4, 12008
27275, 14931, 54.74, 252, 68.48, 4, 12008
27276, 14931, 54.74, 252, 68.48, 4, 12009
27277, 14931, 54.74, 252, 68.48, 4, 12010
27278, 14932, 54.74, 252, 68.48, 4, 12010
27279, 14932, 54.74, 252, 68.48, 4, 12011
27280, 14932, 54.74, 252, 68.48, 4, 12012
27281, 14933, 54.74, 252, 68.48, 4, 12012
27282, 14933, 54.74, 252, 68.48, 4, 12013
27283, 14933, 54.73, 252, 68.48, 4, 12014
27284, 14933, 54.73, 252, 68.48, 4, 12015
27285, 14933, 54.73, 252, 68.48, 4, 12016
27286, 14934, 54.73, 252, 68.48, 4, 12016
27287, 14935, 54.73, 252, 68.48, 4, 12016
27288, 14935, 54.73, 252, 68.48, 4, 12017
27289, 14935, 54.73, 252, 68.48, 4, 12018
27290, 14935, 54.73, 252, 68.48, 4, 12019
27291, 14936, 54.73, 252, 68.48, 4, 12019
27292, 14936, 54.73, 252, 68.48, 4, 12020
27293, 14937, 54.73, 252, 68.48, 4, 12020
27294, 14938, 54.73, 252, 68.48, 4, 12020
27295, 14939, 54.73, 252, 68.48, 4, 12020
27296, 14940, 54.73, 252, 68.48, 4, 12020
27297, 14941, 54.73, 252, 68.48, 4, 12020
27298, 14941, 54.73, 252, 68.48, 4, 12021
27299, 14941, 54.73, 252, 68.48, 4, 12022
27300, 14941, 54.73, 252, 68.48, 4, 12023
27301, 14941, 54.73, 252, 68.48, 4, 12024
27302, 14941, 54.72, 252, 68.48, 4, 12025
27303, 14941, 54.72, 252, 68.48, 4, 12026
27304, 14942, 54.72, 252, 68.48, 4, 12026
27305, 14942, 54.72, 252, 68.48, 4, 12027
27306, 14943, 54.72, 252, 68.48, 4, 12027
27307, 14944, 54.73, 252, 68.48, 4, 12027
27308, 14945, 54.73, 252, 68.48, 4, 12027
27309, 14945, 54.73, 252, 68.48, 4, 12028
27310, 14945, 54.72, 252, 68.48, 4, 12029
27311, 14945, 54.72, 252, 68.48, 4, 12030
27312, 14946, 54.72, 252, 68.48, 4, 12030
27313, 14946, 54.72, 252, 68.48, 4, 12031
27314, 14946, 54.72, 252, 68.48, 4, 12032
27315, 14946, 54.72, 252, 68.48, 4, 12033
27316, 14946, 54.72, 252, 68.48, 4, 12034
27317, 14946, 54.71, 252, 68.48, 4, 12035
27318, 14947, 54.71, 252, 68.48, 4, 12035
27319, 14948, 54.72, 252, 68.48, 4, 12035
27320, 14949, 54.72, 252, 68.48, 4, 12035
27321, 14950, 54.72, 252, 68.48, 4, 12035
27322, 14951, 54.72, 252, 68.48, 4, 12035
27323, 14952, 54.72, 252, 68.48, 4, 12035
27324, 14952, 54.72, 252, 68.48, 4, 12036
27325, 14953, 54.72, 252, 68.48, 4, 12036
27326, 14954, 54.72, 252, 68.48, 4, 12036
27327, 14955, 54.73, 252, 68.48, 4, 12036
27328, 14956, 54.73, 252, 68.48, 4, 12036
27329, 14957, 54.73, 252, 68.48, 4, 12036
27330, 14957, 54.73, 252, 68.48, 4, 12037
27331, 14957, 54.73, 252, 68.48, 4, 12038
27332, 14958, 54.73, 252, 68.48, 4, 12038
27333, 14958, 54.73, 252, 68.48, 4, 12038
27334, 14959, 54.73, 252, 68.48, 4, 12038
27335, 14959, 54.72, 252, 68.48, 4, 12039
27336, 14959, 54.72, 252, 68.48, 4, 12040
27337, 14960, 54.72, 252, 68.48, 4, 12040
27338, 14961, 54.73, 252, 68.48, 4, 12040
27339, 14961, 54.72, 252, 68.48, 4, 12041
27340, 14961, 54.72, 252, 68.48, 4, 12042
27341, 14961, 54.72, 252, 68.48, 4, 12043
27342, 14962, 54.72, 252, 68.48, 4, 12043
27343, 14962, 54.72, 252, 68.48, 4, 12044
27344, 14962, 54.72, 252, 68.48, 4, 12045
27345, 14963, 54.72, 252, 68.48, 4, 12045
27346, 14964, 54.72, 252, 68.48, 4, 12045
27347, 14965, 54.72, 252, 68.48, 4, 12045
27348, 14966, 54.72, 252, 68.48, 4, 12045
27349, 14966, 54.72, 252, 68.48, 4, 12046
27350, 14967, 54.72, 252, 68.48, 4, 12046
27351, 14968, 54.73, 252, 68.48, 4, 12046
27352, 14968, 54.72, 252, 68.48, 4, 12047
27353, 14969, 54.73, 252, 68.48, 4, 12047
27354, 14970, 54.73, 252, 68.48, 4, 12047
27355, 14970, 54.72, 252, 68.48, 4, 12048
27356, 14970, 54.72, 252, 68.48, 4, 12048
27357, 14971, 54.72, 252, 68.48, 4, 12048
27358, 14972, 54.73, 252, 68.48, 4, 12048
27359, 14972, 54.72, 252, 68.48, 4, 12049
27360, 14973, 54.73, 252, 68.48, 4, 12049
27361, 14973, 54.72, 252, 68.48, 4, 12050
27362, 14974, 54.73, 252, 68.48, 4, 12050
27363, 14975, 54.73, 252, 68.48, 4, 12050
27364, 14976, 54.73, 252, 68.48, 4, 12050
27365, 14977, 54.73, 252, 68.48, 4, 12050
27366, 14978, 54.73, 252, 68.48, 4, 12050
27367, 14978, 54.73, 252, 68.48, 4, 12051
27368, 14979, 54.73, 252, 68.48, 4, 12051
27369, 14979, 54.73, 252, 68.48, 4, 12052
27370, 14979, 54.73, 252, 68.48, 4, 12053
27371, 14980, 54.73, 252, 68.48, 4, 12053
27372, 14980, 54.73, 252, 68.48, 4, 12054
27373, 14981, 54.73, 252, 68.48, 4, 12054
27374, 14981, 54.73, 252, 68.48, 4, 12055
27375, 14982, 54.73, 252, 68.48, 4, 12055
27376, 14983, 54.73, 252, 68.48, 4, 12055
27377, 14983, 54.73, 252, 68.48, 4, 12056
27378, 14984, 54.73, 252, 68.48, 4, 12056
27379, 14985, 54.73, 252, 68.48, 4, 12056
27380, 14986, 54.73, 252, 68.48, 4, 12056
27381, 14987, 54.74, 252, 68.48, 4, 12056
27382, 14987, 54.73, 252, 68.48, 4, 12057
27383, 14987, 54.73, 252, 68.48, 4, 12058
27384, 14988, 54.73, 252, 68.48, 4, 12058
27385, 14989, 54.73, 252, 68.48, 4, 12058
27386, 14990, 54.74, 252, 68.48, 4, 12058
27387, 14991, 54.74, 252, 68.48, 4, 12058
27388, 14992, 54.74, 252, 68.48, 4, 12058
27389, 14992, 54.74, 252, 68.48, 4, 12059
27390, 14993, 54.74, 252, 68.48, 4, 12059
27391, 14993, 54.74, 252, 68.48, 4, 12060
27392, 14994, 54.74, 252, 68.48, 4, 12060
27393, 14994, 54.74, 252, 68.48, 4, 12061
27394, 14994, 54.73, 252, 68.48, 4, 12062
27395, 14995, 54.74, 252, 68.48, 4, 12062
27396, 14995, 54.73, 252, 68.48, 4, 12063
27397, 14995, 54.73, 252, 68.48, 4, 12064
27398, 14996, 54.73, 252, 68.48, 4, 12064
27399, 14996, 54.73, 252, 68.48, 4, 12065
27400, 14996, 54.73, 252, 68.48, 4, 12066
27401, 14997, 54.73, 252, 68.48, 4, 12066
27402, 14998, 54.73, 252, 68.48, 4, 12066
27403, 14999, 54.73, 252, 68.48, 4, 12066
27404, 14999, 54.73, 252, 68.48, 4, 12067
27405, 15000, 54.73, 252, 68.48, 4, 12067
27406, 15000, 54.73, 252, 68.48, 4, 12068
27407, 15001, 54.73, 252, 68.48, 4, 12068
27408, 15002, 54.74, 252, 68.48, 4, 12068
27409, 15003, 54.74, 252, 68.48, 4, 12068
27410, 15004, 54.74, 252, 68.48, 4, 12068
27411, 15004, 54.74, 252, 68.48, 4, 12069
27412, 15005, 54.74, 252, 68.48, 4, 12069
27413, 15006, 54.74, 252, 68.48, 4, 12069
27414, 15006, 54.74, 252, 68.48, 4, 12070
27415, 15007, 54.74, 252, 68.48, 4, 12070
27416, 15007, 54.74, 252, 68.48, 4, 12071
27417, 15008, 54.74, 252, 68.48, 4, 12071
27418, 15009, 54.74, 252, 68.48, 4, 12071
27419, 15009, 54.74, 252, 68.48, 4, 12071
27420, 15010, 54.74, 252, 68.48, 4, 12071
27421, 15010, 54.74, 252, 68.48, 4, 12072
27422, 15011, 54.74, 252, 68.48, 4, 12072
27423, 15011, 54.74, 252, 68.48, 4, 12073
27424, 15012, 54.74, 252, 68.48, 4, 12073
27425, 15012, 54.74, 252, 68.48, 4, 12074
27426, 15012, 54.74, 252, 68.48, 4, 12075
27427, 15013, 54.74, 252, 68.48, 4, 12075
27428, 15014, 54.74, 252, 68.48, 4, 12075
27429, 15014, 54.74, 252, 68.48, 4, 12076
27430, 15015, 54.74, 252, 68.48, 4, 12076
27431, 15016, 54.74, 252, 68.48, 4, 12076
27432, 15016, 54.74, 252, 68.48, 4, 12077
27433, 15016, 54.74, 252, 68.48, 4, 12078
27434, 15017, 54.74, 252, 68.48, 4, 12078
27435, 15018, 54.74, 252, 68.48, 4, 12078
27436, 15019, 54.74, 252, 68.48, 4, 12078
27437, 15020, 54.74, 252, 68.48, 4, 12078
27438, 15021, 54.75, 252, 68.48, 4, 12078
27439, 15022, 54.75, 252, 68.48, 4, 12078
27440, 15022, 54.74, 252, 68.48, 4, 12079
27441, 15023, 54.75, 252, 68.48, 4, 12079
27442, 15024, 54.75, 252, 68.48, 4, 12079
27443, 15025, 54.75, 252, 68.48, 4, 12079
27444, 15026, 54.75, 252, 68.48, 4, 12079
27445, 15027, 54.75, 252, 68.48, 4, 12079
27446, 15027, 54.75, 252, 68.48, 4, 12080
27447, 15027, 54.75, 252, 68.48, 4, 12081
27448, 15028, 54.75, 252, 68.48, 4, 12081
27449, 15028, 54.75, 252, 68.48, 4, 12082
27450, 15028, 54.75, 252, 68.48, 4, 12083
27451, 15028, 54.74, 252, 68.48, 4, 12084
27452, 15028, 54.74, 252, 68.48, 4, 12085
27453, 15028, 54.74, 252, 68.48, 4, 12086
27454, 15028, 54.74, 252, 68.48, 4, 12087
27455, 15029, 54.74, 252, 68.48, 4, 12087
27456, 15030, 54.74, 252, 68.48, 4, 12087
27457, 15030, 54.74, 252, 68.48, 4, 12088
27458, 15030, 54.74, 252, 68.48, 4, 12089
27459, 15030, 54.74, 252, 68.48, 4, 12090
27460, 15030, 54.73, 252, 68.48, 4, 12091
27461, 15031, 54.74, 252, 68.48, 4, 12091
27462, 15031, 54.73, 252, 68.48, 4, 12092
27463, 15031, 54.73, 252, 68.48, 4, 12093
27464, 15031, 54.73, 252, 68.48, 4, 12094
27465, 15031, 54.73, 252, 68.48, 4, 12095
27466, 15031, 54.73, 252, 68.48, 4, 12096
27467, 15031, 54.72, 252, 68.48, 4, 12097
27468, 15032, 54.73, 252, 68.48, 4, 12097
27469, 15032, 54.72, 252, 68.48, 4, 12098
27470, 15032, 54.72, 252, 68.48, 4, 12099
27471, 15033, 54.72, 252, 68.48, 4, 12099
27472, 15033, 54.72, 252, 68.48, 4, 12100
27473, 15034, 54.72, 252, 68.48, 4, 12100
27474, 15034, 54.72, 252, 68.48, 4, 12101
27475, 15035, 54.72, 252, 68.48, 4, 12101
27476, 15036, 54.72, 252, 68.48, 4, 12101
27477, 15037, 54.73, 252, 68.48, 4, 12101
27478, 15037, 54.72, 252, 68.48, 4, 12102
27479, 15038, 54.73, 252, 68.48, 4, 12102
27480, 15039, 54.73, 252, 68.48, 4, 12102
27481, 15040, 54.73, 252, 68.48, 4, 12102
27482, 15040, 54.73, 252, 68.48, 4, 12103
27483, 15041, 54.73, 252, 68.48, 4, 12103
27484, 15042, 54.73, 252, 68.48, 4, 12103
27485, 15043, 54.73, 252, 68.48, 4, 12103
27486, 15043, 54.73, 252, 68.48, 4, 12104
27487, 15043, 54.73, 252, 68.48, 4, 12105
27488, 15043, 54.73, 252, 68.48, 4, 12106
27489, 15043, 54.72, 252, 68.48, 4, 12107
27490, 15044, 54.73, 252, 68.48, 4, 12107
27491, 15045, 54.73, 252, 68.48, 4, 12107
27492, 15045, 54.73, 252, 68.48, 4, 12108
27493, 15046, 54.73, 252, 68.48, 4, 12108
27494, 15046, 54.72, 252, 68.48, 4, 12109
27495, 15046, 54.72, 252, 68.48, 4, 12110
27496, 15046, 54.72, 252, 68.48, 4, 12111
27497, 15047, 54.72, 252, 68.48, 4, 12111
27498, 15048, 54.72, 252, 68.48, 4, 12111
27499, 15048, 54.72, 252, 68.48, 4, 12112
27500, 15048, 54.72, 252, 68.48, 4, 12113
27501, 15048, 54.72, 252, 68.48, 4, 12114
27502, 15049, 54.72, 252, 68.48, 4, 12114
27503, 15050, 54.72, 252, 68.48, 4, 12114
27504, 15050, 54.72, 252, 68.48, 4, 12115
27505, 15051, 54.72, 252, 68.48, 4, 12115
27506, 15052, 54.72, 252, 68.48, 4, 12115
27507, 15052, 54.72, 252, 68.48, 4, 12115
27508, 15052, 54.72, 252, 68.48, 4, 12116
27509, 15053, 54.72, 252, 68.48, 4, 12116
27510, 15053, 54.72, 252, 68.48, 4, 12117
27511, 15054, 54.72, 252, 68.48, 4, 12117
27512, 15054, 54.72, 252, 68.48, 4, 12118
27513, 15054, 54.72, 252, 68.48, 4, 12119
27514, 15055, 54.72, 252, 68.48, 4, 12119
27515, 15055, 54.72, 252, 68.48, 4, 12120
27516, 15056, 54.72, 252, 68.48, 4, 12120
27517, 15057, 54.72, 252, 68.48, 4, 12120
27518, 15057, 54.72, 252, 68.48, 4, 12121
27519, 15057, 54.71, 252, 68.48, 4, 12122
27520, 15058, 54.72, 252, 68.48, 4, 12122
27521, 15058, 54.71, 252, 68.48, 4, 12123
27522, 15058, 54.71, 252, 68.48, 4, 12124
27523, 15058, 54.71, 252, 68.48, 4, 12125
27524, 15059, 54.71, 252, 68.48, 4, 12125
27525, 15060, 54.71, 252, 68.48, 4, 12125
27526, 15060, 54.71, 252, 68.48, 4, 12126
27527, 15060, 54.71, 252, 68.48, 4, 12127
27528, 15060, 54.71, 252, 68.48, 4, 12128
27529, 15061, 54.71, 252, 68.48, 4, 12128
27530, 15061, 54.71, 252, 68.48, 4, 12129
27531, 15062, 54.71, 252, 68.48, 4, 12129
27532, 15063, 54.71, 252, 68.48, 4, 12129
27533, 15064, 54.71, 252, 68.48, 4, 12129
27534, 15065, 54.71, 252, 68.48, 4, 12129
27535, 15066, 54.72, 252, 68.48, 4, 12129
27536, 15067, 54.72, 252, 68.48, 4, 12129
27537, 15067, 54.72, 252, 68.48, 4, 12130
27538, 15068, 54.72, 252, 68.48, 4, 12130
27539, 15069, 54.72, 252, 68.48, 4, 12130
27540, 15070, 54.72, 252, 68.48, 4, 12130
27541, 15071, 54.72, 252, 68.48, 4, 12130
27542, 15072, 54.72, 252, 68.48, 4, 12130
27543, 15072, 54.72, 252, 68.48, 4, 12131
27544, 15072, 54.72, 252, 68.48, 4, 12132
27545, 15072, 54.72, 252, 68.48, 4, 12133
27546, 15073, 54.72, 252, 68.48, 4, 12133
27547, 15074, 54.72, 252, 68.48, 4, 12133
27548, 15074, 54.72, 252, 68.48, 4, 12134
27549, 15075, 54.72, 252, 68.48, 4, 12134
27550, 15076, 54.72, 252, 68.48, 4, 12134
27551, 15076, 54.72, 252, 68.48, 4, 12135
27552, 15077, 54.72, 252, 68.48, 4, 12135
27553, 15078, 54.72, 252, 68.48, 4, 12135
27554, 15079, 54.73, 252, 68.48, 4, 12135
27555, 15080, 54.73, 252, 68.48, 4, 12135
27556, 15081, 54.73, 252, 68.48, 4, 12135
27557, 15082, 54.73, 252, 68.48, 4, 12135
27558, 15083, 54.73, 252, 68.48, 4, 12135
27559, 15083, 54.73, 252, 68.48, 4, 12136
27560, 15084, 54.73, 252, 68.48, 4, 12136
27561, 15085, 54.73, 252, 68.48, 4, 12136
27562, 15086, 54.73, 252, 68.48, 4, 12136
27563, 15087, 54.74, 252, 68.48, 4, 12136
27564, 15088, 54.74, 252, 68.48, 4, 12136
27565, 15089, 54.74, 252, 68.48, 4, 12136
27566, 15089, 54.74, 252, 68.48, 4, 12137
27567, 15090, 54.74, 252, 68.48, 4, 12137
27568, 15091, 54.74, 252, 68.48, 4, 12137
27569, 15092, 54.74, 252, 68.48, 4, 12137
27570, 15093, 54.74, 252, 68.48, 4, 12137
27571, 15094, 54.75, 252, 68.48, 4, 12137
27572, 15095, 54.75, 252, 68.48, 4, 12137
27573, 15096, 54.75, 252, 68.48, 4, 12137
27574, 15097, 54.75, 252, 68.48, 4, 12137
27575, 15098, 54.75, 252, 68.48, 4, 12137
27576, 15098, 54.75, 252, 68.48, 4, 12137
27577, 15098, 54.75, 252, 68.48, 4, 12138
27578, 15099, 54.75, 252, 68.48, 4, 12138
27579, 15099, 54.75, 252, 68.48, 4, 12139
27580, 15099, 54.75, 252, 68.48, 4, 12140
27581, 15099, 54.74, 252, 68.48, 4, 12141
27582, 15099, 54.74, 252, 68.48, 4, 12142
27583, 15099, 54.74, 252, 68.48, 4, 12143
27584, 15100, 54.74, 252, 68.48, 4, 12143
27585, 15100, 54.74, 252, 68.48, 4, 12144
27586, 15101, 54.74, 252, 68.48, 4, 12144
27587, 15102, 54.74, 252, 68.48, 4, 12144
27588, 15102, 54.74, 252, 68.48, 4, 12145
27589, 15102, 54.74, 252, 68.48, 4, 12146
27590, 15102, 54.74, 252, 68.48, 4, 12147
27591, 15102, 54.74, 252, 68.48, 4, 12148
27592, 15103, 54.74, 252, 68.48, 4, 12148
27593, 15104, 54.74, 252, 68.48, 4, 12148
27594, 15105, 54.74, 252, 68.48, 4, 12148
27595, 15106, 54.74, 252, 68.48, 4, 12148
27596, 15107, 54.74, 252, 68.48, 4, 12148
27597, 15108, 54.75, 252, 68.48, 4, 12148
27598, 15108, 54.74, 252, 68.48, 4, 12149
27599, 15108, 54.74, 252, 68.48, 4, 12150
27600, 15109, 54.74, 252, 68.48, 4, 12150
27601, 15109, 54.74, 252, 68.48, 4, 12151
27602, 15110, 54.74, 252, 68.48, 4, 12151
27603, 15110, 54.74, 252, 68.48, 4, 12152
27604, 15110, 54.74, 252, 68.48, 4, 12153
27605, 15110, 54.74, 252, 68.48, 4, 12154
27606, 15111, 54.74, 252, 68.48, 4, 12154
27607, 15112, 54.74, 252, 68.48, 4, 12154
27608, 15113, 54.74, 252, 68.48, 4, 12154
27609, 15114, 54.74, 252, 68.48, 4, 12154
27610, 15115, 54.74, 252, 68.48, 4, 12154
27611, 15115, 54.74, 252, 68.48, 4, 12155
27612, 15115, 54.74, 252, 68.48, 4, 12156
27613, 15115, 54.74, 252, 68.48, 4, 12157
27614, 15115, 54.74, 252, 68.48, 4, 12158
27615, 15115, 54.73, 252, 68.48, 4, 12159
27616, 15115, 54.73, 252, 68.48, 4, 12159
27617, 15116, 54.73, 252, 68.48, 4, 12159
27618, 15117, 54.74, 252, 68.48, 4, 12159
27619, 15118, 54.74, 252, 68.48, 4, 12159
27620, 15118, 54.74, 252, 68.48, 4, 12160
27621, 15118, 54.73, 252, 68.48, 4, 12161
27622, 15119, 54.74, 252, 68.48, 4, 12161
27623, 15119, 54.73, 252, 68.48, 4, 12162
27624, 15120, 54.74, 252, 68.48, 4, 12162
27625, 15121, 54.74, 252, 68.48, 4, 12162
27626, 15121, 54.73, 252, 68.48, 4, 12163
27627, 15122, 54.74, 252, 68.48, 4, 12163
27628, 15122, 54.73, 252, 68.48, 4, 12164
27629, 15123, 54.74, 252, 68.48, 4, 12164
27630, 15123, 54.73, 252, 68.48, 4, 12165
27631, 15123, 54.73, 252, 68.48, 4, 12166
27632, 15123, 54.73, 252, 68.48, 4, 12167
27633, 15123, 54.73, 252, 68.48, 4, 12168
27634, 15123, 54.73, 252, 68.48, 4, 12169
27635, 15124, 54.73, 252, 68.48, 4, 12169
27636, 15125, 54.73, 252, 68.48, 4, 12169
27637, 15125, 54.73, 252, 68.48, 4, 12170
27638, 15126, 54.73, 252, 68.48, 4, 12170
27639, 15127, 54.73, 252, 68.48, 4, 12170
27640, 15128, 54.73, 252, 68.48, 4, 12170
27641, 15129, 54.73, 252, 68.48, 4, 12170
27642, 15130, 54.74, 252, 68.48, 4, 12170
27643, 15131, 54.74, 252, 68.48, 4, 12170
27644, 15132, 54.74, 252, 68.48, 4, 12170
27645, 15133, 54.74, 252, 68.48, 4, 12170
27646, 15134, 54.74, 252, 68.48, 4, 12170
27647, 15134, 54.74, 252, 68.48, 4, 12171
27648, 15134, 54.74, 252, 68.48, 4, 12172
27649, 15135, 54.74, 252, 68.48, 4, 12172
27650, 15136, 54.74, 252, 68.48, 4, 12172
27651, 15136, 54.74, 252, 68.48, 4, 12173
27652, 15136, 54.74, 252, 68.48, 4, 12174
27653, 15136, 54.74, 252, 68.48, 4, 12175
27654, 15137, 54.74, 252, 68.48, 4, 12175
27655, 15137, 54.74, 252, 68.48, 4, 12176
27656, 15137, 54.73, 252, 68.48, 4, 12177
27657, 15138, 54.73, 252, 68.48, 4, 12177
27658, 15139, 54.74, 252, 68.48, 4, 12177
27659, 15140, 54.74, 252, 68.48, 4, 12177
27660, 15141, 54.74, 252, 68.48, 4, 12177
27661, 15142, 54.74, 252, 68.48, 4, 12177
27662, 15142, 54.74, 252, 68.48, 4, 12178
27663, 15143, 54.74, 252, 68.48, 4, 12178
27664, 15144, 54.74, 252, 68.48, 4, 12178
27665, 15144, 54.74, 252, 68.48, 4, 12179
27666, 15145, 54.74, 252, 68.48, 4, 12179
27667, 15146, 54.74, 252, 68.48, 4, 12179
27668, 15146, 54.74, 252, 68.48, 4, 12180
27669, 15147, 54.74, 252, 68.48, 4, 12180
27670, 15148, 54.75, 252, 68.48, 4, 12180
27671, 15148, 54.74, 252, 68.48, 4, 12181
27672, 15149, 54.74, 252, 68.48, 4, 12181
27673, 15149, 54.74, 252, 68.48, 4, 12182
27674, 15150, 54.74, 252, 68.48, 4, 12182
27675, 15150, 54.74, 252, 68.48, 4, 12183
27676, 15151, 54.74, 252, 68.48, 4, 12183
27677, 15152, 54.75, 252, 68.48, 4, 12183
27678, 15152, 54.74, 252, 68.48, 4, 12184
27679, 15153, 54.75, 252, 68.48, 4, 12184
27680, 15154, 54.75, 252, 68.48, 4, 12184
27681, 15155, 54.75, 252, 68.48, 4, 12184
27682, 15155, 54.75, 252, 68.48, 4, 12185
27683, 15156, 54.75, 252, 68.48, 4, 12185
27684, 15157, 54.75, 252, 68.48, 4, 12185
27685, 15158, 54.75, 252, 68.48, 4, 12185
27686, 15159, 54.75, 252, 68.48, 4, 12185
27687, 15160, 54.75, 252, 68.48, 4, 12185
27688, 15161, 54.76, 252, 68.48, 4, 12185
27689, 15161, 54.75, 252, 68.48, 4, 12186
27690, 15161, 54.75, 252, 68.48, 4, 12187
27691, 15162, 54.75, 252, 68.48, 4, 12187
27692, 15162, 54.75, 252, 68.48, 4, 12188
27693, 15162, 54.75, 252, 68.48, 4, 12189
27694, 15163, 54.75, 252, 68.48, 4, 12189
27695, 15164, 54.75, 252, 68.48, 4, 12189
27696, 15165, 54.76, 252, 68.48, 4, 12189
27697, 15166, 54.76, 252, 68.48, 4, 12189
27698, 15167, 54.76, 252, 68.48, 4, 12189
27699, 15167, 54.76, 252, 68.48, 4, 12190
27700, 15168, 54.76, 252, 68.48, 4, 12190
27701, 15168, 54.76, 252, 68.48, 4, 12191
27702, 15169, 54.76, 252, 68.48, 4, 12191
27703, 15169, 54.76, 252, 68.48, 4, 12192
27704, 15170, 54.76, 252, 68.48, 4, 12192
27705, 15171, 54.76, 252, 68.48, 4, 12192
27706, 15172, 54.76, 252, 68.48, 4, 12192
27707, 15173, 54.76, 252, 68.48, 4, 12192
27708, 15173, 54.76, 252, 68.48, 4, 12193
27709, 15174, 54.76, 252, 68.48, 4, 12193
27710, 15175, 54.76, 252, 68.48, 4, 12193
27711, 15175, 54.76, 252, 68.48, 4, 12194
27712, 15176, 54.76, 252, 68.48, 4, 12194
27713, 15177, 54.76, 252, 68.48, 4, 12194
27714, 15178, 54.77, 252, 68.48, 4, 12194
27715, 15178, 54.76, 252, 68.48, 4, 12195
27716, 15178, 54.76, 252, 68.48, 4, 12196
27717, 15179, 54.76, 252, 68.48, 4, 12196
27718, 15179, 54.76, 252, 68.48, 4, 12197
27719, 15180, 54.76, 252, 68.48, 4, 12197
27720, 15181, 54.77, 252, 68.48, 4, 12197
27721, 15181, 54.76, 252, 68.48, 4, 12198
27722, 15182, 54.77, 252, 68.48, 4, 12198
27723, 15183, 54.77, 252, 68.48, 4, 12198
27724, 15183, 54.76, 252, 68.48, 4, 12199
27725, 15183, 54.76, 252, 68.48, 4, 12200
27726, 15183, 54.76, 252, 68.48, 4, 12201
27727, 15184, 54.76, 252, 68.48, 4, 12201
27728, 15185, 54.76, 252, 68.48, 4, 12201
27729, 15186, 54.77, 252, 68.48, 4, 12201
27730, 15186, 54.76, 252, 68.48, 4, 12201
27731, 15187, 54.77, 252, 68.48, 4, 12201
27732, 15188, 54.77, 252, 68.48, 4, 12201
27733, 15189, 54.77, 252, 68.48, 4, 12201
27734, 15190, 54.77, 252, 68.48, 4, 12201
27735, 15191, 54.77, 252, 68.48, 4, 12201
27736, 15192, 54.77, 252, 68.48, 4, 12201
27737, 15192, 54.77, 252, 68.48, 4, 12201
27738, 15192, 54.77, 252, 68.48, 4, 12202
27739, 15192, 54.77, 252, 68.48, 4, 12203
27740, 15192, 54.77, 252, 68.48, 4, 12204
27741, 15192, 54.76, 252, 68.48, 4, 12205
27742, 15192, 54.76, 252, 68.48, 4, 12206
27743, 15192, 54.76, 252, 68.48, 4, 12207
27744, 15193, 54.76, 252, 68.48, 4, 12207
27745, 15194, 54.76, 252, 68.48, 4, 12207
27746, 15194, 54.76, 252, 68.48, 4, 12208
27747, 15195, 54.76, 252, 68.48, 4, 12208
27748, 15195, 54.76, 252, 68.48, 4, 12209
27749, 15195, 54.76, 252, 68.48, 4, 12210
27750, 15195, 54.76, 252, 68.48, 4, 12211
27751, 15196, 54.76, 252, 68.48, 4, 12211
27752, 15197, 54.76, 252, 68.48, 4, 12211
27753, 15198, 54.76, 252, 68.48, 4, 12211
27754, 15199, 54.76, 252, 68.48, 4, 12211
27755, 15200, 54.76, 252, 68.48, 4, 12211
27756, 15200, 54.76, 252, 68.48, 4, 12212
27757, 15201, 54.76, 252, 68.48, 4, 12212
27758, 15201, 54.76, 252, 68.48, 4, 12213
27759, 15202, 54.76, 252, 68.48, 4, 12213
27760, 15203, 54.77, 252, 68.48, 4, 12213
27761, 15203, 54.76, 252, 68.48, 4, 12214
27762, 15204, 54.77, 252, 68.48, 4, 12214
27763, 15204, 54.76, 252, 68.48, 4, 12215
27764, 15205, 54.77, 252, 68.48, 4, 12215
27765, 15205, 54.76, 252, 68.48, 4, 12216
27766, 15206, 54.76, 252, 68.48, 4, 12216
27767, 15206, 54.76, 252, 68.48, 4, 12217
27768, 15206, 54.76, 252, 68.48, 4, 12217
27769, 15206, 54.76, 252, 68.48, 4, 12218
27770, 15207, 54.76, 252, 68.48, 4, 12218
27771, 15208, 54.76, 252, 68.48, 4, 12218
27772, 15209, 54.76, 252, 68.48, 4, 12218
27773, 15209, 54.76, 252, 68.48, 4, 12219
27774, 15210, 54.76, 252, 68.48, 4, 12219
27775, 15210, 54.76, 252, 68.48, 4, 12220
27776, 15210, 54.76, 252, 68.48, 4, 12221
27777, 15211, 54.76, 252, 68.48, 4, 12221
27778, 15212, 54.76, 252, 68.48, 4, 12221
27779, 15212, 54.76, 252, 68.48, 4, 12222
27780, 15212, 54.76, 252, 68.48, 4, 12223
27781, 15213, 54.76, 252, 68.48, 4, 12223
27782, 15213, 54.76, 252, 68.48, 4, 12224
27783, 15213, 54.76, 252, 68.48, 4, 12225
27784, 15214, 54.76, 252, 68.48, 4, 12225
27785, 15215, 54.76, 252, 68.48, 4, 12225
27786, 15215, 54.76, 252, 68.48, 4, 12226
27787, 15216, 54.76, 252, 68.48, 4, 12226
27788, 15217, 54.76, 252, 68.48, 4, 12226
27789, 15218, 54.76, 252, 68.48, 4, 12226
27790, 15218, 54.76, 252, 68.48, 4, 12227
27791, 15219, 54.76, 252, 68.48, 4, 12227
27792, 15220, 54.76, 252, 68.48, 4, 12227
27793, 15220, 54.76, 252, 68.48, 4, 12228
27794, 15220, 54.76, 252, 68.48, 4, 12229
27795, 15221, 54.76, 252, 68.48, 4, 12229
27796, 15222, 54.76, 252, 68.48, 4, 12229
27797, 15222, 54.76, 252, 68.48, 4, 12230
27798, 15222, 54.76, 252, 68.48, 4, 12231
27799, 15223, 54.76, 252, 68.48, 4, 12231
27800, 15223, 54.76, 252, 68.48, 4, 12232
27801, 15223, 54.76, 252, 68.48, 4, 12233
27802, 15223, 54.76, 252, 68.48, 4, 12234
27803, 15224, 54.76, 252, 68.48, 4, 12234
27804, 15225, 54.76, 252, 68.48, 4, 12234
27805, 15225, 54.76, 252, 68.48, 4, 12235
27806, 15225, 54.75, 252, 68.48, 4, 12236
27807, 15225, 54.75, 252, 68.48, 4, 12237
27808, 15226, 54.75, 252, 68.48, 4, 12237
27809, 15226, 54.75, 252, 68.48, 4, 12238
27810, 15227, 54.75, 252, 68.48, 4, 12238
27811, 15228, 54.76, 252, 68.48, 4, 12238
27812, 15228, 54.75, 252, 68.48, 4, 12239
27813, 15228, 54.75, 252, 68.48, 4, 12240
27814, 15229, 54.75, 252, 68.48, 4, 12240
27815, 15230, 54.75, 252, 68.48, 4, 12240
27816, 15230, 54.75, 252, 68.48, 4, 12241
27817, 15231, 54.75, 252, 68.48, 4, 12241
27818, 15231, 54.75, 252, 68.48, 4, 12242
27819, 15232, 54.75, 252, 68.48, 4, 12242
27820, 15232, 54.75, 252, 68.48, 4, 12243
27821, 15232, 54.75, 252, 68.48, 4, 12244
27822, 15232, 54.75, 252, 68.48, 4, 12245
27823, 15232, 54.75, 252, 68.48, 4, 12246
27824, 15233, 54.75, 252, 68.48, 4, 12246
27825, 15233, 54.75, 252, 68.48, 4, 12247
27826, 15233, 54.74, 252, 68.48, 4, 12248
27827, 15234, 54.75, 252, 68.48, 4, 12248
27828, 15234, 54.74, 252, 68.48, 4, 12249
27829, 15235, 54.75, 252, 68.48, 4, 12249
27830, 15235, 54.74, 252, 68.48, 4, 12250
27831, 15236, 54.74, 252, 68.48, 4, 12250
27832, 15236, 54.74, 252, 68.48, 4, 12251
27833, 15237, 54.74, 252, 68.48, 4, 12251
27834, 15238, 54.75, 252, 68.48, 4, 12251
27835, 15239, 54.75, 252, 68.48, 4, 12251
27836, 15239, 54.75, 252, 68.48, 4, 12252
27837, 15239, 54.74, 252, 68.48, 4, 12253
27838, 15240, 54.75, 252, 68.48, 4, 12253
27839, 15241, 54.75, 252, 68.48, 4, 12253
27840, 15242, 54.75, 252, 68.48, 4, 12253
27841, 15243, 54.75, 252, 68.48, 4, 12253
27842, 15243, 54.75, 252, 68.48, 4, 12254
27843, 15243, 54.75, 252, 68.48, 4, 12255
27844, 15244, 54.75, 252, 68.48, 4, 12255
27845, 15244, 54.75, 252, 68.48, 4, 12256
27846, 15244, 54.74, 252, 68.48, 4, 12257
27847, 15245, 54.75, 252, 68.48, 4, 12257
27848, 15246, 54.75, 252, 68.48, 4, 12257
27849, 15246, 54.75, 252, 68.48, 4, 12258
27850, 15247, 54.75, 252, 68.48, 4, 12258
27851, 15248, 54.75, 252, 68.48, 4, 12258
27852, 15249, 54.75, 252, 68.48, 4, 12258
27853, 15249, 54.75, 252, 68.48, 4, 12259
27854, 15249, 54.75, 252, 68.48, 4, 12260
27855, 15250, 54.75, 252, 68.48, 4, 12260
27856, 15250, 54.75, 252, 68.48, 4, 12261
27857, 15250, 54.74, 252, 68.48, 4, 12262
27858, 15250, 54.74, 252, 68.48, 4, 12263
27859, 15250, 54.74, 252, 68.48, 4, 12264
27860, 15250, 54.74, 252, 68.48, 4, 12265
27861, 15250, 54.74, 252, 68.48, 4, 12266
27862, 15251, 54.74, 252, 68.48, 4, 12266
27863, 15251, 54.74, 252, 68.48, 4, 12267
27864, 15251, 54.73, 252, 68.48, 4, 12268
27865, 15252, 54.74, 252, 68.48, 4, 12268
27866, 15252, 54.73, 252, 68.48, 4, 12269
27867, 15252, 54.73, 252, 68.48, 4, 12270
27868, 15253, 54.73, 252, 68.48, 4, 12270
27869, 15254, 54.73, 252, 68.48, 4, 12270
27870, 15255, 54.74, 252, 68.48, 4, 12270
27871, 15256, 54.74, 252, 68.48, 4, 12270
27872, 15257, 54.74, 252, 68.48, 4, 12270
27873, 15257, 54.74, 252, 68.48, 4, 12271
27874, 15258, 54.74, 252, 68.48, 4, 12271
27875, 15258, 54.74, 252, 68.48, 4, 12272
27876, 15258, 54.74, 252, 68.48, 4, 12273
27877, 15259, 54.74, 252, 68.48, 4, 12273
27878, 15260, 54.74, 252, 68.48, 4, 12273
27879, 15261, 54.74, 252, 68.48, 4, 12273
27880, 15261, 54.74, 252, 68.48, 4, 12274
27881, 15262, 54.74, 252, 68.48, 4, 12274
27882, 15262, 54.74, 252, 68.48, 4, 12275
27883, 15262, 54.74, 252, 68.48, 4, 12276
27884, 15262, 54.73, 252, 68.48, 4, 12277
27885, 15263, 54.74, 252, 68.48, 4, 12277
27886, 15264, 54.74, 252, 68.48, 4, 12277
27887, 15265, 54.74, 252, 68.48, 4, 12277
27888, 15265, 54.74, 252, 68.48, 4, 12278
27889, 15265, 54.73, 252, 68.48, 4, 12279
27890, 15266, 54.74, 252, 68.48, 4, 12279
27891, 15266, 54.73, 252, 68.48, 4, 12280
27892, 15266, 54.73, 252, 68.48, 4, 12281
27893, 15266, 54.73, 252, 68.48, 4, 12282
27894, 15266, 54.73, 252, 68.48, 4, 12283
27895, 15266, 54.73, 252, 68.48, 4, 12284
27896, 15266, 54.72, 252, 68.48, 4, 12285
27897, 15266, 54.72, 252, 68.48, 4, 12286
27898, 15266, 54.72, 252, 68.48, 4, 12287
27899, 15267, 54.72, 252, 68.48, 4, 12287
27900, 15267, 54.72, 252, 68.48, 4, 12288
27901, 15268, 54.72, 252, 68.48, 4, 12288
27902, 15268, 54.72, 252, 68.48, 4, 12289
27903, 15269, 54.72, 252, 68.48, 4, 12289
27904, 15270, 54.72, 252, 68.48, 4, 12289
27905, 15271, 54.72, 252, 68.48, 4, 12289
27906, 15272, 54.73, 252, 68.48, 4, 12289
27907, 15273, 54.73, 252, 68.48, 4, 12289
27908, 15274, 54.73, 252, 68.48, 4, 12289
27909, 15275, 54.73, 252, 68.48, 4, 12289
27910, 15275, 54.73, 252, 68.48, 4, 12290
27911, 15275, 54.73, 252, 68.48, 4, 12291
27912, 15276, 54.73, 252, 68.48, 4, 12291
27913, 15277, 54.73, 252, 68.48, 4, 12291
27914, 15278, 54.73, 252, 68.48, 4, 12291
27915, 15279, 54.73, 252, 68.48, 4, 12291
27916, 15280, 54.74, 252, 68.48, 4, 12291
27917, 15281, 54.74, 252, 68.48, 4, 12291
27918, 15282, 54.74, 252, 68.48, 4, 12291
27919, 15282, 54.74, 252, 68.48, 4, 12292
27920, 15282, 54.73, 252, 68.48, 4, 12293
27921, 15282, 54.73, 252, 68.48, 4, 12294
27922, 15283, 54.73, 252, 68.48, 4, 12294
27923, 15284, 54.74, 252, 68.48, 4, 12294
27924, 15284, 54.73, 252, 68.48, 4, 12295
27925, 15285, 54.74, 252, 68.48, 4, 12295
27926, 15285, 54.73, 252, 68.48, 4, 12296
27927, 15285, 54.73, 252, 68.48, 4, 12297
27928, 15285, 54.73, 252, 68.48, 4, 12298
27929, 15285, 54.73, 252, 68.48, 4, 12299
27930, 15285, 54.73, 252, 68.48, 4, 12300
27931, 15286, 54.73, 252, 68.48, 4, 12300
27932, 15287, 54.73, 252, 68.48, 4, 12300
27933, 15288, 54.73, 252, 68.48, 4, 12300
27934, 15289, 54.73, 252, 68.48, 4, 12300
27935, 15290, 54.73, 252, 68.48, 4, 12300
27936, 15290, 54.73, 252, 68.48, 4, 12301
27937, 15291, 54.73, 252, 68.48, 4, 12301
27938, 15292, 54.74, 252, 68.48, 4, 12301
27939, 15293, 54.74, 252, 68.48, 4, 12301
27940, 15294, 54.74, 252, 68.48, 4, 12301
27941, 15295, 54.74, 252, 68.48, 4, 12301
27942, 15295, 54.74, 252, 68.48, 4, 12302
27943, 15295, 54.74, 252, 68.48, 4, 12303
27944, 15295, 54.73, 252, 68.48, 4, 12304
27945, 15296, 54.74, 252, 68.48, 4, 12304
27946, 15297, 54.74, 252, 68.48, 4, 12304
27947, 15298, 54.74, 252, 68.48, 4, 12304
27948, 15298, 54.74, 252, 68.48, 4, 12305
27949, 15299, 54.74, 252, 68.48, 4, 12305
27950, 15300, 54.74, 252, 68.48, 4, 12305
27951, 15301, 54.74, 252, 68.48, 4, 12305
27952, 15301, 54.74, 252, 68.48, 4, 12306
27953, 15302, 54.74, 252, 68.48, 4, 12306
27954, 15303, 54.74, 252, 68.48, 4, 12306
27955, 15304, 54.75, 252, 68.48, 4, 12306
27956, 15305, 54.75, 252, 68.48, 4, 12306
27957, 15305, 54.74, 252, 68.48, 4, 12307
27958, 15306, 54.75, 252, 68.48, 4, 12307
27959, 15306, 54.74, 252, 68.48, 4, 12308
27960, 15307, 54.75, 252, 68.48, 4, 12308
27961, 15307, 54.74, 252, 68.48, 4, 12309
27962, 15307, 54.74, 252, 68.48, 4, 12310
27963, 15307, 54.74, 252, 68.48, 4, 12311
27964, 15308, 54.74, 252, 68.48, 4, 12311
27965, 15308, 54.74, 252, 68.48, 4, 12312
27966, 15308, 54.74, 252, 68.48, 4, 12313
27967, 15308, 54.74, 252, 68.48, 4, 12314
27968, 15308, 54.73, 252, 68.48, 4, 12315
27969, 15309, 54.74, 252, 68.48, 4, 12315
27970, 15310, 54.74, 252, 68.48, 4, 12315
27971, 15310, 54.74, 252, 68.48, 4, 12316
27972, 15311, 54.74, 252, 68.48, 4, 12316
27973, 15311, 54.73, 252, 68.48, 4, 12317
27974, 15311, 54.73, 252, 68.48, 4, 12318
27975, 15311, 54.73, 252, 68.48, 4, 12319
27976, 15312, 54.73, 252, 68.48, 4, 12319
27977, 15312, 54.73, 252, 68.48, 4, 12320
27978, 15313, 54.73, 252, 68.48, 4, 12320
27979, 15314, 54.73, 252, 68.48, 4, 12320
27980, 15315, 54.74, 252, 68.48, 4, 12320
27981, 15316, 54.74, 252, 68.48, 4, 12320
27982, 15317, 54.74, 252, 68.48, 4, 12320
27983, 15318, 54.74, 252, 68.48, 4, 12320
27984, 15318, 54.74, 252, 68.48, 4, 12321
27985, 15318, 54.74, 252, 68.48, 4, 12322
27986, 15319, 54.74, 252, 68.48, 4, 12322
27987, 15319, 54.74, 252, 68.48, 4, 12323
27988, 15320, 54.74, 252, 68.48, 4, 12323
27989, 15320, 54.74, 252, 68.48, 4, 12324
27990, 15320, 54.73, 252, 68.48, 4, 12325
27991, 15321, 54.74, 252, 68.48, 4, 12325
27992, 15322, 54.74, 252, 68.48, 4, 12325
27993, 15322, 54.74, 252, 68.48, 4, 12326
27994, 15323, 54.74, 252, 68.48, 4, 12326
27995, 15324, 54.74, 252, 68.48, 4, 12326
27996, 15324, 54.74, 252, 68.48, 4, 12327
27997, 15324, 54.73, 252, 68.48, 4, 12328
27998, 15325, 54.74, 252, 68.48, 4, 12328
27999, 15326, 54.74, 252, 68.48, 4, 12328
28000, 15327, 54.74, 252, 68.48, 4, 12328
28001, 15327, 54.74, 252, 68.48, 4, 12329
28002, 15327, 54.74, 252, 68.48, 4, 12330
28003, 15327, 54.73, 252, 68.48, 4, 12331
28004, 15327, 54.73, 252, 68.48, 4, 12332
28005, 15327, 54.73, 252, 68.48, 4, 12333
28006, 15328, 54.73, 252, 68.48, 4, 12333
28007, 15328, 54.73, 252, 68.48, 4, 12334
28008, 15329, 54.73, 252, 68.48, 4, 12334
28009, 15330, 54.73, 252, 68.48, 4, 12334
28010, 15330, 54.73, 252, 68.48, 4, 12335
28011, 15331, 54.73, 252, 68.48, 4, 12335
28012, 15331, 54.73, 252, 68.48, 4, 12336
28013, 15332, 54.73, 252, 68.48, 4, 12336
28014, 15332, 54.73, 252, 68.48, 4, 12337
28015, 15333, 54.73, 252, 68.48, 4, 12337
28016, 15334, 54.73, 252, 68.48, 4, 12337
28017, 15335, 54.73, 252, 68.48, 4, 12337
28018, 15335, 54.73, 252, 68.48, 4, 12338
28019, 15335, 54.73, 252, 68.48, 4, 12339
28020, 15336, 54.73, 252, 68.48, 4, 12339
28021, 15336, 54.73, 252, 68.48, 4, 12340
28022, 15337, 54.73, 252, 68.48, 4, 12340
28023, 15338, 54.73, 252, 68.48, 4, 12340
28024, 15339, 54.74, 252, 68.48, 4, 12340
28025, 15340, 54.74, 252, 68.48, 4, 12340
28026, 15341, 54.74, 252, 68.48, 4, 12340
28027, 15342, 54.74, 252, 68.48, 4, 12340
28028, 15342, 54.74, 252, 68.48, 4, 12341
28029, 15343, 54.74, 252, 68.48, 4, 12341
28030, 15343, 54.74, 252, 68.48, 4, 12342
28031, 15344, 54.74, 252, 68.48, 4, 12342
28032, 15344, 54.74, 252, 68.48, 4, 12343
28033, 15344, 54.74, 252, 68.48, 4, 12344
28034, 15344, 54.73, 252, 68.48, 4, 12345
28035, 15345, 54.74, 252, 68.48, 4, 12345
28036, 15345, 54.73, 252, 68.48, 4, 12346
28037, 15345, 54.73, 252, 68.48, 4, 12347
28038, 15346, 54.73, 252, 68.48, 4, 12347
28039, 15346, 54.73, 252, 68.48, 4, 12348
28040, 15346, 54.73, 252, 68.48, 4, 12349
28041, 15346, 54.73, 252, 68.48, 4, 12350
28042, 15347, 54.73, 252, 68.48, 4, 12350
28043, 15347, 54.73, 252, 68.48, 4, 12351
28044, 15347, 54.72, 252, 68.48, 4, 12352
28045, 15347, 54.72, 252, 68.48, 4, 12353
28046, 15348, 54.72, 252, 68.48, 4, 12353
28047, 15348, 54.72, 252, 68.48, 4, 12354
28048, 15348, 54.72, 252, 68.48, 4, 12355
28049, 15349, 54.72, 252, 68.48, 4, 12355
28050, 15349, 54.72, 252, 68.48, 4, 12356
28051, 15349, 54.72, 252, 68.48, 4, 12357
28052, 15350, 54.72, 252, 68.48, 4, 12357
28053, 15350, 54.72, 252, 68.48, 4, 12358
28054, 15350, 54.72, 252, 68.48, 4, 12359
28055, 15351, 54.72, 252, 68.48, 4, 12359
28056, 15352, 54.72, 252, 68.48, 4, 12359
28057, 15352, 54.72, 252, 68.48, 4, 12360
28058, 15353, 54.72, 252, 68.48, 4, 12360
28059, 15354, 54.72, 252, 68.48, 4, 12360
28060, 15355, 54.72, 252, 68.48, 4, 12360
28061, 15355, 54.72, 252, 68.48, 4, 12361
28062, 15355, 54.72, 252, 68.48, 4, 12362
28063, 15356, 54.72, 252, 68.48, 4, 12362
28064, 15356, 54.72, 252, 68.48, 4, 12363
28065, 15356, 54.72, 252, 68.48, 4, 12364
28066, 15356, 54.71, 252, 68.48, 4, 12365
28067, 15357, 54.72, 252, 68.48, 4, 12365
28068, 15358, 54.72, 252, 68.48, 4, 12365
28069, 15358, 54.72, 252, 68.48, 4, 12366
28070, 15359, 54.72, 252, 68.48, 4, 12366
28071, 15360, 54.72, 252, 68.48, 4, 12366
28072, 15361, 54.72, 252, 68.48, 4, 12366
28073, 15362, 54.72, 252, 68.48, 4, 12366
28074, 15363, 54.72, 252, 68.48, 4, 12366
28075, 15364, 54.72, 252, 68.48, 4, 12366
28076, 15365, 54.73, 252, 68.48, 4, 12366
28077, 15365, 54.72, 252, 68.48, 4, 12367
28078, 15366, 54.73, 252, 68.48, 4, 12367
28079, 15367, 54.73, 252, 68.48, 4, 12367
28080, 15367, 54.73, 252, 68.48, 4, 12368
28081, 15368, 54.73, 252, 68.48, 4, 12368
28082, 15368, 54.73, 252, 68.48, 4, 12369
28083, 15369, 54.73, 252, 68.48, 4, 12369
28084, 15369, 54.73, 252, 68.48, 4, 12370
28085, 15369, 54.72, 252, 68.48, 4, 12371
28086, 15370, 54.72, 252, 68.48, 4, 12371
28087, 15370, 54.72, 252, 68.48, 4, 12372
28088, 15371, 54.72, 252, 68.48, 4, 12372
28089, 15372, 54.73, 252, 68.48, 4, 12372
28090, 15373, 54.73, 252, 68.48, 4, 12372
28091, 15373, 54.73, 252, 68.48, 4, 12373
28092, 15374, 54.73, 252, 68.48, 4, 12373
28093, 15374, 54.73, 252, 68.48, 4, 12374
28094, 15375, 54.73, 252, 68.48, 4, 12374
28095, 15376, 54.73, 252, 68.48, 4, 12374
28096, 15377, 54.73, 252, 68.48, 4, 12374
28097, 15378, 54.73, 252, 68.48, 4, 12374
28098, 15379, 54.73, 252, 68.48, 4, 12374
28099, 15379, 54.73, 252, 68.48, 4, 12375
28100, 15379, 54.73, 252, 68.48, 4, 12376
28101, 15380, 54.73, 252, 68.48, 4, 12376
28102, 15380, 54.73, 252, 68.48, 4, 12377
28103, 15381, 54.73, 252, 68.48, 4, 12377
28104, 15382, 54.73, 252, 68.48, 4, 12377
28105, 15383, 54.73, 252, 68.48, 4, 12377
28106, 15383, 54.73, 252, 68.48, 4, 12378
28107, 15384, 54.73, 252, 68.48, 4, 12378
28108, 15384, 54.73, 252, 68.48, 4, 12379
28109, 15384, 54.73, 252, 68.48, 4, 12380
28110, 15385, 54.73, 252, 68.48, 4, 12380
28111, 15385, 54.73, 252, 68.48, 4, 12381
28112, 15386, 54.73, 252, 68.48, 4, 12381
28113, 15387, 54.73, 252, 68.48, 4, 12381
28114, 15387, 54.73, 252, 68.48, 4, 12382
28115, 15387, 54.73, 252, 68.48, 4, 12383
28116, 15387, 54.73, 252, 68.48, 4, 12384
28117, 15387, 54.72, 252, 68.48, 4, 12385
28118, 15387, 54.72, 252, 68.48, 4, 12386
28119, 15388, 54.72, 252, 68.48, 4, 12386
28120, 15389, 54.73, 252, 68.48, 4, 12386
28121, 15390, 54.73, 252, 68.48, 4, 12386
28122, 15390, 54.73, 252, 68.48, 4, 12387
28123, 15391, 54.73, 252, 68.48, 4, 12387
28124, 15391, 54.73, 252, 68.48, 4, 12388
28125, 15392, 54.73, 252, 68.48, 4, 12388
28126, 15392, 54.73, 252, 68.48, 4, 12389
28127, 15392, 54.72, 252, 68.48, 4, 12390
28128, 15393, 54.72, 252, 68.48, 4, 12390
28129, 15394, 54.73, 252, 68.48, 4, 12390
28130, 15394, 54.72, 252, 68.48, 4, 12391
28131, 15394, 54.72, 252, 68.48, 4, 12392
28132, 15395, 54.72, 252, 68.48, 4, 12392
28133, 15395, 54.72, 252, 68.48, 4, 12393
28134, 15395, 54.72, 252, 68.48, 4, 12394
28135, 15395, 54.72, 252, 68.48, 4, 12395
28136, 15396, 54.72, 252, 68.48, 4, 12395
28137, 15396, 54.72, 252, 68.48, 4, 12396
28138, 15396, 54.72, 252, 68.48, 4, 12397
28139, 15396, 54.71, 252, 68.48, 4, 12398
28140, 15397, 54.72, 252, 68.48, 4, 12398
28141, 15398, 54.72, 252, 68.48, 4, 12398
28142, 15398, 54.72, 252, 68.48, 4, 12399
28143, 15399, 54.72, 252, 68.48, 4, 12399
28144, 15399, 54.72, 252, 68.48, 4, 12400
28145, 15399, 54.71, 252, 68.48, 4, 12401
28146, 15399, 54.71, 252, 68.48, 4, 12402
28147, 15399, 54.71, 252, 68.48, 4, 12403
28148, 15400, 54.71, 252, 68.48, 4, 12403
28149, 15400, 54.71, 252, 68.48, 4, 12404
28150, 15401, 54.71, 252, 68.48, 4, 12404
28151, 15401, 54.71, 252, 68.48, 4, 12405
28152, 15401, 54.71, 252, 68.48, 4, 12406
28153, 15401, 54.70, 252, 68.48, 4, 12407
28154, 15402, 54.71, 252, 68.48, 4, 12407
28155, 15403, 54.71, 252, 68.48, 4, 12407
28156, 15404, 54.71, 252, 68.48, 4, 12407
28157, 15404, 54.71, 252, 68.48, 4, 12408
28158, 15405, 54.71, 252, 68.48, 4, 12408
28159, 15406, 54.71, 252, 68.48, 4, 12408
28160, 15407, 54.71, 252, 68.48, 4, 12408
28161, 15408, 54.71, 252, 68.48, 4, 12408
28162, 15409, 54.72, 252, 68.48, 4, 12408
28163, 15409, 54.71, 252, 68.48, 4, 12409
28164, 15410, 54.72, 252, 68.48, 4, 12409
28165, 15411, 54.72, 252, 68.48, 4, 12409
28166, 15411, 54.71, 252, 68.48, 4, 12410
28167, 15412, 54.72, 252, 68.48, 4, 12410
28168, 15413, 54.72, 252, 68.48, 4, 12410
28169, 15414, 54.72, 252, 68.48, 4, 12410
28170, 15415, 54.72, 252, 68.48, 4, 12410
28171, 15415, 54.72, 252, 68.48, 4, 12411
28172, 15415, 54.72, 252, 68.48, 4, 12412
28173, 15415, 54.72, 252, 68.48, 4, 12413
28174, 15416, 54.72, 252, 68.48, 4, 12413
28175, 15417, 54.72, 252, 68.48, 4, 12413
28176, 15418, 54.72, 252, 68.48, 4, 12413
28177, 15419, 54.72, 252, 68.48, 4, 12413
28178, 15420, 54.72, 252, 68.48, 4, 12413
28179, 15420, 54.72, 252, 68.48, 4, 12414
28180, 15420, 54.72, 252, 68.48, 4, 12415
28181, 15420, 54.72, 252, 68.48, 4, 12416
28182, 15420, 54.72, 252, 68.48, 4, 12417
28183, 15421, 54.72, 252, 68.48, 4, 12417
28184, 15422, 54.72, 252, 68.48, 4, 12417
28185, 15422, 54.72, 252, 68.48, 4, 12418
28186, 15423, 54.72, 252, 68.48, 4, 12418
28187, 15423, 54.72, 252, 68.48, 4, 12419
28188, 15424, 54.72, 252, 68.48, 4, 12419
28189, 15425, 54.72, 252, 68.48, 4, 12419
28190, 15425, 54.72, 252, 68.48, 4, 12420
28191, 15425, 54.72, 252, 68.48, 4, 12421
28192, 15426, 54.72, 252, 68.48, 4, 12421
28193, 15426, 54.72, 252, 68.48, 4, 12422
28194, 15427, 54.72, 252, 68.48, 4, 12422
28195, 15428, 54.72, 252, 68.48, 4, 12422
28196, 15429, 54.72, 252, 68.48, 4, 12422
28197, 15430, 54.72, 252, 68.48, 4, 12422
28198, 15431, 54.72, 252, 68.48, 4, 12422
28199, 15431, 54.72, 252, 68.48, 4, 12423
28200, 15431, 54.72, 252, 68.48, 4, 12424
28201, 15431, 54.72, 252, 68.48, 4, 12425
28202, 15431, 54.72, 252, 68.48, 4, 12426
28203, 15431, 54.71, 252, 68.48, 4, 12427
28204, 15431, 54.71, 252, 68.48, 4, 12428
28205, 15431, 54.71, 252, 68.48, 4, 12429
28206, 15432, 54.71, 252, 68.48, 4, 12429
28207, 15433, 54.71, 252, 68.48, 4, 12429
28208, 15433, 54.71, 252, 68.48, 4, 12430
28209, 15433, 54.71, 252, 68.48, 4, 12431
28210, 15434, 54.71, 252, 68.48, 4, 12431
28211, 15435, 54.71, 252, 68.48, 4, 12431
28212, 15436, 54.71, 252, 68.48, 4, 12431
28213, 15436, 54.71, 252, 68.48, 4, 12432
28214, 15437, 54.71, 252, 68.48, 4, 12432
28215, 15438, 54.72, 252, 68.48, 4, 12432
28216, 15439, 54.72, 252, 68.48, 4, 12432
28217, 15440, 54.72, 252, 68.48, 4, 12432
28218, 15441, 54.72, 252, 68.48, 4, 12432
28219, 15442, 54.72, 252, 68.48, 4, 12432
28220, 15443, 54.72, 252, 68.48, 4, 12432
28221, 15443, 54.72, 252, 68.48, 4, 12433
28222, 15443, 54.72, 252, 68.48, 4, 12434
28223, 15443, 54.72, 252, 68.48, 4, 12435
28224, 15444, 54.72, 252, 68.48, 4, 12435
28225, 15445, 54.72, 252, 68.48, 4, 12435
28226, 15446, 54.72, 252, 68.48, 4, 12435
28227, 15446, 54.72, 252, 68.48, 4, 12436
28228, 15446, 54.72, 252, 68.48, 4, 12437
28229, 15447, 54.72, 252, 68.48, 4, 12437
28230, 15448, 54.72, 252, 68.48, 4, 12437
28231, 15449, 54.72, 252, 68.48, 4, 12437
28232, 15450, 54.73, 252, 68.48, 4, 12437
28233, 15450, 54.72, 252, 68.48, 4, 12438
28234, 15451, 54.72, 252, 68.48, 4, 12438
28235, 15451, 54.72, 252, 68.48, 4, 12439
28236, 15451, 54.72, 252, 68.48, 4, 12440
28237, 15451, 54.72, 252, 68.48, 4, 12441
28238, 15452, 54.72, 252, 68.48, 4, 12441
28239, 15453, 54.72, 252, 68.48, 4, 12441
28240, 15453, 54.72, 252, 68.48, 4, 12442
28241, 15454, 54.72, 252, 68.48, 4, 12442
28242, 15455, 54.72, 252, 68.48, 4, 12442
28243, 15455, 54.72, 252, 68.48, 4, 12443
28244, 15455, 54.72, 252, 68.48, 4, 12444
28245, 15456, 54.72, 252, 68.48, 4, 12444
28246, 15456, 54.72, 252, 68.48, 4, 12445
28247, 15457, 54.72, 252, 68.48, 4, 12445
28248, 15458, 54.72, 252, 68.48, 4, 12445
28249, 15459, 54.72, 252, 68.48, 4, 12445
28250, 15460, 54.73, 252, 68.48, 4, 12445
28251, 15461, 54.73, 252, 68.48, 4, 12445
28252, 15461, 54.73, 252, 68.48, 4, 12446
28253, 15462, 54.73, 252, 68.48, 4, 12446
28254, 15462, 54.72, 252, 68.48, 4, 12447
28255, 15463, 54.73, 252, 68.48, 4, 12447
28256, 15463, 54.72, 252, 68.48, 4, 12448
28257, 15463, 54.72, 252, 68.48, 4, 12449
28258, 15463, 54.72, 252, 68.48, 4, 12450
28259, 15464, 54.72, 252, 68.48, 4, 12450
28260, 15465, 54.72, 252, 68.48, 4, 12450
28261, 15465, 54.72, 252, 68.48, 4, 12451
28262, 15465, 54.72, 252, 68.48, 4, 12452
28263, 15466, 54.72, 252, 68.48, 4, 12452
28264, 15467, 54.72, 252, 68.48, 4, 12452
28265, 15468, 54.72, 252, 68.48, 4, 12452
28266, 15469, 54.73, 252, 68.48, 4, 12452
28267, 15470, 54.73, 252, 68.48, 4, 12452
28268, 15470, 54.73, 252, 68.48, 4, 12453
28269, 15471, 54.73, 252, 68.48, 4, 12453
28270, 15471, 54.73, 252, 68.48, 4, 12454
28271, 15472, 54.73, 252, 68.48, 4, 12454
28272, 15472, 54.73, 252, 68.48, 4, 12455
28273, 15472, 54.72, 252, 68.48, 4, 12456
28274, 15472, 54.72, 252, 68.48, 4, 12457
28275, 15473, 54.72, 252, 68.48, 4, 12457
28276, 15474, 54.72, 252, 68.48, 4, 12457
28277, 15474, 54.72, 252, 68.48, 4, 12458
28278, 15475, 54.72, 252, 68.48, 4, 12458
28279, 15476, 54.73, 252, 68.48, 4, 12458
28280, 15476, 54.72, 252, 68.48, 4, 12459
28281, 15477, 54.73, 252, 68.48, 4, 12459
28282, 15477, 54.72, 252, 68.48, 4, 12460
28283, 15478, 54.73, 252, 68.48, 4, 12460
28284, 15479, 54.73, 252, 68.48, 4, 12460
28285, 15480, 54.73, 252, 68.48, 4, 12460
28286, 15481, 54.73, 252, 68.48, 4, 12460
28287, 15482, 54.73, 252, 68.48, 4, 12460
28288, 15482, 54.73, 252, 68.48, 4, 12461
28289, 15483, 54.73, 252, 68.48, 4, 12461
28290, 15484, 54.73, 252, 68.48, 4, 12461
28291, 15484, 54.73, 252, 68.48, 4, 12462
28292, 15485, 54.73, 252, 68.48, 4, 12462
28293, 15485, 54.73, 252, 68.48, 4, 12463
28294, 15485, 54.73, 252, 68.48, 4, 12464
28295, 15485, 54.73, 252, 68.48, 4, 12465
28296, 15485, 54.73, 252, 68.48, 4, 12466
28297, 15485, 54.72, 252, 68.48, 4, 12467
28298, 15485, 54.72, 252, 68.48, 4, 12468
28299, 15485, 54.72, 252, 68.48, 4, 12469
28300, 15485, 54.72, 252, 68.48, 4, 12470
28301, 15486, 54.72, 252, 68.48, 4, 12470
28302, 15486, 54.72, 252, 68.48, 4, 12471
28303, 15487, 54.72, 252, 68.48, 4, 12471
28304, 15487, 54.72, 252, 68.48, 4, 12472
28305, 15487, 54.71, 252, 68.48, 4, 12473
28306, 15487, 54.71, 252, 68.48, 4, 12474
28307, 15488, 54.71, 252, 68.48, 4, 12474
28308, 15488, 54.71, 252, 68.48, 4, 12475
28309, 15489, 54.71, 252, 68.48, 4, 12475
28310, 15490, 54.72, 252, 68.48, 4, 12475
28311, 15491, 54.72, 252, 68.48, 4, 12475
28312, 15491, 54.72, 252, 68.48, 4, 12476
28313, 15492, 54.72, 252, 68.48, 4, 12476
28314, 15492, 54.71, 252, 68.48, 4, 12477
28315, 15492, 54.71, 252, 68.48, 4, 12478
28316, 15493, 54.71, 252, 68.48, 4, 12478
28317, 15493, 54.71, 252, 68.48, 4, 12479
28318, 15493, 54.71, 252, 68.48, 4, 12480
28319, 15493, 54.71, 252, 68.48, 4, 12481
28320, 15493, 54.71, 252, 68.48, 4, 12482
28321, 15494, 54.71, 252, 68.48, 4, 12482
28322, 15495, 54.71, 252, 68.48, 4, 12482
28323, 15496, 54.71, 252, 68.48, 4, 12482
28324, 15497, 54.71, 252, 68.48, 4, 12482
28325, 15498, 54.71, 252, 68.48, 4, 12482
28326, 15499, 54.72, 252, 68.48, 4, 12482
28327, 15499, 54.71, 252, 68.48, 4, 12483
28328, 15500, 54.72, 252, 68.48, 4, 12483
28329, 15501, 54.72, 252, 68.48, 4, 12483
28330, 15502, 54.72, 252, 68.48, 4, 12483
28331, 15503, 54.72, 252, 68.48, 4, 12483
28332, 15504, 54.72, 252, 68.48, 4, 12483
28333, 15505, 54.72, 252, 68.48, 4, 12483
28334, 15505, 54.72, 252, 68.48, 4, 12484
28335, 15505, 54.72, 252, 68.48, 4, 12485
28336, 15505, 54.72, 252, 68.48, 4, 12486
28337, 15505, 54.72, 252, 68.48, 4, 12487
28338, 15506, 54.72, 252, 68.48, 4, 12487
28339, 15507, 54.72, 252, 68.48, 4, 12487
28340, 15507, 54.72, 252, 68.48, 4, 12488
28341, 15507, 54.72, 252, 68.48, 4, 12489
28342, 15508, 54.72, 252, 68.48, 4, 12489
28343, 15508, 54.72, 252, 68.48, 4, 12490
28344, 15509, 54.72, 252, 68.48, 4, 12490
28345, 15509, 54.72, 252, 68.48, 4, 12491
28346, 15510, 54.72, 252, 68.48, 4, 12491
28347, 15511, 54.72, 252, 68.48, 4, 12491
28348, 15511, 54.72, 252, 68.48, 4, 12492
28349, 15512, 54.72, 252, 68.48, 4, 12492
28350, 15513, 54.72, 252, 68.48, 4, 12492
28351, 15513, 54.72, 252, 68.48, 4, 12493
28352, 15513, 54.72, 252, 68.48, 4, 12494
28353, 15514, 54.72, 252, 68.48, 4, 12494
28354, 15515, 54.72, 252, 68.48, 4, 12494
28355, 15516, 54.72, 252, 68.48, 4, 12494
28356, 15517, 54.72, 252, 68.48, 4, 12494
28357, 15518, 54.72, 252, 68.48, 4, 12494
28358, 15518, 54.72, 252, 68.48, 4, 12495
28359, 15518, 54.72, 252, 68.48, 4, 12496
28360, 15519, 54.72, 252, 68.48, 4, 12496
28361, 15519, 54.72, 252, 68.48, 4, 12497
28362, 15519, 54.72, 252, 68.48, 4, 12498
28363, 15519, 54.72, 252, 68.48, 4, 12499
28364, 15520, 54.72, 252, 68.48, 4, 12499
28365, 15520, 54.72, 252, 68.48, 4, 12500
28366, 15520, 54.71, 252, 68.48, 4, 12501
28367, 15521, 54.71, 252, 68.48, 4, 12501
28368, 15522, 54.72, 252, 68.48, 4, 12501
28369, 15523, 54.72, 252, 68.48, 4, 12501
28370, 15524, 54.72, 252, 68.48, 4, 12501
28371, 15525, 54.72, 252, 68.48, 4, 12501
28372, 15525, 54.72, 252, 68.48, 4, 12502
28373, 15526, 54.72, 252, 68.48, 4, 12502
28374, 15526, 54.72, 252, 68.48, 4, 12503
28375, 15527, 54.72, 252, 68.48, 4, 12503
28376, 15528, 54.72, 252, 68.48, 4, 12503
28377, 15529, 54.72, 252, 68.48, 4, 12503
28378, 15530, 54.73, 252, 68.48, 4, 12503
28379, 15530, 54.72, 252, 68.48, 4, 12504
28380, 15531, 54.73, 252, 68.48, 4, 12504
28381, 15531, 54.72, 252, 68.48, 4, 12505
28382, 15532, 54.72, 252, 68.48, 4, 12505
28383, 15533, 54.73, 252, 68.48, 4, 12505
28384, 15533, 54.72, 252, 68.48, 4, 12506
28385, 15534, 54.73, 252, 68.48, 4, 12506
28386, 15534, 54.72, 252, 68.48, 4, 12507
28387, 15535, 54.73, 252, 68.48, 4, 12507
28388, 15536, 54.73, 252, 68.48, 4, 12507
28389, 15536, 54.73, 252, 68.48, 4, 12508
28390, 15537, 54.73, 252, 68.48, 4, 12508
28391, 15537, 54.73, 252, 68.48, 4, 12509
28392, 15538, 54.73, 252, 68.48, 4, 12509
28393, 15538, 54.72, 252, 68.48, 4, 12510
28394, 15538, 54.72, 252, 68.48, 4, 12511
28395, 15539, 54.72, 252, 68.48, 4, 12511
28396, 15539, 54.72, 252, 68.48, 4, 12512
28397, 15539, 54.72, 252, 68.48, 4, 12513
28398, 15539, 54.72, 252, 68.48, 4, 12514
28399, 15540, 54.72, 252, 68.48, 4, 12514
28400, 15541, 54.72, 252, 68.48, 4, 12514
28401, 15541, 54.72, 252, 68.48, 4, 12515
28402, 15542, 54.72, 252, 68.48, 4, 12515
28403, 15542, 54.72, 252, 68.48, 4, 12516
28404, 15542, 54.72, 252, 68.48, 4, 12517
28405, 15542, 54.72, 252, 68.48, 4, 12518
28406, 15542, 54.71, 252, 68.48, 4, 12519
28407, 15542, 54.71, 252, 68.48, 4, 12520
28408, 15543, 54.71, 252, 68.48, 4, 12520
28409, 15543, 54.71, 252, 68.48, 4, 12521
28410, 15543, 54.71, 252, 68.48, 4, 12522
28411, 15544, 54.71, 252, 68.48, 4, 12522
28412, 15545, 54.71, 252, 68.48, 4, 12522
28413, 15545, 54.71, 252, 68.48, 4, 12523
28414, 15546, 54.71, 252, 68.48, 4, 12523
28415, 15547, 54.71, 252, 68.48, 4, 12523
28416, 15548, 54.72, 252, 68.48, 4, 12523
28417, 15549, 54.72, 252, 68.48, 4, 12523
28418, 15550, 54.72, 252, 68.48, 4, 12523
28419, 15551, 54.72, 252, 68.48, 4, 12523
28420, 15551, 54.72, 252, 68.48, 4, 12524
28421, 15552, 54.72, 252, 68.48, 4, 12524
28422, 15553, 54.72, 252, 68.48, 4, 12524
28423, 15553, 54.72, 252, 68.48, 4, 12525
28424, 15553, 54.72, 252, 68.48, 4, 12526
28425, 15554, 54.72, 252, 68.48, 4, 12526
28426, 15555, 54.72, 252, 68.48, 4, 12526
28427, 15556, 54.72, 252, 68.48, 4, 12526
28428, 15556, 54.72, 252, 68.48, 4, 12527
28429, 15557, 54.72, 252, 68.48, 4, 12527
28430, 15558, 54.72, 252, 68.48, 4, 12527
28431, 15559, 54.73, 252, 68.48, 4, 12527
28432, 15560, 54.73, 252, 68.48, 4, 12527
28433, 15560, 54.73, 252, 68.48, 4, 12528
28434, 15561, 54.73, 252, 68.48, 4, 12528
28435, 15561, 54.72, 252, 68.48, 4, 12528
28436, 15561, 54.72, 252, 68.48, 4, 12529
28437, 15561, 54.72, 252, 68.48, 4, 12530
28438, 15561, 54.72, 252, 68.48, 4, 12531
28439, 15562, 54.72, 252, 68.48, 4, 12531
28440, 15563, 54.72, 252, 68.48, 4, 12531
28441, 15563, 54.72, 252, 68.48, 4, 12532
28442, 15563, 54.72, 252, 68.48, 4, 12533
28443, 15564, 54.72, 252, 68.48, 4, 12533
28444, 15564, 54.72, 252, 68.48, 4, 12534
28445, 15564, 54.72, 252, 68.48, 4, 12535
28446, 15565, 54.72, 252, 68.48, 4, 12535
28447, 15565, 54.72, 252, 68.48, 4, 12535
28448, 15566, 54.72, 252, 68.48, 4, 12535
28449, 15566, 54.72, 252, 68.48, 4, 12536
28450, 15567, 54.72, 252, 68.48, 4, 12536
28451, 15567, 54.72, 252, 68.48, 4, 12537
28452, 15567, 54.71, 252, 68.48, 4, 12538
28453, 15567, 54.71, 252, 68.48, 4, 12539
28454, 15568, 54.71, 252, 68.48, 4, 12539
28455, 15568, 54.71, 252, 68.48, 4, 12540
28456, 15568, 54.71, 252, 68.48, 4, 12541
28457, 15569, 54.71, 252, 68.48, 4, 12541
28458, 15570, 54.71, 252, 68.48, 4, 12541
28459, 15570, 54.71, 252, 68.48, 4, 12542
28460, 15570, 54.71, 252, 68.48, 4, 12543
28461, 15570, 54.71, 252, 68.48, 4, 12544
28462, 15571, 54.71, 252, 68.48, 4, 12544
28463, 15572, 54.71, 252, 68.48, 4, 12544
28464, 15573, 54.71, 252, 68.48, 4, 12544
28465, 15574, 54.71, 252, 68.48, 4, 12544
28466, 15574, 54.71, 252, 68.48, 4, 12545
28467, 15575, 54.71, 252, 68.48, 4, 12545
28468, 15576, 54.71, 252, 68.48, 4, 12545
28469, 15577, 54.72, 252, 68.48, 4, 12545
28470, 15578, 54.72, 252, 68.48, 4, 12545
28471, 15579, 54.72, 252, 68.48, 4, 12545
28472, 15579, 54.72, 252, 68.48, 4, 12546
28473, 15579, 54.71, 252, 68.48, 4, 12547
28474, 15580, 54.72, 252, 68.48, 4, 12547
28475, 15580, 54.71, 252, 68.48, 4, 12548
28476, 15581, 54.72, 252, 68.48, 4, 12548
28477, 15582, 54.72, 252, 68.48, 4, 12548
28478, 15583, 54.72, 252, 68.48, 4, 12548
28479, 15583, 54.72, 252, 68.48, 4, 12549
28480, 15584, 54.72, 252, 68.48, 4, 12549
28481, 15585, 54.72, 252, 68.48, 4, 12549
28482, 15586, 54.72, 252, 68.48, 4, 12549
28483, 15587, 54.72, 252, 68.48, 4, 12549
28484, 15588, 54.73, 252, 68.48, 4, 12549
28485, 15589, 54.73, 252, 68.48, 4, 12549
28486, 15590, 54.73, 252, 68.48, 4, 12549
28487, 15590, 54.73, 252, 68.48, 4, 12550
28488, 15590, 54.72, 252, 68.48, 4, 12551
28489, 15591, 54.73, 252, 68.48, 4, 12551
28490, 15591, 54.72, 252, 68.48, 4, 12552
28491, 15592, 54.73, 252, 68.48, 4, 12552
28492, 15592, 54.72, 252, 68.48, 4, 12553
28493, 15593, 54.73, 252, 68.48, 4, 12553
28494, 15593, 54.72, 252, 68.48, 4, 12554
28495, 15594, 54.73, 252, 68.48, 4, 12554
28496, 15594, 54.72, 252, 68.48, 4, 12555
28497, 15594, 54.72, 252, 68.48, 4, 12556
28498, 15594, 54.72, 252, 68.48, 4, 12557
28499, 15595, 54.72, 252, 68.48, 4, 12557
28500, 15595, 54.72, 252, 68.48, 4, 12558
28501, 15596, 54.72, 252, 68.48, 4, 12558
28502, 15597, 54.72, 252, 68.48, 4, 12558
28503, 15598, 54.72, 252, 68.48, 4, 12558
28504, 15599, 54.73, 252, 68.48, 4, 12558
28505, 15600, 54.73, 252, 68.48, 4, 12558
28506, 15601, 54.73, 252, 68.48, 4, 12558
28507, 15601, 54.73, 252, 68.48, 4, 12559
28508, 15602, 54.73, 252, 68.48, 4, 12559
28509, 15603, 54.73, 252, 68.48, 4, 12559
28510, 15604, 54.73, 252, 68.48, 4, 12559
28511, 15604, 54.73, 252, 68.48, 4, 12560
28512, 15604, 54.73, 252, 68.48, 4, 12561
28513, 15605, 54.73, 252, 68.48, 4, 12561
28514, 15606, 54.73, 252, 68.48, 4, 12561
28515, 15607, 54.73, 252, 68.48, 4, 12561
28516, 15607, 54.73, 252, 68.48, 4, 12562
28517, 15608, 54.73, 252, 68.48, 4, 12562
28518, 15608, 54.73, 252, 68.48, 4, 12563
28519, 15609, 54.73, 252, 68.48, 4, 12563
28520, 15610, 54.73, 252, 68.48, 4, 12563
28521, 15611, 54.74, 252, 68.48, 4, 12563
28522, 15612, 54.74, 252, 68.48, 4, 12563
28523, 15612, 54.73, 252, 68.48, 4, 12564
28524, 15613, 54.74, 252, 68.48, 4, 12564
28525, 15614, 54.74, 252, 68.48, 4, 12564
28526, 15614, 54.74, 252, 68.48, 4, 12565
28527, 15615, 54.74, 252, 68.48, 4, 12565
28528, 15616, 54.74, 252, 68.48, 4, 12565
28529, 15617, 54.74, 252, 68.48, 4, 12565
28530, 15618, 54.74, 252, 68.48, 4, 12565
28531, 15618, 54.74, 252, 68.48, 4, 12566
28532, 15618, 54.74, 252, 68.48, 4, 12567
28533, 15619, 54.74, 252, 68.48, 4, 12567
28534, 15619, 54.74, 252, 68.48, 4, 12568
28535, 15620, 54.74, 252, 68.48, 4, 12568
28536, 15621, 54.74, 252, 68.48, 4, 12568
28537, 15621, 54.74, 252, 68.48, 4, 12569
28538, 15621, 54.74, 252, 68.48, 4, 12569
28539, 15622, 54.74, 252, 68.48, 4, 12569
28540, 15622, 54.74, 252, 68.48, 4, 12570
28541, 15623, 54.74, 252, 68.48, 4, 12570
28542, 15623, 54.74, 252, 68.48, 4, 12571
28543, 15624, 54.74, 252, 68.48, 4, 12571
28544, 15625, 54.74, 252, 68.48, 4, 12571
28545, 15626, 54.74, 252, 68.48, 4, 12571
28546, 15626, 54.74, 252, 68.48, 4, 12572
28547, 15626, 54.74, 252, 68.48, 4, 12573
28548, 15626, 54.74, 252, 68.48, 4, 12574
28549, 15627, 54.74, 252, 68.48, 4, 12574
28550, 15627, 54.74, 252, 68.48, 4, 12575
28551, 15627, 54.73, 252, 68.48, 4, 12576
28552, 15627, 54.73, 252, 68.48, 4, 12577
28553, 15628, 54.73, 252, 68.48, 4, 12577
28554, 15628, 54.73, 252, 68.48, 4, 12578
28555, 15629, 54.73, 252, 68.48, 4, 12578
28556, 15630, 54.73, 252, 68.48, 4, 12578
28557, 15630, 54.73, 252, 68.48, 4, 12579
28558, 15631, 54.73, 252, 68.48, 4, 12579
28559, 15631, 54.73, 252, 68.48, 4, 12580
28560, 15631, 54.73, 252, 68.48, 4, 12581
28561, 15631, 54.73, 252, 68.48, 4, 12582
28562, 15631, 54.73, 252, 68.48, 4, 12583
28563, 15631, 54.72, 252, 68.48, 4, 12584
28564, 15631, 54.72, 252, 68.48, 4, 12585
28565, 15632, 54.72, 252, 68.48, 4, 12585
28566, 15633, 54.73, 252, 68.48, 4, 12585
28567, 15634, 54.73, 252, 68.48, 4, 12585
28568, 15634, 54.73, 252, 68.48, 4, 12586
28569, 15635, 54.73, 252, 68.48, 4, 12586
28570, 15636, 54.73, 252, 68.48, 4, 12586
28571, 15637, 54.73, 252, 68.48, 4, 12586
28572, 15638, 54.73, 252, 68.48, 4, 12586
28573, 15638, 54.73, 252, 68.48, 4, 12587
28574, 15638, 54.73, 252, 68.48, 4, 12588
28575, 15638, 54.73, 252, 68.48, 4, 12589
28576, 15638, 54.72, 252, 68.48, 4, 12590
28577, 15639, 54.73, 252, 68.48, 4, 12590
28578, 15640, 54.73, 252, 68.48, 4, 12590
28579, 15640, 54.73, 252, 68.48, 4, 12591
28580, 15641, 54.73, 252, 68.48, 4, 12591
28581, 15641, 54.73, 252, 68.48, 4, 12592
28582, 15642, 54.73, 252, 68.48, 4, 12592
28583, 15643, 54.73, 252, 68.48, 4, 12592
28584, 15644, 54.73, 252, 68.48, 4, 12592
28585, 15644, 54.73, 252, 68.48, 4, 12593
28586, 15644, 54.73, 252, 68.48, 4, 12594
28587, 15644, 54.72, 252, 68.48, 4, 12595
28588, 15645, 54.73, 252, 68.48, 4, 12595
28589, 15646, 54.73, 252, 68.48, 4, 12595
28590, 15646, 54.73, 252, 68.48, 4, 12596
28591, 15646, 54.72, 252, 68.48, 4, 12597
28592, 15646, 54.72, 252, 68.48, 4, 12598
28593, 15646, 54.72, 252, 68.48, 4, 12599
28594, 15646, 54.72, 252, 68.48, 4, 12600
28595, 15646, 54.72, 252, 68.48, 4, 12601
28596, 15647, 54.72, 252, 68.48, 4, 12601
28597, 15648, 54.72, 252, 68.48, 4, 12601
28598, 15649, 54.72, 252, 68.48, 4, 12601
28599, 15649, 54.72, 252, 68.48, 4, 12602
28600, 15650, 54.72, 252, 68.48, 4, 12602
28601, 15651, 54.72, 252, 68.48, 4, 12602
28602, 15652, 54.72, 252, 68.48, 4, 12602
28603, 15652, 54.72, 252, 68.48, 4, 12603
28604, 15652, 54.72, 252, 68.48, 4, 12604
28605, 15652, 54.72, 252, 68.48, 4, 12604
28606, 15653, 54.72, 252, 68.48, 4, 12604
28607, 15654, 54.72, 252, 68.48, 4, 12604
28608, 15655, 54.72, 252, 68.48, 4, 12604
28609, 15655, 54.72, 252, 68.48, 4, 12605
28610, 15656, 54.72, 252, 68.48, 4, 12605
28611, 15657, 54.72, 252, 68.48, 4, 12605
28612, 15657, 54.72, 252, 68.48, 4, 12606
28613, 15657, 54.72, 252, 68.48, 4, 12607
28614, 15658, 54.72, 252, 68.48, 4, 12607
28615, 15658, 54.72, 252, 68.48, 4, 12608
28616, 15659, 54.72, 252, 68.48, 4, 12608
28617, 15660, 54.72, 252, 68.48, 4, 12608
28618, 15660, 54.72, 252, 68.48, 4, 12609
28619, 15661, 54.72, 252, 68.48, 4, 12609
28620, 15661, 54.72, 252, 68.48, 4, 12610
28621, 15661, 54.72, 252, 68.48, 4, 12611
28622, 15662, 54.72, 252, 68.48, 4, 12611
28623, 15662, 54.72, 252, 68.48, 4, 12612
28624, 15663, 54.72, 252, 68.48, 4, 12612
28625, 15663, 54.72, 252, 68.48, 4, 12613
28626, 15664, 54.72, 252, 68.48, 4, 12613
28627, 15665, 54.72, 252, 68.48, 4, 12613
28628, 15666, 54.72, 252, 68.48, 4, 12613
28629, 15667, 54.72, 252, 68.48, 4, 12613
28630, 15668, 54.73, 252, 68.48, 4, 12613
28631, 15668, 54.72, 252, 68.48, 4, 12614
28632, 15669, 54.73, 252, 68.48, 4, 12614
28633, 15669, 54.72, 252, 68.48, 4, 12614
28634, 15670, 54.73, 252, 68.48, 4, 12614
28635, 15671, 54.73, 252, 68.48, 4, 12614
28636, 15671, 54.72, 252, 68.48, 4, 12615
28637, 15672, 54.73, 252, 68.48, 4, 12615
28638, 15672, 54.72, 252, 68.48, 4, 12616
28639, 15672, 54.72, 252, 68.48, 4, 12617
28640, 15672, 54.72, 252, 68.48, 4, 12618
28641, 15672, 54.72, 252, 68.48, 4, 12619
28642, 15673, 54.72, 252, 68.48, 4, 12619
28643, 15674, 54.72, 252, 68.48, 4, 12619
28644, 15675, 54.72, 252, 68.48, 4, 12619
28645, 15676, 54.73, 252, 68.48, 4, 12619
28646, 15676, 54.72, 252, 68.48, 4, 12620
28647, 15677, 54.72, 252, 68.48, 4, 12620
28648, 15678, 54.73, 252, 68.48, 4, 12620
28649, 15678, 54.72, 252, 68.48, 4, 12621
28650, 15679, 54.73, 252, 68.48, 4, 12621
28651, 15680, 54.73, 252, 68.48, 4, 12621
28652, 15680, 54.73, 252, 68.48, 4, 12622
28653, 15681, 54.73, 252, 68.48, 4, 12622
28654, 15681, 54.73, 252, 68.48, 4, 12623
28655, 15682, 54.73, 252, 68.48, 4, 12623
28656, 15682, 54.73, 252, 68.48, 4, 12624
28657, 15682, 54.72, 252, 68.48, 4, 12625
28658, 15683, 54.72, 252, 68.48, 4, 12625
28659, 15684, 54.73, 252, 68.48, 4, 12625
28660, 15685, 54.73, 252, 68.48, 4, 12625
28661, 15685, 54.73, 252, 68.48, 4, 12626
28662, 15686, 54.73, 252, 68.48, 4, 12626
28663, 15687, 54.73, 252, 68.48, 4, 12626
28664, 15687, 54.73, 252, 68.48, 4, 12627
28665, 15687, 54.73, 252, 68.48, 4, 12628
28666, 15688, 54.73, 252, 68.48, 4, 12628
28667, 15689, 54.73, 252, 68.48, 4, 12628
28668, 15690, 54.73, 252, 68.48, 4, 12628
28669, 15690, 54.73, 252, 68.48, 4, 12629
28670, 15690, 54.73, 252, 68.48, 4, 12630
28671, 15691, 54.73, 252, 68.48, 4, 12630
28672, 15691, 54.73, 252, 68.48, 4, 12631
28673, 15691, 54.72, 252, 68.48, 4, 12632
28674, 15691, 54.72, 252, 68.48, 4, 12632
28675, 15691, 54.72, 252, 68.48, 4, 12633
28676, 15691, 54.72, 252, 68.48, 4, 12634
28677, 15691, 54.72, 252, 68.48, 4, 12635
28678, 15692, 54.72, 252, 68.48, 4, 12635
28679, 15693, 54.72, 252, 68.48, 4, 12635
28680, 15694, 54.72, 252, 68.48, 4, 12635
28681, 15695, 54.72, 252, 68.48, 4, 12635
28682, 15695, 54.72, 252, 68.48, 4, 12636
28683, 15696, 54.72, 252, 68.48, 4, 12636
28684, 15697, 54.72, 252, 68.48, 4, 12636
28685, 15697, 54.72, 252, 68.48, 4, 12637
28686, 15697, 54.72, 252, 68.48, 4, 12638
28687, 15697, 54.72, 252, 68.48, 4, 12638
28688, 15697, 54.72, 252, 68.48, 4, 12638
28689, 15697, 54.71, 252, 68.48, 4, 12639
28690, 15698, 54.72, 252, 68.48, 4, 12639
28691, 15698, 54.71, 252, 68.48, 4, 12640
28692, 15698, 54.71, 252, 68.48, 4, 12641
28693, 15698, 54.71, 252, 68.48, 4, 12642
28694, 15699, 54.71, 252, 68.48, 4, 12642
28695, 15700, 54.71, 252, 68.48, 4, 12642
28696, 15701, 54.71, 252, 68.48, 4, 12642
28697, 15701, 54.71, 252, 68.48, 4, 12643
28698, 15702, 54.71, 252, 68.48, 4, 12643
28699, 15703, 54.72, 252, 68.48, 4, 12643
28700, 15704, 54.72, 252, 68.48, 4, 12643
28701, 15705, 54.72, 252, 68.48, 4, 12643
28702, 15706, 54.72, 252, 68.48, 4, 12643
28703, 15707, 54.72, 252, 68.48, 4, 12643
28704, 15708, 54.72, 252, 68.48, 4, 12643
28705, 15708, 54.72, 252, 68.48, 4, 12644
28706, 15709, 54.72, 252, 68.48, 4, 12644
28707, 15710, 54.73, 252, 68.48, 4, 12644
28708, 15710, 54.72, 252, 68.48, 4, 12645
28709, 15711, 54.72, 252, 68.48, 4, 12645
28710, 15712, 54.73, 252, 68.48, 4, 12645
28711, 15712, 54.72, 252, 68.48, 4, 12646
28712, 15712, 54.72, 252, 68.48, 4, 12647
28713, 15712, 54.72, 252, 68.48, 4, 12648
28714, 15713, 54.72, 252, 68.48, 4, 12648
28715, 15714, 54.72, 252, 68.48, 4, 12648
28716, 15714, 54.72, 252, 68.48, 4, 12648
28717, 15715, 54.72, 252, 68.48, 4, 12648
28718, 15715, 54.72, 252, 68.48, 4, 12649
28719, 15716, 54.72, 252, 68.48, 4, 12649
28720, 15716, 54.72, 252, 68.48, 4, 12650
28721, 15717, 54.72, 252, 68.48, 4, 12650
28722, 15717, 54.72, 252, 68.48, 4, 12651
28723, 15718, 54.72, 252, 68.48, 4, 12651
28724, 15718, 54.72, 252, 68.48, 4, 12652
28725, 15719, 54.72, 252, 68.48, 4, 12652
28726, 15720, 54.72, 252, 68.48, 4, 12652
28727, 15720, 54.72, 252, 68.48, 4, 12653
28728, 15721, 54.72, 252, 68.48, 4, 12653
28729, 15721, 54.72, 252, 68.48, 4, 12654
28730, 15721, 54.72, 252, 68.48, 4, 12655
28731, 15722, 54.72, 252, 68.48, 4, 12655
28732, 15722, 54.72, 252, 68.48, 4, 12656
28733, 15722, 54.72, 252, 68.48, 4, 12657
28734, 15723, 54.72, 252, 68.48, 4, 12657
28735, 15724, 54.72, 252, 68.48, 4, 12657
28736, 15725, 54.72, 252, 68.48, 4, 12657
28737, 15725, 54.72, 252, 68.48, 4, 12658
28738, 15726, 54.72, 252, 68.48, 4, 12658
28739, 15726, 54.72, 252, 68.48, 4, 12659
28740, 15726, 54.72, 252, 68.48, 4, 12660
28741, 15726, 54.72, 252, 68.48, 4, 12661
28742, 15727, 54.72, 252, 68.48, 4, 12661
28743, 15727, 54.72, 252, 68.48, 4, 12662
28744, 15728, 54.72, 252, 68.48, 4, 12662
28745, 15728, 54.72, 252, 68.48, 4, 12663
28746, 15729, 54.72, 252, 68.48, 4, 12663
28747, 15729, 54.72, 252, 68.48, 4, 12664
28748, 15730, 54.72, 252, 68.48, 4, 12664
28749, 15731, 54.72, 252, 68.48, 4, 12664
28750, 15732, 54.72, 252, 68.48, 4, 12664
28751, 15733, 54.72, 252, 68.48, 4, 12664
28752, 15733, 54.72, 252, 68.48, 4, 12665
28753, 15733, 54.72, 252, 68.48, 4, 12666
28754, 15733, 54.72, 252, 68.48, 4, 12667
28755, 15734, 54.72, 252, 68.48, 4, 12667
28756, 15734, 54.72, 252, 68.48, 4, 12668
28757, 15734, 54.71, 252, 68.48, 4, 12669
28758, 15735, 54.72, 252, 68.48, 4, 12669
28759, 15735, 54.71, 252, 68.48, 4, 12670
28760, 15736, 54.71, 252, 68.48, 4, 12670
28761, 15737, 54.72, 252, 68.48, 4, 12670
28762, 15738, 54.72, 252, 68.48, 4, 12670
28763, 15739, 54.72, 252, 68.48, 4, 12670
28764, 15739, 54.72, 252, 68.48, 4, 12671
28765, 15740, 54.72, 252, 68.48, 4, 12671
28766, 15740, 54.72, 252, 68.48, 4, 12672
28767, 15740, 54.72, 252, 68.48, 4, 12673
28768, 15741, 54.72, 252, 68.48, 4, 12673
28769, 15742, 54.72, 252, 68.48, 4, 12673
28770, 15743, 54.72, 252, 68.48, 4, 12673
28771, 15743, 54.72, 252, 68.48, 4, 12674
28772, 15743, 54.72, 252, 68.48, 4, 12675
28773, 15743, 54.71, 252, 68.48, 4, 12676
28774, 15743, 54.71, 252, 68.48, 4, 12677
28775, 15744, 54.71, 252, 68.48, 4, 12677
28776, 15745, 54.72, 252, 68.48, 4, 12677
28777, 15746, 54.72, 252, 68.48, 4, 12677
28778, 15747, 54.72, 252, 68.48, 4, 12677
28779, 15747, 54.72, 252, 68.48, 4, 12678
28780, 15747, 54.72, 252, 68.48, 4, 12679
28781, 15747, 54.71, 252, 68.48, 4, 12680
28782, 15747, 54.71, 252, 68.48, 4, 12681
28783, 15748, 54.71, 252, 68.48, 4, 12681
28784, 15749, 54.71, 252, 68.48, 4, 12681
28785, 15750, 54.72, 252, 68.48, 4, 12681
28786, 15750, 54.71, 252, 68.48, 4, 12682
28787, 15750, 54.71, 252, 68.48, 4, 12683
28788, 15751, 54.71, 252, 68.48, 4, 12683
28789, 15752, 54.72, 252, 68.48, 4, 12683
28790, 15752, 54.71, 252, 68.48, 4, 12684
28791, 15752, 54.71, 252, 68.48, 4, 12685
28792, 15753, 54.71, 252, 68.48, 4, 12685
28793, 15753, 54.71, 252, 68.48, 4, 12686
28794, 15753, 54.71, 252, 68.48, 4, 12687
28795, 15754, 54.71, 252, 68.48, 4, 12687
28796, 15755, 54.71, 252, 68.48, 4, 12687
28797, 15755, 54.71, 252, 68.48, 4, 12688
28798, 15755, 54.71, 252, 68.48, 4, 12689
28799, 15755, 54.71, 252, 68.48, 4, 12690
28800, 15756, 54.71, 252, 68.48, 4, 12690
28801, 15757, 54.71, 252, 68.48, 4, 12690
28802, 15757, 54.71, 252, 68.48, 4, 12691
28803, 15757, 54.71, 252, 68.48, 4, 12692
28804, 15758, 54.71, 252, 68.48, 4, 12692
28805, 15759, 54.71, 252, 68.48, 4, 12692
28806, 15759, 54.71, 252, 68.48, 4, 12693
28807, 15759, 54.71, 252, 68.48, 4, 12694
28808, 15760, 54.71, 252, 68.48, 4, 12694
28809, 15761, 54.71, 252, 68.48, 4, 12694
28810, 15762, 54.71, 252, 68.48, 4, 12694
28811, 15762, 54.71, 252, 68.48, 4, 12695
28812, 15763, 54.71, 252, 68.48, 4, 12695
28813, 15764, 54.71, 252, 68.48, 4, 12695
28814, 15764, 54.71, 252, 68.48, 4, 12696
28815, 15764, 54.71, 252, 68.48, 4, 12697
28816, 15764, 54.71, 252, 68.48, 4, 12698
28817, 15764, 54.70, 252, 68.48, 4, 12699
28818, 15765, 54.71, 252, 68.48, 4, 12699
28819, 15765, 54.70, 252, 68.48, 4, 12700
28820, 15765, 54.70, 252, 68.48, 4, 12701
28821, 15765, 54.70, 252, 68.48, 4, 12702
28822, 15766, 54.70, 252, 68.48, 4, 12702
28823, 15767, 54.70, 252, 68.48, 4, 12702
28824, 15768, 54.70, 252, 68.48, 4, 12702
28825, 15768, 54.70, 252, 68.48, 4, 12703
28826, 15768, 54.70, 252, 68.48, 4, 12704
28827, 15768, 54.70, 252, 68.48, 4, 12705
28828, 15769, 54.70, 252, 68.48, 4, 12705
28829, 15769, 54.70, 252, 68.48, 4, 12706
28830, 15769, 54.70, 252, 68.48, 4, 12707
28831, 15769, 54.69, 252, 68.48, 4, 12708
28832, 15770, 54.70, 252, 68.48, 4, 12708
28833, 15770, 54.69, 252, 68.48, 4, 12709
28834, 15771, 54.70, 252, 68.48, 4, 12709
28835, 15771, 54.69, 252, 68.48, 4, 12710
28836, 15771, 54.69, 252, 68.48, 4, 12711
28837, 15771, 54.69, 252, 68.48, 4, 12712
28838, 15771, 54.69, 252, 68.48, 4, 12713
28839, 15772, 54.69, 252, 68.48, 4, 12713
28840, 15773, 54.69, 252, 68.48, 4, 12713
28841, 15774, 54.69, 252, 68.48, 4, 12713
28842, 15775, 54.69, 252, 68.48, 4, 12713
28843, 15776, 54.70, 252, 68.48, 4, 12713
28844, 15777, 54.70, 252, 68.48, 4, 12713
28845, 15778, 54.70, 252, 68.48, 4, 12713
28846, 15778, 54.70, 252, 68.48, 4, 12714
28847, 15778, 54.70, 252, 68.48, 4, 12715
28848, 15779, 54.70, 252, 68.48, 4, 12715
28849, 15780, 54.70, 252, 68.48, 4, 12715
28850, 15780, 54.70, 252, 68.48, 4, 12716
28851, 15780, 54.69, 252, 68.48, 4, 12717
28852, 15781, 54.70, 252, 68.48, 4, 12717
28853, 15781, 54.69, 252, 68.48, 4, 12718
28854, 15782, 54.70, 252, 68.48, 4, 12718
28855, 15782, 54.69, 252, 68.48, 4, 12719
28856, 15782, 54.69, 252, 68.48, 4, 12720
28857, 15783, 54.69, 252, 68.48, 4, 12720
28858, 15784, 54.70, 252, 68.48, 4, 12720
28859, 15784, 54.69, 252, 68.48, 4, 12721
28860, 15784, 54.69, 252, 68.48, 4, 12722
28861, 15784, 54.69, 252, 68.48, 4, 12723
28862, 15784, 54.69, 252, 68.48, 4, 12724
28863, 15785, 54.69, 252, 68.48, 4, 12724
28864, 15785, 54.69, 252, 68.48, 4, 12725
28865, 15785, 54.69, 252, 68.48, 4, 12726
28866, 15785, 54.68, 252, 68.48, 4, 12727
28867, 15786, 54.69, 252, 68.48, 4, 12727
28868, 15787, 54.69, 252, 68.48, 4, 12727
28869, 15787, 54.68, 252, 68.48, 4, 12728
28870, 15788, 54.69, 252, 68.48, 4, 12728
28871, 15788, 54.68, 252, 68.48, 4, 12729
28872, 15788, 54.68, 252, 68.48, 4, 12730
28873, 15789, 54.68, 252, 68.48, 4, 12730
28874, 15790, 54.69, 252, 68.48, 4, 12730
28875, 15790, 54.68, 252, 68.48, 4, 12731
28876, 15791, 54.69, 252, 68.48, 4, 12731
28877, 15792, 54.69, 252, 68.48, 4, 12731
28878, 15792, 54.69, 252, 68.48, 4, 12732
28879, 15793, 54.69, 252, 68.48, 4, 12732
28880, 15793, 54.68, 252, 68.48, 4, 12733
28881, 15794, 54.69, 252, 68.48, 4, 12733
28882, 15794, 54.68, 252, 68.48, 4, 12733
28883, 15795, 54.69, 252, 68.48, 4, 12733
28884, 15796, 54.69, 252, 68.48, 4, 12733
28885, 15796, 54.69, 252, 68.48, 4, 12734
28886, 15797, 54.69, 252, 68.48, 4, 12734
28887, 15798, 54.69, 252, 68.48, 4, 12734
28888, 15798, 54.69, 252, 68.48, 4, 12735
28889, 15799, 54.69, 252, 68.48, 4, 12735
28890, 15799, 54.69, 252, 68.48, 4, 12736
28891, 15800, 54.69, 252, 68.48, 4, 12736
28892, 15801, 54.69, 252, 68.48, 4, 12736
28893, 15801, 54.69, 252, 68.48, 4, 12737
28894, 15802, 54.69, 252, 68.48, 4, 12737
28895, 15803, 54.69, 252, 68.48, 4, 12737
28896, 15804, 54.69, 252, 68.48, 4, 12737
28897, 15805, 54.69, 252, 68.48, 4, 12737
28898, 15806, 54.70, 252, 68.48, 4, 12737
28899, 15807, 54.70, 252, 68.48, 4, 12737
28900, 15807, 54.70, 252, 68.48, 4, 12738
28901, 15807, 54.69, 252, 68.48, 4, 12739
28902, 15808, 54.70, 252, 68.48, 4, 12739
28903, 15809, 54.70, 252, 68.48, 4, 12739
28904, 15810, 54.70, 252, 68.48, 4, 12739
28905, 15810, 54.70, 252, 68.48, 4, 12740
28906, 15810, 54.69, 252, 68.48, 4, 12741
28907, 15811, 54.70, 252, 68.48, 4, 12741
28908, 15812, 54.70, 252, 68.48, 4, 12741
28909, 15813, 54.70, 252, 68.48, 4, 12741
28910, 15813, 54.70, 252, 68.48, 4, 12742
28911, 15814, 54.70, 252, 68.48, 4, 12742
28912, 15814, 54.70, 252, 68.48, 4, 12743
28913, 15815, 54.70, 252, 68.48, 4, 12743
28914, 15816, 54.70, 252, 68.48, 4, 12743
28915, 15817, 54.70, 252, 68.48, 4, 12743
28916, 15818, 54.70, 252, 68.48, 4, 12743
28917, 15818, 54.70, 252, 68.48, 4, 12744
28918, 15819, 54.70, 252, 68.48, 4, 12744
28919, 15819, 54.70, 252, 68.48, 4, 12745
28920, 15819, 54.70, 252, 68.48, 4, 12746
28921, 15820, 54.70, 252, 68.48, 4, 12746
28922, 15820, 54.70, 252, 68.48, 4, 12747
28923, 15820, 54.70, 252, 68.48, 4, 12748
28924, 15821, 54.70, 252, 68.48, 4, 12748
28925, 15822, 54.70, 252, 68.48, 4, 12748
28926, 15823, 54.70, 252, 68.48, 4, 12748
28927, 15824, 54.70, 252, 68.48, 4, 12748
28928, 15824, 54.70, 252, 68.48, 4, 12749
28929, 15824, 54.70, 252, 68.48, 4, 12750
28930, 15824, 54.70, 252, 68.48, 4, 12751
28931, 15824, 54.70, 252, 68.48, 4, 12752
28932, 15825, 54.70, 252, 68.48, 4, 12752
28933, 15825, 54.70, 252, 68.48, 4, 12753
28934, 15826, 54.70, 252, 68.48, 4, 12753
28935, 15826, 54.70, 252, 68.48, 4, 12754
28936, 15827, 54.70, 252, 68.48, 4, 12754
28937, 15828, 54.70, 252, 68.48, 4, 12754
28938, 15829, 54.70, 252, 68.48, 4, 12754
28939, 15830, 54.70, 252, 68.48, 4, 12754
28940, 15831, 54.70, 252, 68.48, 4, 12754
28941, 15832, 54.70, 252, 68.48, 4, 12754
28942, 15832, 54.70, 252, 68.48, 4, 12755
28943, 15832, 54.70, 252, 68.48, 4, 12756
28944, 15833, 54.70, 252, 68.48, 4, 12756
28945, 15834, 54.70, 252, 68.48, 4, 12756
28946, 15835, 54.71, 252, 68.48, 4, 12756
28947, 15835, 54.70, 252, 68.48, 4, 12757
28948, 15835, 54.70, 252, 68.48, 4, 12758
28949, 15836, 54.70, 252, 68.48, 4, 12758
28950, 15837, 54.70, 252, 68.48, 4, 12758
28951, 15838, 54.71, 252, 68.48, 4, 12758
28952, 15839, 54.71, 252, 68.48, 4, 12758
28953, 15840, 54.71, 252, 68.48, 4, 12758
28954, 15841, 54.71, 252, 68.48, 4, 12758
28955, 15842, 54.71, 252, 68.48, 4, 12758
28956, 15843, 54.71, 252, 68.48, 4, 12758
28957, 15844, 54.72, 252, 68.48, 4, 12758
28958, 15845, 54.72, 252, 68.48, 4, 12758
28959, 15846, 54.72, 252, 68.48, 4, 12758
28960, 15847, 54.72, 252, 68.48, 4, 12758
28961, 15848, 54.72, 252, 68.48, 4, 12758
28962, 15848, 54.72, 252, 68.48, 4, 12759
28963, 15848, 54.72, 252, 68.48, 4, 12760
28964, 15849, 54.72, 252, 68.48, 4, 12760
28965, 15850, 54.72, 252, 68.48, 4, 12760
28966, 15851, 54.72, 252, 68.48, 4, 12760
28967, 15852, 54.72, 252, 68.48, 4, 12760
28968, 15852, 54.72, 252, 68.48, 4, 12761
28969, 15853, 54.72, 252, 68.48, 4, 12761
28970, 15853, 54.72, 252, 68.48, 4, 12762
28971, 15854, 54.72, 252, 68.48, 4, 12762
28972, 15855, 54.73, 252, 68.48, 4, 12762
28973, 15855, 54.72, 252, 68.48, 4, 12763
28974, 15856, 54.72, 252, 68.48, 4, 12763
28975, 15857, 54.73, 252, 68.48, 4, 12763
28976, 15857, 54.72, 252, 68.48, 4, 12764
28977, 15857, 54.72, 252, 68.48, 4, 12765
28978, 15858, 54.72, 252, 68.48, 4, 12765
28979, 15858, 54.72, 252, 68.48, 4, 12766
28980, 15859, 54.72, 252, 68.48, 4, 12766
28981, 15860, 54.73, 252, 68.48, 4, 12766
28982, 15861, 54.73, 252, 68.48, 4, 12766
28983, 15862, 54.73, 252, 68.48, 4, 12766
28984, 15862, 54.73, 252, 68.48, 4, 12767
28985, 15863, 54.73, 252, 68.48, 4, 12767
28986, 15864, 54.73, 252, 68.48, 4, 12767
28987, 15864, 54.73, 252, 68.48, 4, 12768
28988, 15864, 54.73, 252, 68.48, 4, 12769
28989, 15865, 54.73, 252, 68.48, 4, 12769
28990, 15866, 54.73, 252, 68.48, 4, 12769
28991, 15867, 54.73, 252, 68.48, 4, 12769
28992, 15868, 54.73, 252, 68.48, 4, 12769
28993, 15869, 54.73, 252, 68.48, 4, 12769
28994, 15869, 54.73, 252, 68.48, 4, 12770
28995, 15869, 54.73, 252, 68.48, 4, 12771
28996, 15870, 54.73, 252, 68.48, 4, 12771
28997, 15871, 54.73, 252, 68.48, 4, 12771
28998, 15872, 54.73, 252, 68.48, 4, 12771
28999, 15873, 54.74, 252, 68.48, 4, 12771
29000, 15874, 54.74, 252, 68.48, 4, 12771
29001, 15875, 54.74, 252, 68.48, 4, 12771
29002, 15876, 54.74, 252, 68.48, 4, 12771
29003, 15877, 54.74, 252, 68.48, 4, 12771
29004, 15878, 54.74, 252, 68.48, 4, 12771
29005, 15878, 54.74, 252, 68.48, 4, 12772
29006, 15879, 54.74, 252, 68.48, 4, 12772
29007, 15880, 54.75, 252, 68.48, 4, 12772
29008, 15881, 54.75, 252, 68.48, 4, 12772
29009, 15882, 54.75, 252, 68.48, 4, 12772
29010, 15882, 54.75, 252, 68.48, 4, 12773
29011, 15883, 54.75, 252, 68.48, 4, 12773
29012, 15883, 54.75, 252, 68.48, 4, 12774
29013, 15883, 54.74, 252, 68.48, 4, 12775
29014, 15883, 54.74, 252, 68.48, 4, 12776
29015, 15884, 54.74, 252, 68.48, 4, 12776
29016, 15885, 54.75, 252, 68.48, 4, 12776
29017, 15885, 54.74, 252, 68.48, 4, 12777
29018, 15886, 54.75, 252, 68.48, 4, 12777
29019, 15886, 54.74, 252, 68.48, 4, 12778
29020, 15887, 54.75, 252, 68.48, 4, 12778
29021, 15887, 54.74, 252, 68.48, 4, 12779
29022, 15888, 54.74, 252, 68.48, 4, 12779
29023, 15888, 54.74, 252, 68.48, 4, 12780
29024, 15888, 54.74, 252, 68.48, 4, 12781
29025, 15889, 54.74, 252, 68.48, 4, 12781
29026, 15890, 54.74, 252, 68.48, 4, 12781
29027, 15891, 54.75, 252, 68.48, 4, 12781
29028, 15891, 54.74, 252, 68.48, 4, 12782
29029, 15891, 54.74, 252, 68.48, 4, 12783
29030, 15892, 54.74, 252, 68.48, 4, 12783
29031, 15892, 54.74, 252, 68.48, 4, 12784
29032, 15892, 54.74, 252, 68.48, 4, 12785
29033, 15892, 54.74, 252, 68.48, 4, 12786
29034, 15892, 54.74, 252, 68.48, 4, 12787
29035, 15893, 54.74, 252, 68.48, 4, 12787
29036, 15893, 54.74, 252, 68.48, 4, 12788
29037, 15894, 54.74, 252, 68.48, 4, 12788
29038, 15894, 54.74, 252, 68.48, 4, 12789
29039, 15895, 54.74, 252, 68.48, 4, 12789
29040, 15895, 54.73, 252, 68.48, 4, 12790
29041, 15896, 54.74, 252, 68.48, 4, 12790
29042, 15896, 54.73, 252, 68.48, 4, 12791
29043, 15896, 54.73, 252, 68.48, 4, 12792
29044, 15897, 54.73, 252, 68.48, 4, 12792
29045, 15898, 54.74, 252, 68.48, 4, 12792
29046, 15899, 54.74, 252, 68.48, 4, 12792
29047, 15899, 54.74, 252, 68.48, 4, 12793
29048, 15900, 54.74, 252, 68.48, 4, 12793
29049, 15901, 54.74, 252, 68.48, 4, 12793
29050, 15902, 54.74, 252, 68.48, 4, 12793
29051, 15903, 54.74, 252, 68.48, 4, 12793
29052, 15904, 54.74, 252, 68.48, 4, 12793
29053, 15905, 54.74, 252, 68.48, 4, 12793
29054, 15906, 54.75, 252, 68.48, 4, 12793
29055, 15907, 54.75, 252, 68.48, 4, 12793
29056, 15907, 54.75, 252, 68.48, 4, 12794
29057, 15907, 54.74, 252, 68.48, 4, 12795
29058, 15907, 54.74, 252, 68.48, 4, 12796
29059, 15907, 54.74, 252, 68.48, 4, 12797
29060, 15907, 54.74, 252, 68.48, 4, 12798
29061, 15907, 54.74, 252, 68.48, 4, 12799
29062, 15908, 54.74, 252, 68.48, 4, 12799
29063, 15909, 54.74, 252, 68.48, 4, 12799
29064, 15909, 54.74, 252, 68.48, 4, 12800
29065, 15909, 54.74, 252, 68.48, 4, 12801
29066, 15910, 54.74, 252, 68.48, 4, 12801
29067, 15911, 54.74, 252, 68.48, 4, 12801
29068, 15911, 54.74, 252, 68.48, 4, 12802
29069, 15911, 54.74, 252, 68.48, 4, 12803
29070, 15912, 54.74, 252, 68.48, 4, 12803
29071, 15912, 54.73, 252, 68.48, 4, 12804
29072, 15912, 54.73, 252, 68.48, 4, 12805
29073, 15913, 54.73, 252, 68.48, 4, 12805
29074, 15914, 54.74, 252, 68.48, 4, 12805
29075, 15915, 54.74, 252, 68.48, 4, 12805
29076, 15916, 54.74, 252, 68.48, 4, 12805
29077, 15917, 54.74, 252, 68.48, 4, 12805
29078, 15917, 54.74, 252, 68.48, 4, 12806
29079, 15917, 54.74, 252, 68.48, 4, 12807
29080, 15917, 54.74, 252, 68.48, 4, 12808
29081, 15918, 54.74, 252, 68.48, 4, 12808
29082, 15918, 54.73, 252, 68.48, 4, 12809
29083, 15919, 54.74, 252, 68.48, 4, 12809
29084, 15920, 54.74, 252, 68.48, 4, 12809
29085, 15921, 54.74, 252, 68.48, 4, 12809
29086, 15921, 54.74, 252, 68.48, 4, 12810
29087, 15922, 54.74, 252, 68.48, 4, 12810
29088, 15922, 54.74, 252, 68.48, 4, 12811
29089, 15923, 54.74, 252, 68.48, 4, 12811
29090, 15923, 54.74, 252, 68.48, 4, 12812
29091, 15924, 54.74, 252, 68.48, 4, 12812
29092, 15925, 54.74, 252, 68.48, 4, 12812
29093, 15925, 54.74, 252, 68.48, 4, 12813
29094, 15925, 54.74, 252, 68.48, 4, 12814
29095, 15926, 54.74, 252, 68.48, 4, 12814
29096, 15926, 54.74, 252, 68.48, 4, 12815
29097, 15927, 54.74, 252, 68.48, 4, 12815
29098, 15927, 54.74, 252, 68.48, 4, 12816
29099, 15928, 54.74, 252, 68.48, 4, 12816
29100, 15929, 54.74, 252, 68.48, 4, 12816
29101, 15930, 54.74, 252, 68.48, 4, 12816
29102, 15930, 54.74, 252, 68.48, 4, 12817
29103, 15931, 54.74, 252, 68.48, 4, 12817
29104, 15932, 54.74, 252, 68.48, 4, 12817
29105, 15932, 54.74, 252, 68.48, 4, 12818
29106, 15933, 54.74, 252, 68.48, 4, 12818
29107, 15934, 54.74, 252, 68.48, 4, 12818
29108, 15935, 54.74, 252, 68.48, 4, 12818
29109, 15935, 54.74, 252, 68.48, 4, 12819
29110, 15935, 54.74, 252, 68.48, 4, 12820
29111, 15936, 54.74, 252, 68.48, 4, 12820
29112, 15936, 54.74, 252, 68.48, 4, 12821
29113, 15937, 54.74, 252, 68.48, 4, 12821
29114, 15938, 54.74, 252, 68.48, 4, 12821
29115, 15938, 54.74, 252, 68.48, 4, 12822
29116, 15939, 54.74, 252, 68.48, 4, 12822
29117, 15939, 54.74, 252, 68.48, 4, 12823
29118, 15940, 54.74, 252, 68.48, 4, 12823
29119, 15941, 54.74, 252, 68.48, 4, 12823
29120, 15941, 54.74, 252, 68.48, 4, 12824
29121, 15942, 54.74, 252, 68.48, 4, 12824
29122, 15943, 54.75, 252, 68.48, 4, 12824
29123, 15943, 54.74, 252, 68.48, 4, 12825
29124, 15944, 54.75, 252, 68.48, 4, 12825
29125, 15944, 54.74, 252, 68.48, 4, 12826
29126, 15944, 54.74, 252, 68.48, 4, 12827
29127, 15944, 54.74, 252, 68.48, 4, 12828
29128, 15944, 54.74, 252, 68.48, 4, 12829
29129, 15944, 54.74, 252, 68.48, 4, 12830
29130, 15944, 54.73, 252, 68.48, 4, 12831
29131, 15944, 54.73, 252, 68.48, 4, 12832
29132, 15945, 54.73, 252, 68.48, 4, 12832
29133, 15946, 54.74, 252, 68.48, 4, 12832
29134, 15947, 54.74, 252, 68.48, 4, 12832
29135, 15948, 54.74, 252, 68.48, 4, 12832
29136, 15949, 54.74, 252, 68.48, 4, 12832
29137, 15950, 54.74, 252, 68.48, 4, 12832
29138, 15951, 54.74, 252, 68.48, 4, 12832
29139, 15951, 54.74, 252, 68.48, 4, 12833
29140, 15952, 54.74, 252, 68.48, 4, 12833
29141, 15952, 54.74, 252, 68.48, 4, 12834
29142, 15953, 54.74, 252, 68.48, 4, 12834
29143, 15954, 54.74, 252, 68.48, 4, 12834
29144, 15954, 54.74, 252, 68.48, 4, 12835
29145, 15954, 54.74, 252, 68.48, 4, 12835
29146, 15955, 54.74, 252, 68.48, 4, 12835
29147, 15955, 54.74, 252, 68.48, 4, 12836
29148, 15956, 54.74, 252, 68.48, 4, 12836
29149, 15957, 54.74, 252, 68.48, 4, 12836
29150, 15958, 54.74, 252, 68.48, 4, 12836
29151, 15959, 54.75, 252, 68.48, 4, 12836
29152, 15960, 54.75, 252, 68.48, 4, 12836
29153, 15961, 54.75, 252, 68.48, 4, 12836
29154, 15961, 54.75, 252, 68.48, 4, 12837
29155, 15961, 54.75, 252, 68.48, 4, 12838
29156, 15962, 54.75, 252, 68.48, 4, 12838
29157, 15962, 54.75, 252, 68.48, 4, 12839
29158, 15963, 54.75, 252, 68.48, 4, 12839
29159, 15963, 54.74, 252, 68.48, 4, 12840
29160, 15964, 54.75, 252, 68.48, 4, 12840
29161, 15964, 54.74, 252, 68.48, 4, 12841
29162, 15965, 54.75, 252, 68.48, 4, 12841
29163, 15966, 54.75, 252, 68.48, 4, 12841
29164, 15967, 54.75, 252, 68.48, 4, 12841
29165, 15967, 54.75, 252, 68.48, 4, 12842
29166, 15968, 54.75, 252, 68.48, 4, 12842
29167, 15969, 54.75, 252, 68.48, 4, 12842
29168, 15969, 54.75, 252, 68.48, 4, 12843
29169, 15970, 54.75, 252, 68.48, 4, 12843
29170, 15970, 54.75, 252, 68.48, 4, 12844
29171, 15971, 54.75, 252, 68.48, 4, 12844
29172, 15972, 54.75, 252, 68.48, 4, 12844
29173, 15973, 54.75, 252, 68.48, 4, 12844
29174, 15973, 54.75, 252, 68.48, 4, 12845
29175, 15974, 54.75, 252, 68.48, 4, 12845
29176, 15974, 54.75, 252, 68.48, 4, 12846
29177, 15975, 54.75, 252, 68.48, 4, 12846
29178, 15976, 54.75, 252, 68.48, 4, 12846
29179, 15977, 54.76, 252, 68.48, 4, 12846
29180, 15978, 54.76, 252, 68.48, 4, 12846
29181, 15978, 54.75, 252, 68.48, 4, 12847
29182, 15978, 54.75, 252, 68.48, 4, 12848
29183, 15979, 54.75, 252, 68.48, 4, 12848
29184, 15979, 54.75, 252, 68.48, 4, 12849
29185, 15980, 54.75, 252, 68.48, 4, 12849
29186, 15981, 54.76, 252, 68.48, 4, 12849
29187, 15982, 54.76, 252, 68.48, 4, 12849
29188, 15983, 54.76, 252, 68.48, 4, 12849
29189, 15983, 54.76, 252, 68.48, 4, 12850
29190, 15984, 54.76, 252, 68.48, 4, 12850
29191, 15985, 54.76, 252, 68.48, 4, 12850
29192, 15986, 54.76, 252, 68.48, 4, 12850
29193, 15986, 54.76, 252, 68.48, 4, 12851
29194, 15987, 54.76, 252, 68.48, 4, 12851
29195, 15988, 54.76, 252, 68.48, 4, 12851
29196, 15988, 54.76, 252, 68.48, 4, 12851
29197, 15989, 54.76, 252, 68.48, 4, 12851
29198, 15990, 54.76, 252, 68.48, 4, 12851
29199, 15991, 54.77, 252, 68.48, 4, 12851
29200, 15991, 54.76, 252, 68.48, 4, 12852
29201, 15992, 54.77, 252, 68.48, 4, 12852
29202, 15992, 54.76, 252, 68.48, 4, 12853
29203, 15993, 54.76, 252, 68.48, 4, 12853
29204, 15994, 54.77, 252, 68.48, 4, 12853
29205, 15995, 54.77, 252, 68.48, 4, 12853
29206, 15996, 54.77, 252, 68.48, 4, 12853
29207, 15996, 54.77, 252, 68.48, 4, 12854
29208, 15997, 54.77, 252, 68.48, 4, 12854
29209, 15998, 54.77, 252, 68.48, 4, 12854
29210, 15999, 54.77, 252, 68.48, 4, 12854
29211, 15999, 54.77, 252, 68.48, 4, 12855
29212, 15999, 54.77, 252, 68.48, 4, 12856
29213, 15999, 54.77, 252, 68.48, 4, 12857
29214, 15999, 54.76, 252, 68.48, 4, 12858
29215, 15999, 54.76, 252, 68.48, 4, 12859
29216, 16000, 54.76, 252, 68.48, 4, 12859
29217, 16001, 54.77, 252, 68.48, 4, 12859
29218, 16002, 54.77, 252, 68.48, 4, 12859
29219, 16003, 54.77, 252, 68.48, 4, 12859
29220, 16004, 54.77, 252, 68.48, 4, 12859
29221, 16004, 54.77, 252, 68.48, 4, 12860
29222, 16004, 54.77, 252, 68.48, 4, 12861
29223, 16005, 54.77, 252, 68.48, 4, 12861
29224, 16005, 54.77, 252, 68.48, 4, 12862
29225, 16006, 54.77, 252, 68.48, 4, 12862
29226, 16007, 54.77, 252, 68.48, 4, 12862
29227, 16008, 54.77, 252, 68.48, 4, 12862
29228, 16009, 54.77, 252, 68.48, 4, 12862
29229, 16010, 54.77, 252, 68.48, 4, 12862
29230, 16011, 54.78, 252, 68.48, 4, 12862
29231, 16012, 54.78, 252, 68.48, 4, 12862
29232, 16013, 54.78, 252, 68.48, 4, 12862
29233, 16014, 54.78, 252, 68.48, 4, 12862
29234, 16014, 54.78, 252, 68.48, 4, 12863
29235, 16015, 54.78, 252, 68.48, 4, 12863
29236, 16015, 54.78, 252, 68.48, 4, 12864
29237, 16016, 54.78, 252, 68.48, 4, 12864
29238, 16017, 54.78, 252, 68.48, 4, 12864
29239, 16018, 54.78, 252, 68.48, 4, 12864
29240, 16019, 54.78, 252, 68.48, 4, 12864
29241, 16020, 54.79, 252, 68.48, 4, 12864
29242, 16020, 54.78, 252, 68.48, 4, 12865
29243, 16021, 54.79, 252, 68.48, 4, 12865
29244, 16022, 54.79, 252, 68.48, 4, 12865
29245, 16023, 54.79, 252, 68.48, 4, 12865
29246, 16023, 54.79, 252, 68.48, 4, 12866
29247, 16023, 54.79, 252, 68.48, 4, 12867
29248, 16023, 54.78, 252, 68.48, 4, 12868
29249, 16024, 54.78, 252, 68.48, 4, 12868
29250, 16025, 54.79, 252, 68.48, 4, 12868
29251, 16025, 54.78, 252, 68.48, 4, 12869
29252, 16026, 54.79, 252, 68.48, 4, 12869
29253, 16027, 54.79, 252, 68.48, 4, 12869
29254, 16028, 54.79, 252, 68.48, 4, 12869
29255, 16029, 54.79, 252, 68.48, 4, 12869
29256, 16030, 54.79, 252, 68.48, 4, 12869
29257, 16031, 54.79, 252, 68.48, 4, 12869
29258, 16031, 54.79, 252, 68.48, 4, 12869
29259, 16031, 54.79, 252, 68.48, 4, 12870
29260, 16032, 54.79, 252, 68.48, 4, 12870
29261, 16032, 54.79, 252, 68.48, 4, 12871
29262, 16033, 54.79, 252, 68.48, 4, 12871
29263, 16033, 54.79, 252, 68.48, 4, 12872
29264, 16034, 54.79, 252, 68.48, 4, 12872
29265, 16034, 54.79, 252, 68.48, 4, 12873
29266, 16034, 54.79, 252, 68.48, 4, 12874
29267, 16034, 54.79, 252, 68.48, 4, 12875
29268, 16035, 54.79, 252, 68.48, 4, 12875
29269, 16036, 54.79, 252, 68.48, 4, 12875
29270, 16037, 54.79, 252, 68.48, 4, 12875
29271, 16037, 54.79, 252, 68.48, 4, 12876
29272, 16037, 54.79, 252, 68.48, 4, 12877
29273, 16037, 54.78, 252, 68.48, 4, 12878
29274, 16037, 54.78, 252, 68.48, 4, 12879
29275, 16037, 54.78, 252, 68.48, 4, 12880
29276, 16037, 54.78, 252, 68.48, 4, 12881
29277, 16037, 54.78, 252, 68.48, 4, 12882
29278, 16038, 54.78, 252, 68.48, 4, 12882
29279, 16038, 54.78, 252, 68.48, 4, 12882
29280, 16039, 54.78, 252, 68.48, 4, 12882
29281, 16040, 54.78, 252, 68.48, 4, 12882
29282, 16041, 54.78, 252, 68.48, 4, 12882
29283, 16042, 54.78, 252, 68.48, 4, 12882
29284, 16042, 54.78, 252, 68.48, 4, 12883
29285, 16043, 54.78, 252, 68.48, 4, 12883
29286, 16044, 54.78, 252, 68.48, 4, 12883
29287, 16045, 54.79, 252, 68.48, 4, 12883
29288, 16045, 54.78, 252, 68.48, 4, 12884
29289, 16046, 54.79, 252, 68.48, 4, 12884
29290, 16047, 54.79, 252, 68.48, 4, 12884
29291, 16047, 54.78, 252, 68.48, 4, 12885
29292, 16047, 54.78, 252, 68.48, 4, 12886
29293, 16047, 54.78, 252, 68.48, 4, 12887
29294, 16048, 54.78, 252, 68.48, 4, 12887
29295, 16049, 54.78, 252, 68.48, 4, 12887
29296, 16049, 54.78, 252, 68.48, 4, 12888
29297, 16049, 54.78, 252, 68.48, 4, 12889
29298, 16050, 54.78, 252, 68.48, 4, 12889
29299, 16051, 54.78, 252, 68.48, 4, 12889
29300, 16052, 54.78, 252, 68.48, 4, 12889
29301, 16053, 54.79, 252, 68.48, 4, 12889
29302, 16053, 54.78, 252, 68.48, 4, 12890
29303, 16054, 54.79, 252, 68.48, 4, 12890
29304, 16055, 54.79, 252, 68.48, 4, 12890
29305, 16055, 54.79, 252, 68.48, 4, 12891
29306, 16056, 54.79, 252, 68.48, 4, 12891
29307, 16057, 54.79, 252, 68.48, 4, 12891
29308, 16057, 54.79, 252, 68.48, 4, 12892
29309, 16058, 54.79, 252, 68.48, 4, 12892
29310, 16058, 54.79, 252, 68.48, 4, 12893
29311, 16058, 54.78, 252, 68.48, 4, 12894
29312, 16058, 54.78, 252, 68.48, 4, 12895
29313, 16059, 54.78, 252, 68.48, 4, 12895
29314, 16060, 54.79, 252, 68.48, 4, 12895
29315, 16060, 54.78, 252, 68.48, 4, 12896
29316, 16061, 54.79, 252, 68.48, 4, 12896
29317, 16062, 54.79, 252, 68.48, 4, 12896
29318, 16063, 54.79, 252, 68.48, 4, 12896
29319, 16063, 54.79, 252, 68.48, 4, 12897
29320, 16064, 54.79, 252, 68.48, 4, 12897
29321, 16065, 54.79, 252, 68.48, 4, 12897
29322, 16065, 54.79, 252, 68.48, 4, 12898
29323, 16065, 54.79, 252, 68.48, 4, 12899
29324, 16066, 54.79, 252, 68.48, 4, 12899
29325, 16067, 54.79, 252, 68.48, 4, 12899
29326, 16068, 54.79, 252, 68.48, 4, 12899
29327, 16069, 54.79, 252, 68.48, 4, 12899
29328, 16070, 54.79, 252, 68.48, 4, 12899
29329, 16070, 54.79, 252, 68.48, 4, 12900
29330, 16071, 54.79, 252, 68.48, 4, 12900
29331, 16072, 54.80, 252, 68.48, 4, 12900
29332, 16072, 54.79, 252, 68.48, 4, 12901
29333, 16072, 54.79, 252, 68.48, 4, 12902
29334, 16072, 54.79, 252, 68.48, 4, 12902
29335, 16072, 54.79, 252, 68.48, 4, 12903
29336, 16072, 54.79, 252, 68.48, 4, 12904
29337, 16072, 54.78, 252, 68.48, 4, 12905
29338, 16072, 54.78, 252, 68.48, 4, 12906
29339, 16072, 54.78, 252, 68.48, 4, 12907
29340, 16073, 54.78, 252, 68.48, 4, 12907
29341, 16074, 54.78, 252, 68.48, 4, 12907
29342, 16074, 54.78, 252, 68.48, 4, 12908
29343, 16074, 54.78, 252, 68.48, 4, 12909
29344, 16074, 54.78, 252, 68.48, 4, 12910
29345, 16075, 54.78, 252, 68.48, 4, 12910
29346, 16075, 54.78, 252, 68.48, 4, 12911
29347, 16075, 54.78, 252, 68.48, 4, 12912
29348, 16076, 54.78, 252, 68.48, 4, 12912
29349, 16076, 54.78, 252, 68.48, 4, 12913
29350, 16077, 54.78, 252, 68.48, 4, 12913
29351, 16077, 54.77, 252, 68.48, 4, 12914
29352, 16078, 54.78, 252, 68.48, 4, 12914
29353, 16078, 54.77, 252, 68.48, 4, 12915
29354, 16079, 54.78, 252, 68.48, 4, 12915
29355, 16079, 54.77, 252, 68.48, 4, 12916
29356, 16080, 54.78, 252, 68.48, 4, 12916
29357, 16081, 54.78, 252, 68.48, 4, 12916
29358, 16082, 54.78, 252, 68.48, 4, 12916
29359, 16082, 54.78, 252, 68.48, 4, 12917
29360, 16083, 54.78, 252, 68.48, 4, 12917
29361, 16083, 54.78, 252, 68.48, 4, 12918
29362, 16083, 54.77, 252, 68.48, 4, 12919
29363, 16084, 54.78, 252, 68.48, 4, 12919
29364, 16085, 54.78, 252, 68.48, 4, 12919
29365, 16086, 54.78, 252, 68.48, 4, 12919
29366, 16086, 54.78, 252, 68.48, 4, 12920
29367, 16087, 54.78, 252, 68.48, 4, 12920
29368, 16088, 54.78, 252, 68.48, 4, 12920
29369, 16088, 54.78, 252, 68.48, 4, 12921
29370, 16088, 54.78, 252, 68.48, 4, 12922
29371, 16088, 54.78, 252, 68.48, 4, 12923
29372, 16089, 54.78, 252, 68.48, 4, 12923
29373, 16089, 54.77, 252, 68.48, 4, 12924
29374, 16090, 54.78, 252, 68.48, 4, 12924
29375, 16090, 54.77, 252, 68.48, 4, 12925
29376, 16091, 54.78, 252, 68.48, 4, 12925
29377, 16092, 54.78, 252, 68.48, 4, 12925
29378, 16093, 54.78, 252, 68.48, 4, 12925
29379, 16093, 54.78, 252, 68.48, 4, 12926
29380, 16094, 54.78, 252, 68.48, 4, 12926
29381, 16095, 54.78, 252, 68.48, 4, 12926
29382, 16095, 54.78, 252, 68.48, 4, 12927
29383, 16096, 54.78, 252, 68.48, 4, 12927
29384, 16096, 54.78, 252, 68.48, 4, 12928
29385, 16097, 54.78, 252, 68.48, 4, 12928
29386, 16098, 54.78, 252, 68.48, 4, 12928
29387, 16098, 54.78, 252, 68.48, 4, 12929
29388, 16098, 54.78, 252, 68.48, 4, 12929
29389, 16098, 54.78, 252, 68.48, 4, 12930
29390, 16098, 54.77, 252, 68.48, 4, 12931
29391, 16098, 54.77, 252, 68.48, 4, 12932
29392, 16099, 54.77, 252, 68.48, 4, 12932
29393, 16100, 54.77, 252, 68.48, 4, 12932
29394, 16100, 54.77, 252, 68.48, 4, 12933
29395, 16100, 54.77, 252, 68.48, 4, 12934
29396, 16100, 54.77, 252, 68.48, 4, 12935
29397, 16100, 54.77, 252, 68.48, 4, 12936
29398, 16101, 54.77, 252, 68.48, 4, 12936
29399, 16102, 54.77, 252, 68.48, 4, 12936
29400, 16102, 54.77, 252, 68.48, 4, 12937
29401, 16102, 54.77, 252, 68.48, 4, 12938
29402, 16103, 54.77, 252, 68.48, 4, 12938
29403, 16104, 54.77, 252, 68.48, 4, 12938
29404, 16105, 54.77, 252, 68.48, 4, 12938
29405, 16106, 54.77, 252, 68.48, 4, 12938
29406, 16107, 54.77, 252, 68.48, 4, 12938
29407, 16107, 54.77, 252, 68.48, 4, 12939
29408, 16108, 54.77, 252, 68.48, 4, 12939
29409, 16108, 54.77, 252, 68.48, 4, 12940
29410, 16108, 54.77, 252, 68.48, 4, 12941
29411, 16109, 54.77, 252, 68.48, 4, 12941
29412, 16110, 54.77, 252, 68.48, 4, 12941
29413, 16110, 54.77, 252, 68.48, 4, 12942
29414, 16111, 54.77, 252, 68.48, 4, 12942
29415, 16112, 54.77, 252, 68.48, 4, 12942
29416, 16113, 54.78, 252, 68.48, 4, 12942
29417, 16114, 54.78, 252, 68.48, 4, 12942
29418, 16115, 54.78, 252, 68.48, 4, 12942
29419, 16116, 54.78, 252, 68.48, 4, 12942
29420, 16117, 54.78, 252, 68.48, 4, 12942
29421, 16118, 54.78, 252, 68.48, 4, 12942
29422, 16119, 54.79, 252, 68.48, 4, 12942
29423, 16119, 54.78, 252, 68.48, 4, 12943
29424, 16120, 54.79, 252, 68.48, 4, 12943
29425, 16120, 54.78, 252, 68.48, 4, 12944
29426, 16120, 54.78, 252, 68.48, 4, 12945
29427, 16120, 54.78, 252, 68.48, 4, 12946
29428, 16121, 54.78, 252, 68.48, 4, 12946
29429, 16122, 54.78, 252, 68.48, 4, 12946
29430, 16122, 54.78, 252, 68.48, 4, 12947
29431, 16123, 54.78, 252, 68.48, 4, 12947
29432, 16123, 54.78, 252, 68.48, 4, 12948
29433, 16123, 54.78, 252, 68.48, 4, 12949
29434, 16124, 54.78, 252, 68.48, 4, 12949
29435, 16124, 54.78, 252, 68.48, 4, 12950
29436, 16125, 54.78, 252, 68.48, 4, 12950
29437, 16126, 54.78, 252, 68.48, 4, 12950
29438, 16127, 54.78, 252, 68.48, 4, 12950
29439, 16128, 54.78, 252, 68.48, 4, 12950
29440, 16129, 54.79, 252, 68.48, 4, 12950
29441, 16130, 54.79, 252, 68.48, 4, 12950
29442, 16130, 54.79, 252, 68.48, 4, 12951
29443, 16131, 54.79, 252, 68.48, 4, 12951
29444, 16131, 54.79, 252, 68.48, 4, 12952
29445, 16132, 54.79, 252, 68.48, 4, 12952
29446, 16132, 54.79, 252, 68.48, 4, 12953
29447, 16132, 54.78, 252, 68.48, 4, 12954
29448, 16132, 54.78, 252, 68.48, 4, 12955
29449, 16132, 54.78, 252, 68.48, 4, 12956
29450, 16132, 54.78, 252, 68.48, 4, 12957
29451, 16133, 54.78, 252, 68.48, 4, 12957
29452, 16134, 54.78, 252, 68.48, 4, 12957
29453, 16135, 54.78, 252, 68.48, 4, 12957
29454, 16136, 54.78, 252, 68.48, 4, 12957
29455, 16137, 54.79, 252, 68.48, 4, 12957
29456, 16138, 54.79, 252, 68.48, 4, 12957
29457, 16139, 54.79, 252, 68.48, 4, 12957
29458, 16139, 54.79, 252, 68.48, 4, 12958
29459, 16140, 54.79, 252, 68.48, 4, 12958
29460, 16141, 54.79, 252, 68.48, 4, 12958
29461, 16142, 54.79, 252, 68.48, 4, 12958
29462, 16143, 54.79, 252, 68.48, 4, 12958
29463, 16144, 54.79, 252, 68.48, 4, 12958
29464, 16145, 54.80, 252, 68.48, 4, 12958
29465, 16146, 54.80, 252, 68.48, 4, 12958
29466, 16147, 54.80, 252, 68.48, 4, 12958
29467, 16147, 54.80, 252, 68.48, 4, 12959
29468, 16148, 54.80, 252, 68.48, 4, 12959
29469, 16149, 54.80, 252, 68.48, 4, 12959
29470, 16149, 54.80, 252, 68.48, 4, 12960
29471, 16149, 54.80, 252, 68.48, 4, 12961
29472, 16150, 54.80, 252, 68.48, 4, 12961
29473, 16150, 54.80, 252, 68.48, 4, 12962
29474, 16151, 54.80, 252, 68.48, 4, 12962
29475, 16152, 54.80, 252, 68.48, 4, 12962
29476, 16153, 54.80, 252, 68.48, 4, 12962
29477, 16153, 54.80, 252, 68.48, 4, 12963
29478, 16153, 54.80, 252, 68.48, 4, 12964
29479, 16154, 54.80, 252, 68.48, 4, 12964
29480, 16155, 54.80, 252, 68.48, 4, 12964
29481, 16156, 54.80, 252, 68.48, 4, 12964
29482, 16157, 54.80, 252, 68.48, 4, 12964
29483, 16157, 54.80, 252, 68.48, 4, 12965
29484, 16158, 54.80, 252, 68.48, 4, 12965
29485, 16158, 54.80, 252, 68.48, 4, 12966
29486, 16159, 54.80, 252, 68.48, 4, 12966
29487, 16159, 54.80, 252, 68.48, 4, 12967
29488, 16159, 54.80, 252, 68.48, 4, 12968
29489, 16160, 54.80, 252, 68.48, 4, 12968
29490, 16161, 54.80, 252, 68.48, 4, 12968
29491, 16162, 54.80, 252, 68.48, 4, 12968
29492, 16163, 54.80, 252, 68.48, 4, 12968
29493, 16164, 54.81, 252, 68.48, 4, 12968
29494, 16165, 54.81, 252, 68.48, 4, 12968
29495, 16165, 54.81, 252, 68.48, 4, 12969
29496, 16166, 54.81, 252, 68.48, 4, 12969
29497, 16167, 54.81, 252, 68.48, 4, 12969
29498, 16167, 54.81, 252, 68.48, 4, 12970
29499, 16167, 54.81, 252, 68.48, 4, 12971
29500, 16167, 54.80, 252, 68.48, 4, 12972
29501, 16168, 54.80, 252, 68.48, 4, 12972
29502, 16168, 54.80, 252, 68.48, 4, 12973
29503, 16169, 54.80, 252, 68.48, 4, 12973
29504, 16170, 54.81, 252, 68.48, 4, 12973
29505, 16171, 54.81, 252, 68.48, 4, 12973
29506, 16172, 54.81, 252, 68.48, 4, 12973
29507, 16173, 54.81, 252, 68.48, 4, 12973
29508, 16173, 54.81, 252, 68.48, 4, 12974
29509, 16174, 54.81, 252, 68.48, 4, 12974
29510, 16175, 54.81, 252, 68.48, 4, 12974
29511, 16176, 54.81, 252, 68.48, 4, 12974
29512, 16177, 54.81, 252, 68.48, 4, 12974
29513, 16178, 54.82, 252, 68.48, 4, 12974
29514, 16179, 54.82, 252, 68.48, 4, 12974
29515, 16180, 54.82, 252, 68.48, 4, 12974
29516, 16180, 54.82, 252, 68.48, 4, 12975
29517, 16181, 54.82, 252, 68.48, 4, 12975
29518, 16181, 54.82, 252, 68.48, 4, 12976
29519, 16182, 54.82, 252, 68.48, 4, 12976
29520, 16182, 54.82, 252, 68.48, 4, 12977
29521, 16182, 54.82, 252, 68.48, 4, 12978
29522, 16182, 54.81, 252, 68.48, 4, 12979
29523, 16182, 54.81, 252, 68.48, 4, 12980
29524, 16182, 54.81, 252, 68.48, 4, 12981
29525, 16183, 54.81, 252, 68.48, 4, 12981
29526, 16183, 54.81, 252, 68.48, 4, 12982
29527, 16183, 54.81, 252, 68.48, 4, 12983
29528, 16184, 54.81, 252, 68.48, 4, 12983
29529, 16185, 54.81, 252, 68.48, 4, 12983
29530, 16185, 54.81, 252, 68.48, 4, 12984
29531, 16186, 54.81, 252, 68.48, 4, 12984
29532, 16186, 54.81, 252, 68.48, 4, 12985
29533, 16187, 54.81, 252, 68.48, 4, 12985
29534, 16187, 54.81, 252, 68.48, 4, 12986
29535, 16187, 54.81, 252, 68.48, 4, 12987
29536, 16188, 54.81, 252, 68.48, 4, 12987
29537, 16188, 54.81, 252, 68.48, 4, 12988
29538, 16189, 54.81, 252, 68.48, 4, 12988
29539, 16189, 54.81, 252, 68.48, 4, 12989
29540, 16190, 54.81, 252, 68.48, 4, 12989
29541, 16190, 54.81, 252, 68.48, 4, 12990
29542, 16190, 54.80, 252, 68.48, 4, 12991
29543, 16190, 54.80, 252, 68.48, 4, 12992
29544, 16191, 54.80, 252, 68.48, 4, 12992
29545, 16191, 54.80, 252, 68.48, 4, 12993
29546, 16192, 54.80, 252, 68.48, 4, 12993
29547, 16193, 54.80, 252, 68.48, 4, 12993
29548, 16194, 54.81, 252, 68.48, 4, 12993
29549, 16195, 54.81, 252, 68.48, 4, 12993
29550, 16196, 54.81, 252, 68.48, 4, 12993
29551, 16197, 54.81, 252, 68.48, 4, 12993
29552, 16198, 54.81, 252, 68.48, 4, 12993
29553, 16198, 54.81, 252, 68.48, 4, 12994
29554, 16199, 54.81, 252, 68.48, 4, 12994
29555, 16200, 54.81, 252, 68.48, 4, 12994
29556, 16200, 54.81, 252, 68.48, 4, 12995
29557, 16201, 54.81, 252, 68.48, 4, 12995
29558, 16201, 54.81, 252, 68.48, 4, 12996
29559, 16202, 54.81, 252, 68.48, 4, 12996
29560, 16203, 54.81, 252, 68.48, 4, 12996
29561, 16203, 54.81, 252, 68.48, 4, 12997
29562, 16204, 54.81, 252, 68.48, 4, 12997
29563, 16204, 54.81, 252, 68.48, 4, 12998
29564, 16205, 54.81, 252, 68.48, 4, 12998
29565, 16206, 54.81, 252, 68.48, 4, 12998
29566, 16207, 54.82, 252, 68.48, 4, 12998
29567, 16208, 54.82, 252, 68.48, 4, 12998
29568, 16208, 54.82, 252, 68.48, 4, 12999
29569, 16208, 54.81, 252, 68.48, 4, 13000
29570, 16209, 54.82, 252, 68.48, 4, 13000
29571, 16210, 54.82, 252, 68.48, 4, 13000
29572, 16211, 54.82, 252, 68.48, 4, 13000
29573, 16212, 54.82, 252, 68.48, 4, 13000
29574, 16213, 54.82, 252, 68.48, 4, 13000
29575, 16213, 54.82, 252, 68.48, 4, 13001
29576, 16213, 54.82, 252, 68.48, 4, 13002
29577, 16214, 54.82, 252, 68.48, 4, 13002
29578, 16214, 54.82, 252, 68.48, 4, 13003
29579, 16215, 54.82, 252, 68.48, 4, 13003
29580, 16216, 54.82, 252, 68.48, 4, 13003
29581, 16217, 54.82, 252, 68.48, 4, 13003
29582, 16218, 54.82, 252, 68.48, 4, 13003
29583, 16219, 54.83, 252, 68.48, 4, 13003
29584, 16219, 54.82, 252, 68.48, 4, 13004
29585, 16219, 54.82, 252, 68.48, 4, 13005
29586, 16220, 54.82, 252, 68.48, 4, 13005
29587, 16220, 54.82, 252, 68.48, 4, 13006
29588, 16221, 54.82, 252, 68.48, 4, 13006
29589, 16221, 54.82, 252, 68.48, 4, 13007
29590, 16222, 54.82, 252, 68.48, 4, 13007
29591, 16223, 54.82, 252, 68.48, 4, 13007
29592, 16223, 54.82, 252, 68.48, 4, 13008
29593, 16224, 54.82, 252, 68.48, 4, 13008
29594, 16225, 54.83, 252, 68.48, 4, 13008
29595, 16225, 54.82, 252, 68.48, 4, 13009
29596, 16225, 54.82, 252, 68.48, 4, 13010
29597, 16225, 54.82, 252, 68.48, 4, 13011
29598, 16226, 54.82, 252, 68.48, 4, 13011
29599, 16226, 54.82, 252, 68.48, 4, 13012
29600, 16226, 54.82, 252, 68.48, 4, 13013
29601, 16227, 54.82, 252, 68.48, 4, 13013
29602, 16227, 54.82, 252, 68.48, 4, 13014
29603, 16228, 54.82, 252, 68.48, 4, 13014
29604, 16228, 54.82, 252, 68.48, 4, 13015
29605, 16229, 54.82, 252, 68.48, 4, 13015
29606, 16229, 54.82, 252, 68.48, 4, 13016
29607, 16230, 54.82, 252, 68.48, 4, 13016
29608, 16231, 54.82, 252, 68.48, 4, 13016
29609, 16231, 54.82, 252, 68.48, 4, 13017
29610, 16231, 54.82, 252, 68.48, 4, 13018
29611, 16232, 54.82, 252, 68.48, 4, 13018
29612, 16232, 54.82, 252, 68.48, 4, 13019
29613, 16232, 54.81, 252, 68.48, 4, 13020
29614, 16232, 54.81, 252, 68.48, 4, 13021
29615, 16233, 54.81, 252, 68.48, 4, 13021
29616, 16234, 54.81, 252, 68.48, 4, 13021
29617, 16235, 54.82, 252, 68.48, 4, 13021
29618, 16236, 54.82, 252, 68.48, 4, 13021
29619, 16236, 54.82, 252, 68.48, 4, 13022
29620, 16236, 54.81, 252, 68.48, 4, 13023
29621, 16237, 54.82, 252, 68.48, 4, 13023
29622, 16237, 54.81, 252, 68.48, 4, 13024
29623, 16237, 54.81, 252, 68.48, 4, 13025
29624, 16237, 54.81, 252, 68.48, 4, 13026
29625, 16238, 54.81, 252, 68.48, 4, 13026
29626, 16239, 54.81, 252, 68.48, 4, 13026
29627, 16239, 54.81, 252, 68.48, 4, 13027
29628, 16239, 54.81, 252, 68.48, 4, 13028
29629, 16240, 54.81, 252, 68.48, 4, 13028
29630, 16241, 54.81, 252, 68.48, 4, 13028
29631, 16241, 54.81, 252, 68.48, 4, 13029
29632, 16242, 54.81, 252, 68.48, 4, 13029
29633, 16242, 54.81, 252, 68.48, 4, 13030
29634, 16242, 54.81, 252, 68.48, 4, 13031
29635, 16243, 54.81, 252, 68.48, 4, 13031
29636, 16243, 54.81, 252, 68.48, 4, 13032
29637, 16243, 54.81, 252, 68.48, 4, 13033
29638, 16244, 54.81, 252, 68.48, 4, 13033
29639, 16244, 54.81, 252, 68.48, 4, 13034
29640, 16245, 54.81, 252, 68.48, 4, 13034
29641, 16246, 54.81, 252, 68.48, 4, 13034
29642, 16247, 54.81, 252, 68.48, 4, 13034
29643, 16248, 54.81, 252, 68.48, 4, 13034
29644, 16249, 54.81, 252, 68.48, 4, 13034
29645, 16249, 54.81, 252, 68.48, 4, 13035
29646, 16250, 54.81, 252, 68.48, 4, 13035
29647, 16250, 54.81, 252, 68.48, 4, 13036
29648, 16251, 54.81, 252, 68.48, 4, 13036
29649, 16251, 54.81, 252, 68.48, 4, 13037
29650, 16251, 54.81, 252, 68.48, 4, 13038
29651, 16252, 54.81, 252, 68.48, 4, 13038
29652, 16252, 54.81, 252, 68.48, 4, 13039
29653, 16252, 54.81, 252, 68.48, 4, 13040
29654, 16253, 54.81, 252, 68.48, 4, 13040
29655, 16254, 54.81, 252, 68.48, 4, 13040
29656, 16254, 54.81, 252, 68.48, 4, 13041
29657, 16254, 54.81, 252, 68.48, 4, 13042
29658, 16255, 54.81, 252, 68.48, 4, 13042
29659, 16256, 54.81, 252, 68.48, 4, 13042
29660, 16257, 54.81, 252, 68.48, 4, 13042
29661, 16257, 54.81, 252, 68.48, 4, 13043
29662, 16257, 54.81, 252, 68.48, 4, 13044
29663, 16258, 54.81, 252, 68.48, 4, 13044
29664, 16258, 54.81, 252, 68.48, 4, 13045
29665, 16259, 54.81, 252, 68.48, 4, 13045
29666, 16259, 54.81, 252, 68.48, 4, 13046
29667, 16260, 54.81, 252, 68.48, 4, 13046
29668, 16261, 54.81, 252, 68.48, 4, 13046
29669, 16262, 54.81, 252, 68.48, 4, 13046
29670, 16263, 54.81, 252, 68.48, 4, 13046
29671, 16264, 54.81, 252, 68.48, 4, 13046
29672, 16265, 54.82, 252, 68.48, 4, 13046
29673, 16265, 54.81, 252, 68.48, 4, 13047
29674, 16265, 54.81, 252, 68.48, 4, 13048
29675, 16265, 54.81, 252, 68.48, 4, 13049
29676, 16265, 54.81, 252, 68.48, 4, 13050
29677, 16265, 54.81, 252, 68.48, 4, 13051
29678, 16266, 54.81, 252, 68.48, 4, 13051
29679, 16267, 54.81, 252, 68.48, 4, 13051
29680, 16268, 54.81, 252, 68.48, 4, 13051
29681, 16269, 54.81, 252, 68.48, 4, 13051
29682, 16269, 54.81, 252, 68.48, 4, 13052
29683, 16270, 54.81, 252, 68.48, 4, 13052
29684, 16271, 54.81, 252, 68.48, 4, 13052
29685, 16272, 54.82, 252, 68.48, 4, 13052
29686, 16272, 54.81, 252, 68.48, 4, 13053
29687, 16272, 54.81, 252, 68.48, 4, 13054
29688, 16272, 54.81, 252, 68.48, 4, 13055
29689, 16273, 54.81, 252, 68.48, 4, 13055
29690, 16273, 54.81, 252, 68.48, 4, 13056
29691, 16274, 54.81, 252, 68.48, 4, 13056
29692, 16275, 54.81, 252, 68.48, 4, 13056
29693, 16276, 54.81, 252, 68.48, 4, 13056
29694, 16277, 54.82, 252, 68.48, 4, 13056
29695, 16277, 54.81, 252, 68.48, 4, 13057
29696, 16277, 54.81, 252, 68.48, 4, 13058
29697, 16278, 54.81, 252, 68.48, 4, 13058
29698, 16279, 54.82, 252, 68.48, 4, 13058
29699, 16280, 54.82, 252, 68.48, 4, 13058
29700, 16280, 54.81, 252, 68.48, 4, 13059
29701, 16280, 54.81, 252, 68.48, 4, 13060
29702, 16281, 54.81, 252, 68.48, 4, 13060
29703, 16281, 54.81, 252, 68.48, 4, 13061
29704, 16282, 54.81, 252, 68.48, 4, 13061
29705, 16283, 54.82, 252, 68.48, 4, 13061
29706, 16283, 54.81, 252, 68.48, 4, 13062
29707, 16284, 54.82, 252, 68.48, 4, 13062
29708, 16285, 54.82, 252, 68.48, 4, 13062
29709, 16286, 54.82, 252, 68.48, 4, 13062
29710, 16287, 54.82, 252, 68.48, 4, 13062
29711, 16288, 54.82, 252, 68.48, 4, 13062
29712, 16289, 54.82, 252, 68.48, 4, 13062
29713, 16289, 54.82, 252, 68.48, 4, 13063
29714, 16290, 54.82, 252, 68.48, 4, 13063
29715, 16290, 54.82, 252, 68.48, 4, 13064
29716, 16291, 54.82, 252, 68.48, 4, 13064
29717, 16291, 54.82, 252, 68.48, 4, 13065
29718, 16291, 54.82, 252, 68.48, 4, 13066
29719, 16292, 54.82, 252, 68.48, 4, 13066
29720, 16293, 54.82, 252, 68.48, 4, 13066
29721, 16294, 54.82, 252, 68.48, 4, 13066
29722, 16294, 54.82, 252, 68.48, 4, 13067
29723, 16294, 54.82, 252, 68.48, 4, 13068
29724, 16294, 54.82, 252, 68.48, 4, 13069
29725, 16295, 54.82, 252, 68.48, 4, 13069
29726, 16296, 54.82, 252, 68.48, 4, 13069
29727, 16297, 54.82, 252, 68.48, 4, 13069
29728, 16297, 54.82, 252, 68.48, 4, 13070
29729, 16298, 54.82, 252, 68.48, 4, 13070
29730, 16299, 54.82, 252, 68.48, 4, 13070
29731, 16299, 54.82, 252, 68.48, 4, 13071
29732, 16299, 54.82, 252, 68.48, 4, 13072
29733, 16299, 54.82, 252, 68.48, 4, 13073
29734, 16299, 54.82, 252, 68.48, 4, 13074
29735, 16300, 54.82, 252, 68.48, 4, 13074
29736, 16301, 54.82, 252, 68.48, 4, 13074
29737, 16302, 54.82, 252, 68.48, 4, 13074
29738, 16303, 54.82, 252, 68.48, 4, 13074
29739, 16304, 54.82, 252, 68.48, 4, 13074
29740, 16304, 54.82, 252, 68.48, 4, 13075
29741, 16305, 54.82, 252, 68.48, 4, 13075
29742, 16306, 54.82, 252, 68.48, 4, 13075
29743, 16307, 54.83, 252, 68.48, 4, 13075
29744, 16308, 54.83, 252, 68.48, 4, 13075
29745, 16309, 54.83, 252, 68.48, 4, 13075
29746, 16310, 54.83, 252, 68.48, 4, 13075
29747, 16311, 54.83, 252, 68.48, 4, 13075
29748, 16311, 54.83, 252, 68.48, 4, 13076
29749, 16312, 54.83, 252, 68.48, 4, 13076
29750, 16312, 54.83, 252, 68.48, 4, 13077
29751, 16312, 54.83, 252, 68.48, 4, 13078
29752, 16313, 54.83, 252, 68.48, 4, 13078
29753, 16313, 54.83, 252, 68.48, 4, 13079
29754, 16314, 54.83, 252, 68.48, 4, 13079
29755, 16314, 54.83, 252, 68.48, 4, 13080
29756, 16315, 54.83, 252, 68.48, 4, 13080
29757, 16315, 54.83, 252, 68.48, 4, 13081
29758, 16316, 54.83, 252, 68.48, 4, 13081
29759, 16317, 54.83, 252, 68.48, 4, 13081
29760, 16318, 54.83, 252, 68.48, 4, 13081
29761, 16318, 54.83, 252, 68.48, 4, 13082
29762, 16319, 54.83, 252, 68.48, 4, 13082
29763, 16319, 54.83, 252, 68.48, 4, 13083
29764, 16320, 54.83, 252, 68.48, 4, 13083
29765, 16321, 54.83, 252, 68.48, 4, 13083
29766, 16322, 54.83, 252, 68.48, 4, 13083
29767, 16323, 54.84, 252, 68.48, 4, 13083
29768, 16323, 54.83, 252, 68.48, 4, 13084
29769, 16323, 54.83, 252, 68.48, 4, 13085
29770, 16324, 54.83, 252, 68.48, 4, 13085
29771, 16325, 54.84, 252, 68.48, 4, 13085
29772, 16326, 54.84, 252, 68.48, 4, 13085
29773, 16327, 54.84, 252, 68.48, 4, 13085
29774, 16328, 54.84, 252, 68.48, 4, 13085
29775, 16328, 54.84, 252, 68.48, 4, 13086
29776, 16328, 54.84, 252, 68.48, 4, 13087
29777, 16329, 54.84, 252, 68.48, 4, 13087
29778, 16329, 54.84, 252, 68.48, 4, 13088
29779, 16330, 54.84, 252, 68.48, 4, 13088
29780, 16330, 54.84, 252, 68.48, 4, 13089
29781, 16331, 54.84, 252, 68.48, 4, 13089
29782, 16332, 54.84, 252, 68.48, 4, 13089
29783, 16333, 54.84, 252, 68.48, 4, 13089
29784, 16334, 54.84, 252, 68.48, 4, 13089
29785, 16334, 54.84, 252, 68.48, 4, 13090
29786, 16334, 54.84, 252, 68.48, 4, 13091
29787, 16335, 54.84, 252, 68.48, 4, 13091
29788, 16336, 54.84, 252, 68.48, 4, 13091
29789, 16337, 54.84, 252, 68.48, 4, 13091
29790, 16338, 54.84, 252, 68.48, 4, 13091
29791, 16338, 54.84, 252, 68.48, 4, 13092
29792, 16339, 54.84, 252, 68.48, 4, 13092
29793, 16339, 54.84, 252, 68.48, 4, 13093
29794, 16339, 54.84, 252, 68.48, 4, 13094
29795, 16340, 54.84, 252, 68.48, 4, 13094
29796, 16340, 54.84, 252, 68.48, 4, 13095
29797, 16340, 54.84, 252, 68.48, 4, 13096
29798, 16340, 54.84, 252, 68.48, 4, 13097
29799, 16341, 54.84, 252, 68.48, 4, 13097
29800, 16342, 54.84, 252, 68.48, 4, 13097
29801, 16342, 54.84, 252, 68.48, 4, 13098
29802, 16342, 54.84, 252, 68.48, 4, 13099
29803, 16342, 54.83, 252, 68.48, 4, 13100
29804, 16342, 54.83, 252, 68.48, 4, 13101
29805, 16342, 54.83, 252, 68.48, 4, 13102
29806, 16342, 54.83, 252, 68.48, 4, 13103
29807, 16342, 54.83, 252, 68.48, 4, 13104
29808, 16342, 54.82, 252, 68.48, 4, 13105
29809, 16342, 54.82, 252, 68.48, 4, 13106
29810, 16343, 54.82, 252, 68.48, 4, 13106
29811, 16344, 54.83, 252, 68.48, 4, 13106
29812, 16345, 54.83, 252, 68.48, 4, 13106
29813, 16345, 54.83, 252, 68.48, 4, 13107
29814, 16345, 54.82, 252, 68.48, 4, 13108
29815, 16345, 54.82, 252, 68.48, 4, 13109
29816, 16346, 54.82, 252, 68.48, 4, 13109
29817, 16346, 54.82, 252, 68.48, 4, 13110
29818, 16347, 54.82, 252, 68.48, 4, 13110
29819, 16348, 54.82, 252, 68.48, 4, 13110
29820, 16348, 54.82, 252, 68.48, 4, 13111
29821, 16349, 54.82, 252, 68.48, 4, 13111
29822, 16350, 54.83, 252, 68.48, 4, 13111
29823, 16351, 54.83, 252, 68.48, 4, 13111
29824, 16352, 54.83, 252, 68.48, 4, 13111
29825, 16352, 54.83, 252, 68.48, 4, 13112
29826, 16352, 54.82, 252, 68.48, 4, 13113
29827, 16353, 54.83, 252, 68.48, 4, 13113
29828, 16353, 54.82, 252, 68.48, 4, 13114
29829, 16353, 54.82, 252, 68.48, 4, 13115
29830, 16354, 54.82, 252, 68.48, 4, 13115
29831, 16354, 54.82, 252, 68.48, 4, 13116
29832, 16355, 54.82, 252, 68.48, 4, 13116
29833, 16356, 54.83, 252, 68.48, 4, 13116
29834, 16356, 54.82, 252, 68.48, 4, 13117
29835, 16356, 54.82, 252, 68.48, 4, 13118
29836, 16357, 54.82, 252, 68.48, 4, 13118
29837, 16358, 54.82, 252, 68.48, 4, 13118
29838, 16359, 54.83, 252, 68.48, 4, 13118
29839, 16359, 54.82, 252, 68.48, 4, 13119
29840, 16360, 54.83, 252, 68.48, 4, 13119
29841, 16360, 54.82, 252, 68.48, 4, 13120
29842, 16361, 54.83, 252, 68.48, 4, 13120
29843, 16362, 54.83, 252, 68.48, 4, 13120
29844, 16363, 54.83, 252, 68.48, 4, 13120
29845, 16363, 54.83, 252, 68.48, 4, 13121
29846, 16364, 54.83, 252, 68.48, 4, 13121
29847, 16364, 54.83, 252, 68.48, 4, 13122
29848, 16364, 54.82, 252, 68.48, 4, 13123
29849, 16365, 54.83, 252, 68.48, 4, 13123
29850, 16366, 54.83, 252, 68.48, 4, 13123
29851, 16367, 54.83, 252, 68.48, 4, 13123
29852, 16367, 54.83, 252, 68.48, 4, 13124
29853, 16367, 54.83, 252, 68.48, 4, 13125
29854, 16367, 54.82, 252, 68.48, 4, 13126
29855, 16368, 54.82, 252, 68.48, 4, 13126
29856, 16368, 54.82, 252, 68.48, 4, 13127
29857, 16369, 54.82, 252, 68.48, 4, 13127
29858, 16369, 54.82, 252, 68.48, 4, 13128
29859, 16370, 54.82, 252, 68.48, 4, 13128
29860, 16370, 54.82, 252, 68.48, 4, 13129
29861, 16370, 54.82, 252, 68.48, 4, 13130
29862, 16371, 54.82, 252, 68.48, 4, 13130
29863, 16372, 54.82, 252, 68.48, 4, 13130
29864, 16372, 54.82, 252, 68.48, 4, 13131
29865, 16373, 54.82, 252, 68.48, 4, 13131
29866, 16373, 54.82, 252, 68.48, 4, 13132
29867, 16373, 54.82, 252, 68.48, 4, 13133
29868, 16373, 54.82, 252, 68.48, 4, 13134
29869, 16374, 54.82, 252, 68.48, 4, 13134
29870, 16374, 54.82, 252, 68.48, 4, 13135
29871, 16375, 54.82, 252, 68.48, 4, 13135
29872, 16375, 54.82, 252, 68.48, 4, 13136
29873, 16375, 54.82, 252, 68.48, 4, 13137
29874, 16376, 54.82, 252, 68.48, 4, 13137
29875, 16376, 54.82, 252, 68.48, 4, 13138
29876, 16376, 54.81, 252, 68.48, 4, 13139
29877, 16377, 54.81, 252, 68.48, 4, 13139
29878, 16377, 54.81, 252, 68.48, 4, 13140
29879, 16378, 54.81, 252, 68.48, 4, 13140
29880, 16379, 54.82, 252, 68.48, 4, 13140
29881, 16380, 54.82, 252, 68.48, 4, 13140
29882, 16381, 54.82, 252, 68.48, 4, 13140
29883, 16381, 54.82, 252, 68.48, 4, 13141
29884, 16381, 54.82, 252, 68.48, 4, 13142
29885, 16382, 54.82, 252, 68.48, 4, 13142
29886, 16383, 54.82, 252, 68.48, 4, 13142
29887, 16383, 54.82, 252, 68.48, 4, 13143
29888, 16384, 54.82, 252, 68.48, 4, 13143
29889, 16385, 54.82, 252, 68.48, 4, 13143
29890, 16385, 54.82, 252, 68.48, 4, 13143
29891, 16386, 54.82, 252, 68.48, 4, 13143
29892, 16386, 54.82, 252, 68.48, 4, 13144
29893, 16386, 54.82, 252, 68.48, 4, 13145
29894, 16387, 54.82, 252, 68.48, 4, 13145
29895, 16388, 54.82, 252, 68.48, 4, 13145
29896, 16388, 54.82, 252, 68.48, 4, 13146
29897, 16389, 54.82, 252, 68.48, 4, 13146
29898, 16390, 54.82, 252, 68.48, 4, 13146
29899, 16391, 54.82, 252, 68.48, 4, 13146
29900, 16391, 54.82, 252, 68.48, 4, 13147
29901, 16392, 54.82, 252, 68.48, 4, 13147
29902, 16392, 54.82, 252, 68.48, 4, 13148
29903, 16392, 54.82, 252, 68.48, 4, 13149
29904, 16392, 54.82, 252, 68.48, 4, 13150
29905, 16393, 54.82, 252, 68.48, 4, 13150
29906, 16393, 54.82, 252, 68.48, 4, 13151
29907, 16394, 54.82, 252, 68.48, 4, 13151
29908, 16395, 54.82, 252, 68.48, 4, 13151
29909, 16396, 54.82, 252, 68.48, 4, 13151
29910, 16396, 54.82, 252, 68.48, 4, 13152
29911, 16397, 54.82, 252, 68.48, 4, 13152
29912, 16397, 54.82, 252, 68.48, 4, 13153
29913, 16397, 54.82, 252, 68.48, 4, 13154
29914, 16398, 54.82, 252, 68.48, 4, 13154
29915, 16399, 54.82, 252, 68.48, 4, 13154
29916, 16400, 54.82, 252, 68.48, 4, 13154
29917, 16401, 54.82, 252, 68.48, 4, 13154
29918, 16402, 54.82, 252, 68.48, 4, 13154
29919, 16403, 54.82, 252, 68.48, 4, 13154
29920, 16404, 54.83, 252, 68.48, 4, 13154
29921, 16405, 54.83, 252, 68.48, 4, 13154
29922, 16405, 54.83, 252, 68.48, 4, 13155
29923, 16405, 54.82, 252, 68.48, 4, 13156
29924, 16406, 54.83, 252, 68.48, 4, 13156
29925, 16407, 54.83, 252, 68.48, 4, 13156
29926, 16407, 54.83, 252, 68.48, 4, 13157
29927, 16408, 54.83, 252, 68.48, 4, 13157
29928, 16408, 54.82, 252, 68.48, 4, 13158
29929, 16408, 54.82, 252, 68.48, 4, 13159
29930, 16409, 54.82, 252, 68.48, 4, 13159
29931, 16410, 54.83, 252, 68.48, 4, 13159
29932, 16411, 54.83, 252, 68.48, 4, 13159
29933, 16412, 54.83, 252, 68.48, 4, 13159
29934, 16413, 54.83, 252, 68.48, 4, 13159
29935, 16414, 54.83, 252, 68.48, 4, 13159
29936, 16415, 54.83, 252, 68.48, 4, 13159
29937, 16415, 54.83, 252, 68.48, 4, 13160
29938, 16415, 54.83, 252, 68.48, 4, 13161
29939, 16416, 54.83, 252, 68.48, 4, 13161
29940, 16417, 54.83, 252, 68.48, 4, 13161
29941, 16418, 54.83, 252, 68.48, 4, 13161
29942, 16418, 54.83, 252, 68.48, 4, 13162
29943, 16419, 54.83, 252, 68.48, 4, 13162
29944, 16420, 54.84, 252, 68.48, 4, 13162
29945, 16420, 54.83, 252, 68.48, 4, 13163
29946, 16421, 54.84, 252, 68.48, 4, 13163
29947, 16422, 54.84, 252, 68.48, 4, 13163
29948, 16422, 54.84, 252, 68.48, 4, 13164
29949, 16422, 54.83, 252, 68.48, 4, 13165
29950, 16423, 54.83, 252, 68.48, 4, 13165
29951, 16424, 54.84, 252, 68.48, 4, 13165
29952, 16425, 54.84, 252, 68.48, 4, 13165
29953, 16426, 54.84, 252, 68.48, 4, 13165
29954, 16427, 54.84, 252, 68.48, 4, 13165
29955, 16428, 54.84, 252, 68.48, 4, 13165
29956, 16428, 54.84, 252, 68.48, 4, 13166
29957, 16428, 54.84, 252, 68.48, 4, 13167
29958, 16428, 54.84, 252, 68.48, 4, 13168
29959, 16428, 54.83, 252, 68.48, 4, 13169
29960, 16428, 54.83, 252, 68.48, 4, 13170
29961, 16428, 54.83, 252, 68.48, 4, 13171
29962, 16428, 54.83, 252, 68.48, 4, 13172
29963, 16429, 54.83, 252, 68.48, 4, 13172
29964, 16429, 54.83, 252, 68.48, 4, 13173
29965, 16429, 54.83, 252, 68.48, 4, 13174
29966, 16430, 54.83, 252, 68.48, 4, 13174
29967, 16431, 54.83, 252, 68.48, 4, 13174
29968, 16432, 54.83, 252, 68.48, 4, 13174
29969, 16432, 54.83, 252, 68.48, 4, 13174
29970, 16433, 54.83, 252, 68.48, 4, 13174
29971, 16433, 54.83, 252, 68.48, 4, 13175
29972, 16434, 54.83, 252, 68.48, 4, 13175
29973, 16434, 54.83, 252, 68.48, 4, 13176
29974, 16434, 54.83, 252, 68.48, 4, 13177
29975, 16434, 54.83, 252, 68.48, 4, 13178
29976, 16435, 54.83, 252, 68.48, 4, 13178
29977, 16435, 54.83, 252, 68.48, 4, 13179
29978, 16435, 54.82, 252, 68.48, 4, 13180
29979, 16435, 54.82, 252, 68.48, 4, 13181
29980, 16436, 54.82, 252, 68.48, 4, 13181
29981, 16436, 54.82, 252, 68.48, 4, 13182
29982, 16437, 54.82, 252, 68.48, 4, 13182
29983, 16438, 54.82, 252, 68.48, 4, 13182
29984, 16438, 54.82, 252, 68.48, 4, 13182
29985, 16438, 54.82, 252, 68.48, 4, 13183
29986, 16439, 54.82, 252, 68.48, 4, 13183
29987, 16439, 54.82, 252, 68.48, 4, 13184
29988, 16440, 54.82, 252, 68.48, 4, 13184
29989, 16441, 54.82, 252, 68.48, 4, 13184
29990, 16441, 54.82, 252, 68.48, 4, 13185
29991, 16441, 54.82, 252, 68.48, 4, 13186
29992, 16442, 54.82, 252, 68.48, 4, 13186
29993, 16443, 54.82, 252, 68.48, 4, 13186
29994, 16444, 54.82, 252, 68.48, 4, 13186
29995, 16444, 54.82, 252, 68.48, 4, 13187
29996, 16444, 54.82, 252, 68.48, 4, 13188
29997, 16444, 54.82, 252, 68.48, 4, 13189
29998, 16444, 54.82, 252, 68.48, 4, 13190
29999, 16445, 54.82, 252, 68.48, 4, 13190
30000, 16446, 54.82, 252, 68.48, 4, 13190
30001, 16447, 54.82, 252, 68.48, 4, 13190
30002, 16448, 54.82, 252, 68.48, 4, 13190
30003, 16448, 54.82, 252, 68.48, 4, 13191
30004, 16448, 54.82, 252, 68.48, 4, 13192
30005, 16448, 54.82, 252, 68.48, 4, 13193
30006, 16448, 54.82, 252, 68.48, 4, 13194
30007, 16448, 54.81, 252, 68.48, 4, 13195
30008, 16448, 54.81, 252, 68.48, 4, 13196
30009, 16449, 54.81, 252, 68.48, 4, 13196
30010, 16449, 54.81, 252, 68.48, 4, 13197
30011, 16449, 54.81, 252, 68.48, 4, 13198
30012, 16449, 54.81, 252, 68.48, 4, 13199
30013, 16450, 54.81, 252, 68.48, 4, 13199
30014, 16451, 54.81, 252, 68.48, 4, 13199
30015, 16451, 54.81, 252, 68.48, 4, 13200
30016, 16452, 54.81, 252, 68.48, 4, 13200
30017, 16452, 54.81, 252, 68.48, 4, 13201
30018, 16452, 54.81, 252, 68.48, 4, 13202
30019, 16452, 54.81, 252, 68.48, 4, 13203
30020, 16452, 54.80, 252, 68.48, 4, 13204
30021, 16452, 54.80, 252, 68.48, 4, 13205
30022, 16453, 54.80, 252, 68.48, 4, 13205
30023, 16453, 54.80, 252, 68.48, 4, 13206
30024, 16453, 54.80, 252, 68.48, 4, 13207
30025, 16454, 54.80, 252, 68.48, 4, 13207
30026, 16454, 54.80, 252, 68.48, 4, 13208
30027, 16455, 54.80, 252, 68.48, 4, 13208
30028, 16455, 54.80, 252, 68.48, 4, 13209
30029, 16455, 54.80, 252, 68.48, 4, 13210
30030, 16455, 54.80, 252, 68.48, 4, 13211
30031, 16456, 54.80, 252, 68.48, 4, 13211
30032, 16457, 54.80, 252, 68.48, 4, 13211
30033, 16457, 54.80, 252, 68.48, 4, 13212
30034, 16458, 54.80, 252, 68.48, 4, 13212
30035, 16459, 54.80, 252, 68.48, 4, 13212
30036, 16460, 54.80, 252, 68.48, 4, 13212
30037, 16460, 54.80, 252, 68.48, 4, 13213
30038, 16461, 54.80, 252, 68.48, 4, 13213
30039, 16461, 54.80, 252, 68.48, 4, 13214
30040, 16462, 54.80, 252, 68.48, 4, 13214
30041, 16463, 54.80, 252, 68.48, 4, 13214
30042, 16464, 54.80, 252, 68.48, 4, 13214
30043, 16464, 54.80, 252, 68.48, 4, 13215
30044, 16465, 54.80, 252, 68.48, 4, 13215
30045, 16466, 54.80, 252, 68.48, 4, 13215
30046, 16467, 54.81, 252, 68.48, 4, 13215
30047, 16467, 54.80, 252, 68.48, 4, 13216
30048, 16468, 54.81, 252, 68.48, 4, 13216
30049, 16469, 54.81, 252, 68.48, 4, 13216
30050, 16469, 54.81, 252, 68.48, 4, 13217
30051, 16470, 54.81, 252, 68.48, 4, 13217
30052, 16471, 54.81, 252, 68.48, 4, 13217
30053, 16472, 54.81, 252, 68.48, 4, 13217
30054, 16473, 54.81, 252, 68.48, 4, 13217
30055, 16474, 54.81, 252, 68.48, 4, 13217
30056, 16475, 54.81, 252, 68.48, 4, 13217
30057, 16475, 54.81, 252, 68.48, 4, 13218
30058, 16476, 54.81, 252, 68.48, 4, 13218
30059, 16476, 54.81, 252, 68.48, 4, 13219
30060, 16477, 54.81, 252, 68.48, 4, 13219
30061, 16478, 54.82, 252, 68.48, 4, 13219
30062, 16478, 54.81, 252, 68.48, 4, 13220
30063, 16479, 54.81, 252, 68.48, 4, 13220
30064, 16480, 54.82, 252, 68.48, 4, 13220
30065, 16481, 54.82, 252, 68.48, 4, 13220
30066, 16481, 54.82, 252, 68.48, 4, 13221
30067, 16482, 54.82, 252, 68.48, 4, 13221
30068, 16482, 54.82, 252, 68.48, 4, 13222
30069, 16483, 54.82, 252, 68.48, 4, 13222
30070, 16484, 54.82, 252, 68.48, 4, 13222
30071, 16485, 54.82, 252, 68.48, 4, 13222
30072, 16485, 54.82, 252, 68.48, 4, 13223
30073, 16486, 54.82, 252, 68.48, 4, 13223
30074, 16487, 54.82, 252, 68.48, 4, 13223
30075, 16488, 54.82, 252, 68.48, 4, 13223
30076, 16488, 54.82, 252, 68.48, 4, 13224
30077, 16489, 54.82, 252, 68.48, 4, 13224
30078, 16490, 54.82, 252, 68.48, 4, 13224
30079, 16491, 54.83, 252, 68.48, 4, 13224
30080, 16492, 54.83, 252, 68.48, 4, 13224
30081, 16492, 54.83, 252, 68.48, 4, 13225
30082, 16492, 54.82, 252, 68.48, 4, 13226
30083, 16492, 54.82, 252, 68.48, 4, 13227
30084, 16493, 54.82, 252, 68.48, 4, 13227
30085, 16493, 54.82, 252, 68.48, 4, 13228
30086, 16493, 54.82, 252, 68.48, 4, 13229
30087, 16494, 54.82, 252, 68.48, 4, 13229
30088, 16495, 54.82, 252, 68.48, 4, 13229
30089, 16496, 54.82, 252, 68.48, 4, 13229
30090, 16496, 54.82, 252, 68.48, 4, 13230
30091, 16496, 54.82, 252, 68.48, 4, 13231
30092, 16496, 54.82, 252, 68.48, 4, 13232
30093, 16497, 54.82, 252, 68.48, 4, 13232
30094, 16498, 54.82, 252, 68.48, 4, 13232
30095, 16498, 54.82, 252, 68.48, 4, 13233
30096, 16499, 54.82, 252, 68.48, 4, 13233
30097, 16499, 54.82, 252, 68.48, 4, 13234
30098, 16500, 54.82, 252, 68.48, 4, 13234
30099, 16500, 54.82, 252, 68.48, 4, 13235
30100, 16500, 54.82, 252, 68.48, 4, 13236
30101, 16501, 54.82, 252, 68.48, 4, 13236
30102, 16502, 54.82, 252, 68.48, 4, 13236
30103, 16503, 54.82, 252, 68.48, 4, 13236
30104, 16503, 54.82, 252, 68.48, 4, 13237
30105, 16503, 54.82, 252, 68.48, 4, 13238
30106, 16504, 54.82, 252, 68.48, 4, 13238
30107, 16505, 54.82, 252, 68.48, 4, 13238
30108, 16505, 54.82, 252, 68.48, 4, 13238
30109, 16505, 54.82, 252, 68.48, 4, 13239
30110, 16506, 54.82, 252, 68.48, 4, 13239
30111, 16506, 54.82, 252, 68.48, 4, 13240
30112, 16506, 54.82, 252, 68.48, 4, 13241
30113, 16507, 54.82, 252, 68.48, 4, 13241
30114, 16507, 54.82, 252, 68.48, 4, 13242
30115, 16507, 54.81, 252, 68.48, 4, 13243
30116, 16507, 54.81, 252, 68.48, 4, 13244
30117, 16507, 54.81, 252, 68.48, 4, 13245
30118, 16508, 54.81, 252, 68.48, 4, 13245
30119, 16508, 54.81, 252, 68.48, 4, 13246
30120, 16508, 54.81, 252, 68.48, 4, 13247
30121, 16508, 54.81, 252, 68.48, 4, 13248
30122, 16508, 54.80, 252, 68.48, 4, 13249
30123, 16509, 54.81, 252, 68.48, 4, 13249
30124, 16509, 54.80, 252, 68.48, 4, 13250
30125, 16509, 54.80, 252, 68.48, 4, 13251
30126, 16510, 54.80, 252, 68.48, 4, 13251
30127, 16511, 54.80, 252, 68.48, 4, 13251
30128, 16512, 54.81, 252, 68.48, 4, 13251
30129, 16512, 54.80, 252, 68.48, 4, 13252
30130, 16512, 54.80, 252, 68.48, 4, 13253
30131, 16512, 54.80, 252, 68.48, 4, 13254
30132, 16513, 54.80, 252, 68.48, 4, 13254
30133, 16514, 54.80, 252, 68.48, 4, 13254
30134, 16514, 54.80, 252, 68.48, 4, 13255
30135, 16515, 54.80, 252, 68.48, 4, 13255
30136, 16516, 54.80, 252, 68.48, 4, 13255
30137, 16517, 54.81, 252, 68.48, 4, 13255
30138, 16517, 54.80, 252, 68.48, 4, 13256
30139, 16518, 54.81, 252, 68.48, 4, 13256
30140, 16519, 54.81, 252, 68.48, 4, 13256
30141, 16520, 54.81, 252, 68.48, 4, 13256
30142, 16520, 54.81, 252, 68.48, 4, 13256
30143, 16520, 54.81, 252, 68.48, 4, 13257
30144, 16521, 54.81, 252, 68.48, 4, 13257
30145, 16521, 54.81, 252, 68.48, 4, 13258
30146, 16521, 54.80, 252, 68.48, 4, 13259
30147, 16522, 54.80, 252, 68.48, 4, 13259
30148, 16522, 54.80, 252, 68.48, 4, 13260
30149, 16523, 54.80, 252, 68.48, 4, 13260
30150, 16524, 54.81, 252, 68.48, 4, 13260
30151, 16525, 54.81, 252, 68.48, 4, 13260
30152, 16526, 54.81, 252, 68.48, 4, 13260
30153, 16526, 54.81, 252, 68.48, 4, 13261
30154, 16527, 54.81, 252, 68.48, 4, 13261
30155, 16528, 54.81, 252, 68.48, 4, 13261
30156, 16529, 54.81, 252, 68.48, 4, 13261
30157, 16530, 54.81, 252, 68.48, 4, 13261
30158, 16530, 54.81, 252, 68.48, 4, 13262
30159, 16530, 54.81, 252, 68.48, 4, 13263
30160, 16531, 54.81, 252, 68.48, 4, 13263
30161, 16531, 54.81, 252, 68.48, 4, 13264
30162, 16531, 54.81, 252, 68.48, 4, 13265
30163, 16532, 54.81, 252, 68.48, 4, 13265
30164, 16532, 54.81, 252, 68.48, 4, 13266
30165, 16533, 54.81, 252, 68.48, 4, 13266
30166, 16534, 54.81, 252, 68.48, 4, 13266
30167, 16535, 54.81, 252, 68.48, 4, 13266
30168, 16535, 54.81, 252, 68.48, 4, 13267
30169, 16536, 54.81, 252, 68.48, 4, 13267
30170, 16536, 54.81, 252, 68.48, 4, 13268
30171, 16537, 54.81, 252, 68.48, 4, 13268
30172, 16538, 54.81, 252, 68.48, 4, 13268
30173, 16539, 54.81, 252, 68.48, 4, 13268
30174, 16540, 54.82, 252, 68.48, 4, 13268
30175, 16541, 54.82, 252, 68.48, 4, 13268
30176, 16541, 54.82, 252, 68.48, 4, 13269
30177, 16541, 54.81, 252, 68.48, 4, 13270
30178, 16542, 54.81, 252, 68.48, 4, 13270
30179, 16542, 54.81, 252, 68.48, 4, 13271
30180, 16542, 54.81, 252, 68.48, 4, 13272
30181, 16542, 54.81, 252, 68.48, 4, 13273
30182, 16543, 54.81, 252, 68.48, 4, 13273
30183, 16543, 54.81, 252, 68.48, 4, 13274
30184, 16543, 54.81, 252, 68.48, 4, 13275
30185, 16543, 54.81, 252, 68.48, 4, 13276
30186, 16544, 54.81, 252, 68.48, 4, 13276
30187, 16544, 54.81, 252, 68.48, 4, 13277
30188, 16545, 54.81, 252, 68.48, 4, 13277
30189, 16545, 54.80, 252, 68.48, 4, 13278
30190, 16545, 54.80, 252, 68.48, 4, 13279
30191, 16545, 54.80, 252, 68.48, 4, 13280
30192, 16546, 54.80, 252, 68.48, 4, 13280
30193, 16547, 54.80, 252, 68.48, 4, 13280
30194, 16548, 54.81, 252, 68.48, 4, 13280
30195, 16548, 54.80, 252, 68.48, 4, 13281
30196, 16549, 54.81, 252, 68.48, 4, 13281
30197, 16550, 54.81, 252, 68.48, 4, 13281
30198, 16550, 54.80, 252, 68.48, 4, 13282
30199, 16550, 54.80, 252, 68.48, 4, 13283
30200, 16551, 54.80, 252, 68.48, 4, 13283
30201, 16552, 54.81, 252, 68.48, 4, 13283
30202, 16552, 54.80, 252, 68.48, 4, 13284
30203, 16553, 54.81, 252, 68.48, 4, 13284
30204, 16554, 54.81, 252, 68.48, 4, 13284
30205, 16555, 54.81, 252, 68.48, 4, 13284
30206, 16555, 54.81, 252, 68.48, 4, 13285
30207, 16555, 54.81, 252, 68.48, 4, 13286
30208, 16555, 54.80, 252, 68.48, 4, 13287
30209, 16556, 54.80, 252, 68.48, 4, 13287
30210, 16557, 54.81, 252, 68.48, 4, 13287
30211, 16558, 54.81, 252, 68.48, 4, 13287
30212, 16559, 54.81, 252, 68.48, 4, 13287
30213, 16560, 54.81, 252, 68.48, 4, 13287
30214, 16561, 54.81, 252, 68.48, 4, 13287
30215, 16561, 54.81, 252, 68.48, 4, 13288
30216, 16561, 54.81, 252, 68.48, 4, 13289
30217, 16561, 54.81, 252, 68.48, 4, 13290
30218, 16561, 54.81, 252, 68.48, 4, 13291
30219, 16562, 54.81, 252, 68.48, 4, 13291
30220, 16562, 54.80, 252, 68.48, 4, 13292
30221, 16563, 54.81, 252, 68.48, 4, 13292
30222, 16564, 54.81, 252, 68.48, 4, 13292
30223, 16564, 54.81, 252, 68.48, 4, 13293
30224, 16564, 54.80, 252, 68.48, 4, 13294
30225, 16564, 54.80, 252, 68.48, 4, 13295
30226, 16564, 54.80, 252, 68.48, 4, 13296
30227, 16564, 54.80, 252, 68.48, 4, 13297
30228, 16564, 54.80, 252, 68.48, 4, 13298
30229, 16565, 54.80, 252, 68.48, 4, 13298
30230, 16565, 54.80, 252, 68.48, 4, 13299
30231, 16566, 54.80, 252, 68.48, 4, 13299
30232, 16567, 54.80, 252, 68.48, 4, 13299
30233, 16567, 54.80, 252, 68.48, 4, 13300
30234, 16568, 54.80, 252, 68.48, 4, 13300
30235, 16569, 54.80, 252, 68.48, 4, 13300
30236, 16569, 54.80, 252, 68.48, 4, 13301
30237, 16570, 54.80, 252, 68.48, 4, 13301
30238, 16570, 54.80, 252, 68.48, 4, 13302
30239, 16570, 54.80, 252, 68.48, 4, 13303
30240, 16570, 54.79, 252, 68.48, 4, 13303
30241, 16570, 54.79, 252, 68.48, 4, 13304
30242, 16570, 54.79, 252, 68.48, 4, 13305
30243, 16570, 54.79, 252, 68.48, 4, 13306
30244, 16570, 54.79, 252, 68.48, 4, 13307
30245, 16570, 54.79, 252, 68.48, 4, 13308
30246, 16571, 54.79, 252, 68.48, 4, 13308
30247, 16571, 54.79, 252, 68.48, 4, 13309
30248, 16572, 54.79, 252, 68.48, 4, 13309
30249, 16573, 54.79, 252, 68.48, 4, 13309
30250, 16574, 54.79, 252, 68.48, 4, 13309
30251, 16575, 54.79, 252, 68.48, 4, 13309
30252, 16576, 54.79, 252, 68.48, 4, 13309
30253, 16576, 54.79, 252, 68.48, 4, 13310
30254, 16576, 54.79, 252, 68.48, 4, 13311
30255, 16576, 54.79, 252, 68.48, 4, 13312
30256, 16576, 54.79, 252, 68.48, 4, 13313
30257, 16577, 54.79, 252, 68.48, 4, 13313
30258, 16578, 54.79, 252, 68.48, 4, 13313
30259, 16578, 54.79, 252, 68.48, 4, 13314
30260, 16579, 54.79, 252, 68.48, 4, 13314
30261, 16580, 54.79, 252, 68.48, 4, 13314
30262, 16580, 54.79, 252, 68.48, 4, 13315
30263, 16581, 54.79, 252, 68.48, 4, 13315
30264, 16581, 54.79, 252, 68.48, 4, 13316
30265, 16582, 54.79, 252, 68.48, 4, 13316
30266, 16582, 54.79, 252, 68.48, 4, 13317
30267, 16582, 54.79, 252, 68.48, 4, 13318
30268, 16583, 54.79, 252, 68.48, 4, 13318
30269, 16584, 54.79, 252, 68.48, 4, 13318
30270, 16584, 54.79, 252, 68.48, 4, 13319
30271, 16584, 54.79, 252, 68.48, 4, 13320
30272, 16585, 54.79, 252, 68.48, 4, 13320
30273, 16586, 54.79, 252, 68.48, 4, 13320
30274, 16586, 54.79, 252, 68.48, 4, 13321
30275, 16587, 54.79, 252, 68.48, 4, 13321
30276, 16588, 54.79, 252, 68.48, 4, 13321
30277, 16588, 54.79, 252, 68.48, 4, 13322
30278, 16588, 54.79, 252, 68.48, 4, 13323
30279, 16589, 54.79, 252, 68.48, 4, 13323
30280, 16590, 54.79, 252, 68.48, 4, 13323
30281, 16591, 54.79, 252, 68.48, 4, 13323
30282, 16591, 54.79, 252, 68.48, 4, 13324
30283, 16592, 54.79, 252, 68.48, 4, 13324
30284, 16593, 54.79, 252, 68.48, 4, 13324
30285, 16593, 54.79, 252, 68.48, 4, 13325
30286, 16594, 54.79, 252, 68.48, 4, 13325
30287, 16595, 54.79, 252, 68.48, 4, 13325
30288, 16596, 54.79, 252, 68.48, 4, 13325
30289, 16596, 54.79, 252, 68.48, 4, 13326
30290, 16597, 54.79, 252, 68.48, 4, 13326
30291, 16597, 54.79, 252, 68.48, 4, 13327
30292, 16598, 54.79, 252, 68.48, 4, 13327
30293, 16599, 54.79, 252, 68.48, 4, 13327
30294, 16599, 54.79, 252, 68.48, 4, 13328
30295, 16599, 54.79, 252, 68.48, 4, 13329
30296, 16600, 54.79, 252, 68.48, 4, 13329
30297, 16601, 54.79, 252, 68.48, 4, 13329
30298, 16602, 54.80, 252, 68.48, 4, 13329
30299, 16602, 54.79, 252, 68.48, 4, 13330
30300, 16602, 54.79, 252, 68.48, 4, 13331
30301, 16603, 54.79, 252, 68.48, 4, 13331
30302, 16604, 54.80, 252, 68.48, 4, 13331
30303, 16605, 54.80, 252, 68.48, 4, 13331
30304, 16605, 54.79, 252, 68.48, 4, 13332
30305, 16605, 54.79, 252, 68.48, 4, 13333
30306, 16606, 54.79, 252, 68.48, 4, 13333
30307, 16607, 54.80, 252, 68.48, 4, 13333
30308, 16608, 54.80, 252, 68.48, 4, 13333
30309, 16609, 54.80, 252, 68.48, 4, 13333
30310, 16609, 54.80, 252, 68.48, 4, 13334
30311, 16609, 54.80, 252, 68.48, 4, 13335
30312, 16610, 54.80, 252, 68.48, 4, 13335
30313, 16611, 54.80, 252, 68.48, 4, 13335
30314, 16612, 54.80, 252, 68.48, 4, 13335
30315, 16613, 54.80, 252, 68.48, 4, 13335
30316, 16614, 54.80, 252, 68.48, 4, 13335
30317, 16615, 54.80, 252, 68.48, 4, 13335
30318, 16615, 54.80, 252, 68.48, 4, 13336
30319, 16615, 54.80, 252, 68.48, 4, 13337
30320, 16616, 54.80, 252, 68.48, 4, 13337
30321, 16617, 54.80, 252, 68.48, 4, 13337
30322, 16618, 54.81, 252, 68.48, 4, 13337
30323, 16619, 54.81, 252, 68.48, 4, 13337
30324, 16620, 54.81, 252, 68.48, 4, 13337
30325, 16621, 54.81, 252, 68.48, 4, 13337
30326, 16621, 54.81, 252, 68.48, 4, 13338
30327, 16621, 54.81, 252, 68.48, 4, 13339
30328, 16622, 54.81, 252, 68.48, 4, 13339
30329, 16622, 54.81, 252, 68.48, 4, 13340
30330, 16622, 54.80, 252, 68.48, 4, 13341
30331, 16623, 54.81, 252, 68.48, 4, 13341
30332, 16623, 54.80, 252, 68.48, 4, 13342
30333, 16624, 54.80, 252, 68.48, 4, 13342
30334, 16625, 54.81, 252, 68.48, 4, 13342
30335, 16626, 54.81, 252, 68.48, 4, 13342
30336, 16627, 54.81, 252, 68.48, 4, 13342
30337, 16627, 54.81, 252, 68.48, 4, 13343
30338, 16627, 54.81, 252, 68.48, 4, 13344
30339, 16628, 54.81, 252, 68.48, 4, 13344
30340, 16628, 54.81, 252, 68.48, 4, 13345
30341, 16628, 54.80, 252, 68.48, 4, 13346
30342, 16628, 54.80, 252, 68.48, 4, 13347
30343, 16628, 54.80, 252, 68.48, 4, 13348
30344, 16628, 54.80, 252, 68.48, 4, 13349
30345, 16628, 54.80, 252, 68.48, 4, 13350
30346, 16629, 54.80, 252, 68.48, 4, 13350
30347, 16629, 54.80, 252, 68.48, 4, 13351
30348, 16629, 54.79, 252, 68.48, 4, 13351
30349, 16630, 54.80, 252, 68.48, 4, 13351
30350, 16630, 54.79, 252, 68.48, 4, 13352
30351, 16631, 54.80, 252, 68.48, 4, 13352
30352, 16631, 54.79, 252, 68.48, 4, 13353
30353, 16631, 54.79, 252, 68.48, 4, 13354
30354, 16631, 54.79, 252, 68.48, 4, 13355
30355, 16631, 54.79, 252, 68.48, 4, 13356
30356, 16632, 54.79, 252, 68.48, 4, 13356
30357, 16633, 54.79, 252, 68.48, 4, 13356
30358, 16634, 54.79, 252, 68.48, 4, 13356
30359, 16634, 54.79, 252, 68.48, 4, 13357
30360, 16635, 54.79, 252, 68.48, 4, 13357
30361, 16635, 54.79, 252, 68.48, 4, 13358
30362, 16636, 54.79, 252, 68.48, 4, 13358
30363, 16637, 54.79, 252, 68.48, 4, 13358
30364, 16637, 54.79, 252, 68.48, 4, 13359
30365, 16638, 54.79, 252, 68.48, 4, 13359
30366, 16639, 54.79, 252, 68.48, 4, 13359
30367, 16639, 54.79, 252, 68.48, 4, 13360
30368, 16639, 54.79, 252, 68.48, 4, 13361
30369, 16639, 54.79, 252, 68.48, 4, 13362
30370, 16640, 54.79, 252, 68.48, 4, 13362
30371, 16640, 54.79, 252, 68.48, 4, 13363
30372, 16641, 54.79, 252, 68.48, 4, 13363
30373, 16642, 54.79, 252, 68.48, 4, 13363
30374, 16642, 54.79, 252, 68.48, 4, 13364
30375, 16642, 54.79, 252, 68.48, 4, 13365
30376, 16642, 54.79, 252, 68.48, 4, 13366
30377, 16642, 54.78, 252, 68.48, 4, 13367
30378, 16643, 54.79, 252, 68.48, 4, 13367
30379, 16644, 54.79, 252, 68.48, 4, 13367
30380, 16644, 54.79, 252, 68.48, 4, 13368
30381, 16644, 54.78, 252, 68.48, 4, 13369
30382, 16644, 54.78, 252, 68.48, 4, 13370
30383, 16644, 54.78, 252, 68.48, 4, 13371
30384, 16645, 54.78, 252, 68.48, 4, 13371
30385, 16645, 54.78, 252, 68.48, 4, 13372
30386, 16645, 54.78, 252, 68.48, 4, 13373
30387, 16646, 54.78, 252, 68.48, 4, 13373
30388, 16647, 54.78, 252, 68.48, 4, 13373
30389, 16647, 54.78, 252, 68.48, 4, 13374
30390, 16648, 54.78, 252, 68.48, 4, 13374
30391, 16649, 54.78, 252, 68.48, 4, 13374
30392, 16649, 54.78, 252, 68.48, 4, 13375
30393, 16650, 54.78, 252, 68.48, 4, 13375
30394, 16651, 54.78, 252, 68.48, 4, 13375
30395, 16652, 54.79, 252, 68.48, 4, 13375
30396, 16652, 54.78, 252, 68.48, 4, 13376
30397, 16653, 54.79, 252, 68.48, 4, 13376
30398, 16653, 54.78, 252, 68.48, 4, 13377
30399, 16654, 54.78, 252, 68.48, 4, 13377
30400, 16654, 54.78, 252, 68.48, 4, 13378
30401, 16654, 54.78, 252, 68.48, 4, 13379
30402, 16655, 54.78, 252, 68.48, 4, 13379
30403, 16655, 54.78, 252, 68.48, 4, 13380
30404, 16656, 54.78, 252, 68.48, 4, 13380
30405, 16656, 54.78, 252, 68.48, 4, 13381
30406, 16656, 54.78, 252, 68.48, 4, 13382
30407, 16656, 54.78, 252, 68.48, 4, 13383
30408, 16657, 54.78, 252, 68.48, 4, 13383
30409, 16658, 54.78, 252, 68.48, 4, 13383
30410, 16659, 54.78, 252, 68.48, 4, 13383
30411, 16660, 54.78, 252, 68.48, 4, 13383
30412, 16661, 54.78, 252, 68.48, 4, 13383
30413, 16661, 54.78, 252, 68.48, 4, 13384
30414, 16662, 54.78, 252, 68.48, 4, 13384
30415, 16663, 54.79, 252, 68.48, 4, 13384
30416, 16663, 54.78, 252, 68.48, 4, 13385
30417, 16664, 54.79, 252, 68.48, 4, 13385
30418, 16664, 54.78, 252, 68.48, 4, 13386
30419, 16665, 54.78, 252, 68.48, 4, 13386
30420, 16666, 54.79, 252, 68.48, 4, 13386
30421, 16667, 54.79, 252, 68.48, 4, 13386
30422, 16667, 54.79, 252, 68.48, 4, 13387
30423, 16667, 54.78, 252, 68.48, 4, 13388
30424, 16668, 54.79, 252, 68.48, 4, 13388
30425, 16668, 54.78, 252, 68.48, 4, 13389
30426, 16669, 54.79, 252, 68.48, 4, 13389
30427, 16670, 54.79, 252, 68.48, 4, 13389
30428, 16670, 54.79, 252, 68.48, 4, 13390
30429, 16671, 54.79, 252, 68.48, 4, 13390
30430, 16671, 54.78, 252, 68.48, 4, 13391
30431, 16672, 54.79, 252, 68.48, 4, 13391
30432, 16673, 54.79, 252, 68.48, 4, 13391
30433, 16674, 54.79, 252, 68.48, 4, 13391
30434, 16674, 54.79, 252, 68.48, 4, 13392
30435, 16674, 54.79, 252, 68.48, 4, 13393
30436, 16674, 54.78, 252, 68.48, 4, 13394
30437, 16675, 54.79, 252, 68.48, 4, 13394
30438, 16676, 54.79, 252, 68.48, 4, 13394
30439, 16676, 54.78, 252, 68.48, 4, 13395
30440, 16677, 54.79, 252, 68.48, 4, 13395
30441, 16678, 54.79, 252, 68.48, 4, 13395
30442, 16679, 54.79, 252, 68.48, 4, 13395
30443, 16680, 54.79, 252, 68.48, 4, 13395
30444, 16680, 54.79, 252, 68.48, 4, 13396
30445, 16680, 54.79, 252, 68.48, 4, 13397
30446, 16680, 54.79, 252, 68.48, 4, 13398
30447, 16680, 54.78, 252, 68.48, 4, 13399
30448, 16680, 54.78, 252, 68.48, 4, 13399
30449, 16680, 54.78, 252, 68.48, 4, 13400
30450, 16680, 54.78, 252, 68.48, 4, 13401
30451, 16681, 54.78, 252, 68.48, 4, 13401
30452, 16682, 54.78, 252, 68.48, 4, 13401
30453, 16682, 54.78, 252, 68.48, 4, 13402
30454, 16682, 54.78, 252, 68.48, 4, 13403
30455, 16682, 54.78, 252, 68.48, 4, 13404
30456, 16683, 54.78, 252, 68.48, 4, 13404
30457, 16684, 54.78, 252, 68.48, 4, 13404
30458, 16685, 54.78, 252, 68.48, 4, 13404
30459, 16686, 54.78, 252, 68.48, 4, 13404
30460, 16687, 54.78, 252, 68.48, 4, 13404
30461, 16688, 54.78, 252, 68.48, 4, 13404
30462, 16688, 54.78, 252, 68.48, 4, 13405
30463, 16688, 54.78, 252, 68.48, 4, 13406
30464, 16689, 54.78, 252, 68.48, 4, 13406
30465, 16690, 54.78, 252, 68.48, 4, 13406
30466, 16690, 54.78, 252, 68.48, 4, 13407
30467, 16691, 54.78, 252, 68.48, 4, 13407
30468, 16691, 54.78, 252, 68.48, 4, 13408
